gen	nevals	avg    	min  	max  
0  	25    	83.992 	60   	113.6
1  	25    	94.312 	60.2 	114.6
2  	25    	102.32 	81.8 	124.8
3  	25    	102.856	84.4 	118.8
4  	25    	104.88 	78   	124.8
5  	25    	102.496	75   	121.8
6  	25    	109.344	83.6 	126.8
7  	25    	109.992	88.6 	127.2
8  	25    	111.096	80.4 	130.4
9  	25    	110.176	98.4 	124  
10 	25    	114.184	81   	139.6
11 	25    	112.304	88.2 	126.8
12 	25    	115.856	94.8 	134.6
13 	25    	117.048	82   	142.6
14 	25    	118.912	102.8	129.6
15 	25    	115.616	86   	133.4
16 	25    	122.224	97.8 	149.8
17 	25    	122.952	104.6	142.2
18 	25    	122    	104.8	136.8
19 	25    	120.944	106.8	132.4
20 	25    	124.576	114.4	134.8
21 	25    	121.784	99.8 	135  
22 	25    	122.496	98.4 	132.4
23 	25    	122.408	102.2	139.8
24 	25    	123.064	110.8	138  
25 	25    	124.344	109.6	144  
26 	25    	121.696	105.4	136.2
27 	25    	120.16 	86.4 	138.6
28 	25    	120.592	100.6	135.6
29 	25    	123.232	108.8	135.2
30 	25    	121.432	101.4	137.6
31 	25    	123.464	106.6	133.4
32 	25    	121.168	107.2	136.4
33 	25    	123.536	111.2	139.2
34 	25    	126.488	99.6 	141.8
35 	25    	123.288	108.8	133.8
36 	25    	126.64 	110.4	139.6
37 	25    	123.768	112.6	135  
38 	25    	122.448	87.2 	134.2
39 	25    	122.944	109.6	139.2
40 	25    	124.072	108.6	144.6
41 	25    	122.672	108.6	136.8
42 	25    	126.952	120.2	139.6
43 	25    	122.28 	103.6	134.6
44 	25    	122.936	105.4	137.6
45 	25    	123.576	104.4	144.2
46 	25    	125.432	110.8	142.8
47 	25    	126.648	112.6	136.4
48 	25    	123.672	105.8	142  
49 	25    	126.896	112.8	142.4
50 	25    	125.368	113.4	142.8
51 	25    	121.136	94.4 	135.2
52 	25    	124.728	107.8	141.8
53 	25    	124.24 	103.6	139  
54 	25    	124.008	99.8 	144.4
55 	25    	120.208	93.4 	133.4
56 	25    	123.6  	103.6	138.2
57 	25    	124.912	91.4 	135.2
58 	25    	122.696	105.4	138.8
59 	25    	128.576	107  	143.8
60 	25    	123.52 	104.6	138.6
61 	25    	124.928	103  	141.6
62 	25    	125.192	113  	133.8
63 	25    	125.032	114.2	133.6
64 	25    	121.728	100.2	135.2
65 	25    	125.056	100.6	144.2
66 	25    	123.736	111.4	137.2
67 	25    	122.696	94.6 	134.8
68 	25    	126.16 	110.2	136  
69 	25    	121.152	109.2	139.8
70 	25    	124.032	110.8	137.2
71 	25    	123.64 	109.2	142.4
72 	25    	120.672	107.6	139.6
73 	25    	124.448	100.2	139.4
74 	25    	126.048	109.4	144.8
75 	25    	125.328	111.8	138.8
76 	25    	125.256	103.6	142.6
77 	25    	123.832	93.4 	142.4
78 	25    	127.008	112.6	140.6
79 	25    	125.2  	106.6	138.8
80 	25    	125.12 	111.6	136  
81 	25    	127.432	111  	143.6
82 	25    	121.592	86   	147.4
83 	25    	126.856	110.2	146.8
84 	25    	125.032	99.2 	141.6
85 	25    	125.296	109.2	136  
86 	25    	126.616	113  	143.2
87 	25    	121.52 	97.6 	135.4
88 	25    	126.952	110.8	146.6
89 	25    	125.488	91.8 	138.4
90 	25    	124.16 	105.2	135.8
91 	25    	125.888	110.4	141.8
92 	25    	127.464	116.6	146.6
93 	25    	126.616	116.4	139.8
94 	25    	125.008	110.4	142.6
95 	25    	123.84 	113.4	139.2
96 	25    	125.696	109.4	141  
97 	25    	123.232	106.8	141  
98 	25    	125.072	106  	140.4
99 	25    	123.784	107.2	140.6
100	25    	127.192	114.8	141.8
101	25    	127.696	114.8	141.6
102	25    	127.216	112.4	145.8
103	25    	125.816	109.8	143.4
104	25    	126.784	114.8	141.4
105	25    	122.984	105.4	139.2
106	25    	123.544	110.2	134.8
107	25    	126.544	111  	141.2
108	25    	128.152	114.6	140  
109	25    	122.112	109.6	139.8
110	25    	121.192	96.8 	135.4
111	25    	122.984	105.8	135  
112	25    	123.784	83.8 	140.2
113	25    	122.624	96.6 	141  
114	25    	126.16 	114.8	138.2
115	25    	125.792	110.8	142.6
116	25    	124.664	110  	137.2
117	25    	123.992	107  	139.4
118	25    	128.056	113.8	144.2
119	25    	122.84 	111.6	134.2
120	25    	124.52 	105.6	145.8
121	25    	121.92 	107.2	134  
122	25    	123.656	104  	134.6
123	25    	122.52 	105  	134.4
124	25    	121.544	106.4	138.6
125	25    	123.624	103.2	138.8
126	25    	120.792	103.8	133  
127	25    	122.224	105.4	138  
128	25    	118.392	98.4 	135.2
129	25    	122.368	98.4 	132.4
130	25    	124.48 	92.6 	134.8
131	25    	120.016	97.2 	140  
132	25    	121.528	110  	144  
133	25    	126.144	112.6	141.4
134	25    	123.024	107  	138.2
135	25    	124.072	109.8	138.4
136	25    	125.2  	109  	139.2
137	25    	122.944	108  	134.6
138	25    	125.088	110.8	143.2
139	25    	124.84 	108.4	138.4
140	25    	121.648	96.4 	130.4
141	25    	124.032	104.6	144.4
142	25    	123.192	107.6	142.6
143	25    	121.568	102.8	134.2
144	25    	123.824	107.2	137.8
145	25    	124.28 	111.6	136  
146	25    	127.696	117.4	141.6
147	25    	121.8  	103.4	138  
148	25    	123.864	101.4	137  
149	25    	122.512	103.2	135.8
150	25    	125.944	104.4	144.8
151	25    	124.488	113  	134  
152	25    	123.664	112.6	137.2
153	25    	125.096	99.6 	137.4
154	25    	124.344	109.2	142  
155	25    	125.584	102.4	141  
156	25    	125.744	104  	138.6
157	25    	126.576	108.2	144.4
158	25    	123.112	110.2	137.2
159	25    	125.424	112.2	146.6
160	25    	124.52 	110.2	141.8
161	25    	122.696	107.4	142.8
162	25    	125.272	111  	138.8
163	25    	124.392	104  	142.6
164	25    	122.64 	107.6	145.4
165	25    	124.432	107.6	140.8
166	25    	127.168	110.8	141.2
167	25    	124.832	98.8 	140.4
168	25    	124.872	112.4	137  
169	25    	125.208	105.8	141.4
170	25    	123.288	108.4	143.8
171	25    	124.536	103.4	139.4
172	25    	129.024	116.2	149.2
173	25    	125.888	113.4	140.2
174	25    	126.816	114.2	140.6
175	25    	125.304	107  	138.8
176	25    	125.52 	115.2	139  
177	25    	127.048	108.2	136.6
178	25    	126.576	117.6	138.4
179	25    	121.248	108.4	134  
180	25    	123.896	105.6	136.4
181	25    	124.264	110  	134.2
182	25    	126.384	113.6	141.4
183	25    	125.904	108.6	138.8
184	25    	126.832	113.8	140  
185	25    	125.52 	103.2	147.4
186	25    	126.592	113.4	140  
187	25    	124.688	102.4	140.2
188	25    	126.28 	102.4	138.8
189	25    	126.84 	101.2	147.4
190	25    	125.176	115.4	136.6
191	25    	126.552	112.6	146.6
192	25    	125.632	110.2	152.6
193	25    	126.832	116.2	141.6
194	25    	122.664	100.2	141.2
195	25    	123.72 	100.2	133.8
196	25    	129.776	115.2	147.4
197	25    	128.024	107.4	143  
198	25    	125.048	111.8	139.4
199	25    	124.992	112.4	139.6
200	25    	125.368	112.2	136.6
201	25    	123.328	114.8	154.6
202	25    	121.16 	105.6	133.8
203	25    	126.824	109.8	140.6
204	25    	124.168	108.8	143.4
205	25    	128.464	112.4	137  
206	25    	127.288	111.2	141.2
207	25    	125.064	116.2	140.4
208	25    	125.192	111.8	145.6
209	25    	124.528	114  	134.6
210	25    	129.424	112.6	149.8
211	25    	130.064	121.2	147  
212	25    	127.848	109.6	145.6
213	25    	127.464	117.2	144.2
214	25    	126.112	108.6	141.2
215	25    	127.184	116.2	138.8
216	25    	127.944	122  	136.6
217	25    	125.52 	113.2	136.2
218	25    	124.296	105.4	135  
219	25    	124.84 	113.8	140  
220	25    	129.008	116.2	145.6
221	25    	127.632	112.2	149  
222	25    	127.36 	111.4	146  
223	25    	129.864	111.2	148.2
224	25    	126.568	107.2	151.2
225	25    	126.04 	99.8 	144.4
226	25    	129.216	113  	138.8
227	25    	127.128	112.2	140  
228	25    	127.208	114.4	151.4
229	25    	127.848	112.8	146  
230	25    	130.448	111.6	150.6
231	25    	128.288	110.8	152.8
232	25    	127.592	106.4	145.2
233	25    	126.2  	115.6	144.4
234	25    	125.976	112.6	149.4
235	25    	126.664	114.2	137.2
236	25    	125.224	111.8	145  
237	25    	129.032	111  	150.8
238	25    	128.848	117.6	140.2
239	25    	127.664	114.4	140.8
240	25    	127.04 	114.4	138.6
241	25    	128.016	105  	147.4
242	25    	131.648	119.2	142.8
243	25    	127.472	114  	138.2
244	25    	126.688	100.6	141  
245	25    	127.648	109.6	135  
246	25    	128.72 	113.4	141.6
247	25    	124.864	98.2 	143.4
248	25    	126.256	113  	139.4
249	25    	124.24 	104.4	141  
250	25    	128.296	111  	139  
251	25    	124.72 	111.4	134.6
252	25    	124.976	98.6 	146  
253	25    	124.72 	114  	142.8
254	25    	128.776	111.2	142.4
255	25    	128.216	116.6	142.4
256	25    	127.616	115.6	139.2
257	25    	126.912	113.6	144.2
258	25    	126.752	106.6	144.6
259	25    	124.24 	112  	138  
260	25    	125.672	109  	136.8
261	25    	125.592	107.4	138.6
262	25    	125.608	111.2	142.8
263	25    	124.44 	115.4	144.6
264	25    	127.088	113.8	137.2
265	25    	127.112	116  	149.4
266	25    	127.024	113.4	143.2
267	25    	124.008	105.4	133.6
268	25    	125.48 	105.8	140.4
269	25    	126.224	109  	142.2
270	25    	123.944	109.6	139.2
271	25    	126.608	109  	143.2
272	25    	123.824	105.2	139.2
273	25    	125.488	109  	139.4
274	25    	127.456	102.4	150  
275	25    	126.68 	105.2	146.8
276	25    	126.808	117.2	135.8
277	25    	121.376	96.6 	132.2
278	25    	126.872	109.2	139.8
279	25    	123.304	105.8	140.6
280	25    	126.224	112  	141  
281	25    	123.032	108.6	136.2
282	25    	124.44 	112.6	135.4
283	25    	126.64 	109.4	146.4
284	25    	125.96 	113.6	137.4
285	25    	122.72 	108.2	136  
286	25    	127.784	114  	141  
287	25    	124.552	108.6	137.4
288	25    	123.744	103.4	140.6
289	25    	126.744	108.6	141.4
290	25    	127.232	101.4	141.6
291	25    	126.344	108.2	149.2
292	25    	125.536	111.2	137.8
293	25    	126.84 	111.8	136.8
294	25    	123.64 	106.4	137.2
295	25    	126.928	96.4 	148.2
296	25    	128.376	115.2	146.8
297	25    	125.312	107.4	141.8
298	25    	123.224	100.6	139.6
299	25    	123.072	104  	134.8
300	25    	127.144	109.6	148  
301	25    	121.248	102  	135  
302	25    	124.568	101.4	138.6
303	25    	126.624	117  	139.4
304	25    	125.408	87.4 	142  
305	25    	123.608	107  	135.2
306	25    	124.784	105.4	146.4
307	25    	124.424	108.8	136  
308	25    	124.88 	111.6	142.4
309	25    	126.88 	112.2	143.4
310	25    	125.664	115  	134.6
311	25    	124.344	112.2	135  
312	25    	127.184	101.8	139.2
313	25    	127.984	113.8	141.4
314	25    	125.112	102.8	138.6
315	25    	126.808	116  	145.8
316	25    	126.176	108.6	140.6
317	25    	124.576	104.6	138.2
318	25    	125.976	112.8	144.4
319	25    	126.136	110.2	144.2
320	25    	125.8  	80.6 	139  