gen 	nevals	avg    	min   	max   
1   	25    	1359.6 	667.6 	2378  
2   	25    	1518.34	768   	2220.4
3   	25    	1596.08	858   	2993.2
4   	25    	1841.44	949.2 	2601.2
5   	25    	2197.02	1176.8	3352.8
6   	25    	2131.07	1375.6	2932  
7   	25    	2166.1 	1843.6	2844.4
8   	25    	2311.52	1664.4	3140  
9   	25    	2411.68	1366.8	3378  
10  	25    	2447.2 	1758.4	3730.4
11  	25    	2373.39	1531.6	3494  
12  	25    	2583.04	1678.4	3944  
13  	25    	2555.38	1676  	3295.2
14  	25    	2405.47	1368.4	3417.6
15  	25    	2516.75	1764  	4148  
16  	25    	2519.01	1623.6	3479.2
17  	25    	2858.93	1817.6	4013.2
18  	25    	2581.52	1480.8	3732.8
19  	25    	2711.95	1664.4	4343.6
20  	25    	2789.3 	1410.4	4475.6
21  	25    	2704.3 	1469.2	3612.4
22  	25    	2562.26	1578.4	3459.6
23  	25    	2607.2 	1285.6	3558.8
24  	25    	2913.22	1488.4	3918  
25  	25    	2614.69	1368.8	4663.6
26  	25    	2617.73	1488  	3877.2
27  	25    	2608.82	1477.6	3471.6
28  	25    	2739.49	1673.6	3923.2
29  	25    	2705.06	2050.8	3580.4
30  	25    	2768.69	1755.6	4346.8
31  	25    	2849.04	1836.8	3577.6
32  	25    	3115.14	1864  	4231.2
33  	25    	3086.26	1999.6	4674.4
34  	25    	3039.1 	2275.6	4146  
35  	25    	2869.33	2018  	3821.2
36  	25    	3103.73	1870  	4798.8
37  	25    	3016.93	1628.4	4867.6
38  	25    	2718.66	2016.8	3668.4
39  	25    	2755.41	2019.6	3930.4
40  	25    	2661.81	1656.8	3616  
41  	25    	2813.71	1843.6	3947.6
42  	25    	3045.95	1844.4	4555.2
43  	25    	3008.85	1953.2	3905.6
44  	25    	3027.63	1388  	4422.4
45  	25    	2795.14	2081.6	4480.4
46  	25    	3185.31	2273.6	4892.8
47  	25    	3102.69	2147.6	4236.8
48  	25    	3134.32	1871.2	4207.6
49  	25    	2854.8 	2056.4	3952  
50  	25    	3051.97	2054.8	4082.8
51  	25    	3130.83	2046.4	4318  
52  	25    	2771.79	2108  	4403.2
53  	25    	3153.18	2314  	4151.6
54  	25    	3106.69	2138.4	5095.2
55  	25    	3203.22	2086.8	5101.6
56  	25    	3122.43	1982.8	4198.8
57  	25    	2980.53	2092.8	4346.4
58  	25    	2922.51	2148.8	3916  
59  	25    	2897.66	1938  	4209.2
60  	25    	2982.88	1754  	4341.2
61  	25    	3051.36	2112  	4157.6
62  	25    	2938.3 	2167.6	3892.4
63  	25    	3142.78	2059.2	4064  
64  	25    	3157.2 	2493.2	4348  
65  	25    	2942.93	2039.6	3959.6
66  	25    	3142.58	2242.8	4180.8
67  	25    	3362.85	2359.6	5013.2
68  	25    	3135.79	1917.2	4589.2
69  	25    	3296.56	2542.4	4191.2
70  	25    	3240.3 	1883.6	3996.8
71  	25    	3246.43	1988.8	4523.6
72  	25    	3294   	1924.4	5393.6
73  	25    	3268.21	2239.6	4718.8
74  	25    	3378.42	2294  	4646  
75  	25    	3298.21	2038.8	4335.2
76  	25    	3150   	1935.2	4441.2
77  	25    	3427.04	2124  	4987.2
78  	25    	3303.42	2244.4	4564.8
79  	25    	3509.55	2849.2	4633.6
80  	25    	3243.84	1966.8	5011.2
81  	25    	3203.86	2388  	5189.6
82  	25    	3149.6 	2038  	4369.2
83  	25    	3275.07	2015.6	4694  
84  	25    	3100.34	1991.6	4488.8
85  	25    	3386.54	2202.8	4294.4
86  	25    	3329.52	2080  	4236.4
87  	25    	3118.82	2367.2	4797.2
88  	25    	3433.12	1976  	4705.2
89  	25    	3443.97	2094  	4648.8
90  	25    	3434.06	2146.8	5604  
91  	25    	3293.04	2250.8	4957.6
92  	25    	3688.53	2758.4	5426.8
93  	25    	3356.74	2496.4	4508.8
94  	25    	3166.7 	2277.6	4050.4
95  	25    	3223.66	1965.2	4839.6
96  	25    	3042.08	2068.4	4139.6
97  	25    	3211.79	2107.6	4693.6
98  	25    	3270.69	2380.8	4574.4
99  	25    	3233.12	1959.6	4784.4
100 	25    	3230.99	2260.4	4126  
101 	25    	3131.06	2084.8	4390.8
102 	25    	3172.1 	2116.4	4187.6
103 	25    	3122.74	1775.6	4712  
104 	25    	3260.96	2489.6	4397.2
105 	25    	3529.58	2604.4	5204.4
106 	25    	3300.22	2292  	4708.8
107 	25    	3396.02	2261.6	4462  
108 	25    	3294.14	2305.2	4554  
109 	25    	3569.31	2884  	4907.2
110 	25    	3277.62	2399.2	4505.6
111 	25    	3437.3 	2239.6	5048.4
112 	25    	3354.21	1963.2	5173.6
113 	25    	3492.94	2704  	4442.4
114 	25    	3301.17	1475.2	4144.4
115 	25    	3359.86	2445.6	4944.8
116 	25    	3126.21	2180.8	4391.6
117 	25    	3523.42	2370.4	4542.8
118 	25    	3463.49	2159.6	4691.2
119 	25    	3510.94	1947.2	5011.6
120 	25    	2968.46	1893.2	4198.4
121 	25    	3387.28	2466  	5220  
122 	25    	3338.08	2236.8	4362.8
123 	25    	3280.45	2444  	4610.4
124 	25    	3243.07	2197.6	4594.4
125 	25    	3216.93	2355.2	4520  
126 	25    	3254.38	2421.6	4686  
127 	25    	3241.41	2253.6	4259.2
128 	25    	3310.56	2179.2	5183.2
129 	25    	3251.62	2336.8	4678  
130 	25    	2995.18	2181.6	4020.4
131 	25    	2945.68	1982.8	4535.6
132 	25    	3171.52	2202.8	3963.2
133 	25    	3144.02	1878.8	4314  
134 	25    	3267.49	2335.6	4562.4
135 	25    	3133.38	1966  	4342.4
136 	25    	3102.48	2042.8	4914  
137 	25    	3085.76	1628.8	4233.6
138 	25    	3219.62	2352.4	4599.6
139 	25    	3051.14	2165.2	4048.8
140 	25    	3412.29	1767.2	5146  
141 	25    	3122   	2527.6	3930  
142 	25    	3207.2 	2358.4	4658.4
143 	25    	3168.32	2147.6	4364.4
144 	25    	3451.86	2012  	4469.6
145 	25    	3367.3 	2466.4	4810.8
146 	25    	3351.86	2441.2	5224.8
147 	25    	3577.58	2492.8	4615.2
148 	25    	3209.47	2508.8	3791.2
149 	25    	3241.36	1979.6	4094.8
150 	25    	3143.28	2319.2	4847.2
151 	25    	3333.15	2231.6	4487.2
152 	25    	3194.14	2204.8	4396.8
153 	25    	3168.53	2083.6	5790.8
154 	25    	3376.86	1748  	4348  
155 	25    	3224.26	1943.6	4443.2
156 	25    	3192.13	2256.8	4955.6
157 	25    	3211.25	1835.6	4914.8
158 	25    	3213.49	1956.4	4338.4
159 	25    	3184.56	1873.2	4487.6
160 	25    	3314.5 	2377.6	3994.4
161 	25    	3190.93	2016.8	4528  
162 	25    	3445.94	1798.8	4432.4
163 	25    	3456.75	2399.2	4498  
164 	25    	3281.84	1930.8	4726  
165 	25    	3270.11	2164  	4723.6
166 	25    	3404.91	2250.8	4674  
167 	25    	3276.83	2047.6	4435.2
168 	25    	3288.38	2476.4	4020.8
169 	25    	3212.46	1965.6	4590.4
170 	25    	3365.18	2457.2	4396.4
171 	25    	3248.56	2078.8	4331.2
172 	25    	3420.69	1773.2	4750  
173 	25    	3118.74	1981.6	4832  
174 	25    	3317.12	2271.2	4646  
175 	25    	3184.43	2324  	4272.4
176 	25    	3583.07	2140.4	4651.6
177 	25    	3335.95	2385.6	4092  
178 	25    	3477.46	2563.6	4615.2
179 	25    	3236.67	1618.4	4246.4
180 	25    	3380.22	2248.8	4809.6
181 	25    	3276.77	2276  	4411.2
182 	25    	3351.73	2584  	4852.8
183 	25    	3322.27	2172  	4267.2
184 	25    	3086.35	2348.4	3988.8
185 	25    	3240.58	2187.2	4722.4
186 	25    	3241.06	1759.2	4607.6
187 	25    	3418.29	2555.2	4790  
188 	25    	3263.38	2172.8	5658.4
189 	25    	3352.82	2338.4	4893.2
190 	25    	3484.34	2675.2	4901.6
191 	25    	3506.9 	2184  	5288  
192 	25    	3175.68	2229.6	4749.6
193 	25    	3431.7 	2656.4	4894  
194 	25    	3593.02	2154.4	4739.6
195 	25    	3259.65	2207.6	4678  
196 	25    	3445.1 	2314.8	4764  
197 	25    	3480.54	2424  	5475.2
198 	25    	3417.26	2396.8	4697.2
199 	25    	3204.16	2280  	4814.8
200 	25    	3093.41	2495.6	4027.2
201 	25    	3207.2 	2250.8	4290.8
202 	25    	3300.03	2300.8	4810.4
203 	25    	3605.92	2635.2	4864.8
204 	25    	3270.61	2096.8	4122.8
205 	25    	3370.5 	2540.4	4527.6
206 	25    	3154.1 	2124  	4290  
207 	25    	3192.69	2290  	4093.2
208 	25    	2923.33	1842.8	3943.6
209 	25    	3245.49	2031.6	4278.4
210 	25    	3393.58	2396.4	4452.4
211 	25    	3420.77	2240  	4444.4
212 	25    	3390.29	2309.6	4474.4
213 	25    	3168.4 	2310  	4418.4
214 	25    	3453.78	2698.4	5613.2
215 	25    	3224.06	2444.4	4342.8
216 	25    	3089.65	1800.8	4396.8
217 	25    	3297.36	2307.2	4266  
218 	25    	3600.19	2574  	4714  
219 	25    	3311.98	2364.4	4352.8
220 	25    	3388.54	2202.8	4628.4
221 	25    	3433.68	2028.4	5138.8
222 	25    	3445.6 	2291.6	5298.8
223 	25    	3242.24	2378.8	4535.2
224 	25    	3452.67	1664  	5310  
225 	25    	3545.7 	2458.4	4550.8
226 	25    	3482   	2181.2	4795.2
227 	25    	3456.37	2503.6	4874.4
228 	25    	3311.74	2476.8	4458.8
229 	25    	3441.71	2607.2	5310.8
230 	25    	3544.72	2457.2	4535.6
231 	25    	3433.15	2359.6	4742.4
232 	25    	3267.49	1762.8	4370.8
233 	25    	3442.45	2378.8	5124.8
234 	25    	3305.71	2078  	4800  
235 	25    	3599.58	2449.6	4992.4
236 	25    	3579.46	2589.6	4736.4
237 	25    	3533.82	2328.4	5433.2
238 	25    	3620.93	2508  	4925.2
239 	25    	3562.59	1795.2	5064.8
240 	25    	3501.06	2013.6	4644.4
241 	25    	3614.27	2700.8	4348  
242 	25    	3435.62	2465.2	4463.6
243 	25    	3392.02	2473.6	4333.6
244 	25    	3557.95	2251.6	4995.2
245 	25    	3487.89	2352.8	4442.8
246 	25    	3573.98	2500.8	4722  
247 	25    	3275.42	1892.8	4590  
248 	25    	3418.99	2290.4	4850.8
249 	25    	3396.51	2397.2	4495.2
250 	25    	3346.48	2059.6	4378  
251 	25    	3569.66	2544  	5336  
252 	25    	3491.82	2135.2	4886.8
253 	25    	3477.07	2588.8	4622.4
254 	25    	3326.54	2356.4	4458.4
255 	25    	3789.04	2728.4	6199.2
256 	25    	3524.67	2428.4	4307.6
257 	25    	3518.27	2280.4	4492.4
258 	25    	3351.73	2300.8	4308.4
259 	25    	3361.17	2221.2	5046  
260 	25    	3568.38	2184  	4874.4
261 	25    	3646.94	2413.6	4437.6
262 	25    	3433.86	2336.8	4696.8
263 	25    	3557.09	2206.8	5271.2
264 	25    	3580.42	2790.8	4512.4
265 	25    	3683.65	2537.6	4941.2
266 	25    	3750.67	2267.2	6500  
267 	25    	3720.34	2821.6	4534.4
268 	25    	3502.56	2281.6	4764.8
269 	25    	3557.5 	1863.2	4904.8
270 	25    	3349.26	2483.6	4510  
271 	25    	3404.77	2178.4	4844.8
272 	25    	3597.42	1905.6	4874.8
273 	25    	3395.95	2529.6	4602  
274 	25    	3512.93	2230  	4998  
275 	25    	3526.51	2250.8	4540  
276 	25    	3810.42	2846.4	4863.6
277 	25    	3217.98	1944.4	4592  
278 	25    	3312.66	2178.8	5095.2
279 	25    	3416.43	2279.6	4619.6
280 	25    	3564.34	2496  	5394.4
281 	25    	3429.98	2196.8	5268.8
282 	25    	3553.41	2643.2	4552  
283 	25    	3623.95	2609.2	4939.6
284 	25    	3476.03	2431.6	4598  
285 	25    	3558.24	2486.8	5536.8
286 	25    	3414.34	2419.6	4862  
287 	25    	3734.83	2659.6	4944.8
288 	25    	3657.26	2224  	5268.4
289 	25    	3417.26	2408.4	4660.4
290 	25    	3597.28	1973.6	4625.2
291 	25    	3702.86	2362.8	5432.8
292 	25    	3548.69	2222.4	5153.2
293 	25    	3572.94	2454  	4695.2
294 	25    	3396.85	2333.6	4781.2
295 	25    	3534.51	2592.8	4623.6
296 	25    	3647.34	2578.4	5242  
297 	25    	3475.81	2452  	5413.2
298 	25    	3444.64	2164.4	5346  
299 	25    	3533.62	2306  	4777.6
300 	25    	3551.14	2362  	4667.6
301 	25    	3325.55	2415.2	4882.8
302 	25    	3699.18	2348  	5454.4
303 	25    	3459.66	2539.6	4861.6
304 	25    	3337.33	2424.4	4532.4
305 	25    	3400.94	1840.4	4497.6
306 	25    	3245.6 	2044.4	3933.6
307 	25    	3395.41	2159.2	4568  
308 	25    	3581.23	2429.2	4668.4
309 	25    	3509.82	2290.4	5626.4
310 	25    	3466.99	2524  	4744.8
311 	25    	3379.44	2179.6	4847.6
312 	25    	3566.85	2460.8	4456  
313 	25    	3582.66	2513.6	4472.4
314 	25    	3180.45	1795.2	4349.2
315 	25    	3424.91	2441.6	4200  
316 	25    	3468.11	2062.4	4412  
317 	25    	3214.43	2202.4	4396.8
318 	25    	3701.02	2430.4	4711.6
319 	25    	3313.42	2438.4	5076.4
320 	25    	3304.53	1932.8	4750.4
321 	25    	3484.16	2360.8	4822.8
322 	25    	3584.1 	2794  	5012.8
323 	25    	3324.37	2574  	4364.4
324 	25    	3362.64	2018  	4735.6
325 	25    	3254.27	2262.4	4454.4
326 	25    	3593.52	2736.8	4371.6
327 	25    	3445.26	2295.6	4426  
328 	25    	3400.61	2313.6	4254.8
329 	25    	3506.96	2618.8	4264.8
330 	25    	3517.63	2084.8	4777.2
331 	25    	3491.38	2216  	4560.4
332 	25    	3479.89	2446.4	5052.8
333 	25    	3414.56	2507.6	6123.6
334 	25    	3579.86	2458.4	4383.6
335 	25    	3205.84	2497.6	3990  
336 	25    	3312.22	2526  	4998.4
337 	25    	3273.36	2127.6	4418.8
338 	25    	3588.91	2189.2	6327.6
339 	25    	3299.12	2526.8	4292  
340 	25    	3609.44	2279.2	4828.4
341 	25    	3376.82	2269.2	4571.6
342 	25    	3259.78	2428.4	4473.6
343 	25    	3312.78	2191.6	4376.4
344 	25    	3270.59	2163.2	4030.8
345 	25    	3349.86	2462  	4119.2
346 	25    	3317.54	2060  	4656.8
347 	25    	3353.25	2304  	4920  
348 	25    	3489.94	2723.2	4958  
349 	25    	3284.99	2178  	4387.6
350 	25    	3077.12	2084  	4188  
351 	25    	3433.81	2381.2	4922.8
352 	25    	3175.95	2354.8	4375.6
353 	25    	3179.14	2138.8	4473.6
354 	25    	3477.86	2544  	4750.4
355 	25    	3462   	2590.4	5296  
356 	25    	3374.62	1855.2	4550  
357 	25    	3478.1 	2375.2	5200  
358 	25    	3244.56	2325.6	4386.4
359 	25    	3495.1 	2448.4	4756  
360 	25    	3329.9 	2348.8	5062.8
361 	25    	3451.68	2373.6	4462.8
362 	25    	3553.34	2673.2	4526.4
363 	25    	3199.66	1839.2	4813.2
364 	25    	3521.5 	2348  	5718.8
365 	25    	3530.3 	2320.8	4700.4
366 	25    	3268.19	2468.4	4160.4
367 	25    	3275.76	2564.8	4441.6
368 	25    	3506.85	2355.2	4606.8
369 	25    	3265.07	2170.4	4090.8
370 	25    	3442.4 	2565.6	4670.8
371 	25    	3350   	2606.4	5164.8
372 	25    	3554.69	2383.6	4839.2
373 	25    	3392.83	1842.8	4870.4
374 	25    	3469.76	2612.8	4409.6
375 	25    	3595.49	2436.8	4617.6
376 	25    	3484.02	2736  	5260.8
377 	25    	3456.45	2521.2	4798.4
378 	25    	3701.44	2284.8	5365.6
379 	25    	3502.46	2498  	5603.6
380 	25    	3825.02	2658.4	5152.8
381 	25    	3346.16	2372.4	4169.2
382 	25    	3258.08	1686.8	4366.4
383 	25    	3564.32	2500.4	5034.8
384 	25    	3516.78	2693.6	4916.8
385 	25    	3290.56	2560  	4797.6
386 	25    	3378.46	2244.8	4449.2
387 	25    	3311.22	2082.4	4912.4
388 	25    	3355.62	2430  	4598.4
389 	25    	3487.36	2505.6	4768  
390 	25    	3665.17	2476.4	4872.4
391 	25    	3460.58	2178.8	5056  
392 	25    	3582.88	2390.8	5776.8
393 	25    	3609.41	2210  	4365.2
394 	25    	3444.46	2362.8	4124.8
395 	25    	3849.12	2562.4	4974  
396 	25    	3548.99	2743.2	4415.2
397 	25    	3496   	2268  	4822.4
398 	25    	3727.28	2386.8	4872  
399 	25    	3620.59	2542.4	4340  
400 	25    	3468.99	2126  	4502.4
401 	25    	3541.55	2566  	4439.6
402 	25    	3791.87	2150.4	5087.6
403 	25    	3429.98	2174.8	4708  
404 	25    	3471.39	2654  	5392.8
405 	25    	3448.93	2160.8	4651.2
406 	25    	3412.18	2007.2	4544.4
407 	25    	3676.67	2809.6	4755.2
408 	25    	3740.7 	2603.2	4860  
409 	25    	3544.86	1979.2	4824.8
410 	25    	3554.91	2612.4	5238.8
411 	25    	3604.1 	2467.6	4642.8
412 	25    	3661.74	2270.8	5638.8
413 	25    	3527.44	2598  	4456.8
414 	25    	3476.54	2456.8	5080.4
415 	25    	3525.31	2358.8	5038.4
416 	25    	3567.79	2431.2	5194.4
417 	25    	3618.18	2589.2	5104.8
418 	25    	3884.11	2469.2	5814  
419 	25    	3525.98	2337.2	5382.4
420 	25    	3790.64	2717.2	5318  
421 	25    	3847.25	2399.6	5187.6
422 	25    	3394.67	2180.4	4820.8
423 	25    	3715.12	2757.2	4779.2
424 	25    	3938.03	2504  	5631.2
425 	25    	3621.04	2406.8	4762.8
426 	25    	3517.71	2732.8	4534  
427 	25    	3820.24	2390  	5128  
428 	25    	3431.57	2402.4	4734.8
429 	25    	3688.16	2824  	4540.8
430 	25    	3877.58	2273.6	5396.8
431 	25    	3722.3 	2249.6	5396  
432 	25    	3930.54	1984  	5628  
433 	25    	3623.39	2586  	5099.2
434 	25    	3712.77	2306  	4764  
435 	25    	3708.13	2348.8	5259.6
436 	25    	3984.02	2464.8	5247.6
437 	25    	3644.94	2542.4	5296  
438 	25    	3700.18	2424.4	5723.6
439 	25    	3667.6 	2222.8	4644.4
440 	25    	3544.46	2574.8	5071.2
441 	25    	3896.66	3201.2	5444.4
442 	25    	3774.4 	2623.2	4955.2
443 	25    	3602.03	2497.6	4619.6
444 	25    	3656.77	2683.6	4682.8
445 	25    	3666.85	2884  	6044.4
446 	25    	3704.66	2867.2	5078  
447 	25    	3782.99	2898  	5189.6
448 	25    	3870.75	2847.2	4748  
449 	25    	3701.78	2629.2	5674  
450 	25    	3612.91	2710  	5268  
451 	25    	3712.37	2834.8	4591.6
452 	25    	3776.54	2963.2	5451.6
453 	25    	3730.21	2845.6	5042.8
454 	25    	3810.48	2652.4	5240.8
455 	25    	3812.26	2456  	4645.2
456 	25    	3605.52	2902  	4764.8
457 	25    	3690.42	2603.2	4971.2
458 	25    	3667.17	2098.4	5114.4
459 	25    	3699.6 	2907.6	4841.6
460 	25    	3714.96	2759.2	4772.4
461 	25    	3597.25	2222  	5534.8
462 	25    	3811.39	2462.4	5195.2
463 	25    	3761.49	2450.8	5018.4
464 	25    	3820.86	2980.8	4824.8
465 	25    	3553.3 	2442.8	4441.6
466 	25    	3688.24	2682.8	4751.2
467 	25    	3688.45	2802  	4614  
468 	25    	3867.94	2925.2	4934  
469 	25    	3784.75	2775.2	4984  
470 	25    	3840.69	3233.2	5514  
471 	25    	3869.68	2840.8	4646.4
472 	25    	3752.37	2704  	4904  
473 	25    	3657.98	2662.4	4926.4
474 	25    	3785.57	2556.8	5320  
475 	25    	3810.32	3040.4	5154  
476 	25    	3917.47	2569.6	5308.8
477 	25    	3683.39	1979.6	5226.8
478 	25    	3917.39	2551.2	5596.8
479 	25    	3754.06	2874.4	4999.2
480 	25    	3672   	2204  	5178.4
481 	25    	3752   	2795.6	5436  
482 	25    	3703.46	2668  	4883.6
483 	25    	3753.66	2574  	5797.6
484 	25    	3819.97	2548.4	4774  
485 	25    	3714.98	2702.8	5115.2
486 	25    	3763.66	3008.8	5149.2
487 	25    	3779.89	2868  	4941.6
488 	25    	3617.46	2671.6	4664.8
489 	25    	3695.84	2811.6	5002.8
490 	25    	3538.56	2729.2	4463.2
491 	25    	3570.69	2202.8	4718  
492 	25    	3462.69	2187.2	4749.6
493 	25    	3410.58	2158.4	5036  
494 	25    	3632.58	2668  	4739.6
495 	25    	3625.86	2528.4	4397.2
496 	25    	3303.74	2496  	4451.2
497 	25    	3562.7 	2688.8	4680.4
498 	25    	3864.75	2994.4	4936.4
499 	25    	3676.24	2376.4	5065.2
500 	25    	3583.79	2574  	5911.2
501 	25    	3653.65	2208.8	4966.4
502 	25    	3397.07	2555.6	5539.2
503 	25    	3667.3 	1890.8	5146  
504 	25    	3507.49	2426.8	5021.6
505 	25    	3512.34	1953.6	4408.8
506 	25    	3874.75	2183.2	5306.8
507 	25    	3421.78	2554.4	4961.6
508 	25    	3615.82	2541.6	5164.4
509 	25    	3649.49	2719.2	4960  
510 	25    	3745.41	2360  	5637.2
511 	25    	3712.32	2914.8	4914.4
512 	25    	3526.29	2581.6	4800  
513 	25    	3577.01	1879.2	5575.6
514 	25    	3415.04	2528.8	4497.2
515 	25    	3539.01	1686.8	5144.4
516 	25    	3519.78	2570  	5048.8
517 	25    	3700.38	2785.6	4715.2
518 	25    	3715.63	3000  	4920.4
519 	25    	3573.78	2260.4	4759.6
520 	25    	3583.81	2536  	4512.8
521 	25    	3655.79	2300  	4558  
522 	25    	3774.88	2352.8	5303.6
523 	25    	3618.98	2594.4	4694  
524 	25    	3623.55	2226  	4640.8
525 	25    	3724.13	2579.2	5668  
526 	25    	3540.99	2660  	4617.2
527 	25    	3678.64	2710.8	4988.4
528 	25    	3459.15	2114.8	4496.8
529 	25    	3720.77	2513.6	4927.6
530 	25    	3755.22	2180  	5218  
531 	25    	3442   	2453.2	5041.6
532 	25    	3631.66	2701.2	4816  
533 	25    	3464.69	2113.2	4714.4
534 	25    	3485.44	2650  	4892.4
535 	25    	3854.1 	2604.4	5752.8
536 	25    	3458.82	2163.6	4394  
537 	25    	3757.31	2312.4	5036.8
538 	25    	3704.05	2851.2	4865.2
539 	25    	3732.06	2790  	5362  
540 	25    	3623.26	2246.4	4805.2
541 	25    	3964.5 	3096  	5494  
542 	25    	3843.07	2733.6	6510.4
543 	25    	3564.72	2560.8	4797.2
544 	25    	3671.1 	2438  	5007.2
545 	25    	3681.7 	2942.4	4579.2
546 	25    	3523.44	2531.6	4637.6
547 	25    	3702.42	2574  	5469.6
548 	25    	3646.1 	2304.8	4736.4
549 	25    	3253.23	2289.6	5787.2
550 	25    	3794.5 	2943.6	4991.2
551 	25    	3654.77	2636.8	5287.2
552 	25    	3648.11	2902.4	4688.8
553 	25    	3897.74	2787.2	4967.2
554 	25    	3869.41	3122  	4638.8
555 	25    	3497.39	2497.6	4846.4
556 	25    	3601.47	2202.8	4462  
557 	25    	3576.43	2098.4	5802.4
558 	25    	3741.36	2208  	5158.4
559 	25    	3780.5 	2850  	4812.4
560 	25    	3488.77	2558  	4436  
561 	25    	3638.46	2412.4	5231.6
562 	25    	3668.32	2763.2	5018.4
563 	25    	3817.55	2629.2	4770  
564 	25    	3516.29	2001.2	4498.8
565 	25    	3665.31	2636.4	4711.6
566 	25    	3837.49	2486.8	5207.2
567 	25    	3714.13	2429.2	5178.8
568 	25    	3669.38	2848  	5793.6
569 	25    	3691.74	2278.8	4846.4
570 	25    	3714.67	2651.2	4719.6
571 	25    	3567.07	2516.8	4561.2
572 	25    	4011.26	2881.2	5307.6
573 	25    	3749.84	2723.2	4980  
574 	25    	3652.61	2648.4	4728.8
575 	25    	3947.07	2517.2	5855.6
576 	25    	3660.48	2528  	4664.4
577 	25    	3700.22	2430  	5187.2
578 	25    	3535.14	1956  	4784  
579 	25    	3971.46	2770  	5342.4
580 	25    	3971.73	3240.4	5020  
581 	25    	3694.18	2719.2	5097.6
582 	25    	3762.53	2854  	5240  
583 	25    	3602.18	2435.2	5219.6
584 	25    	3679.36	2507.2	5017.6
585 	25    	3764.66	2577.6	4724  
586 	25    	3708.96	2716  	5146.4
587 	25    	3797.04	2526.8	5108.4
588 	25    	3790.08	2657.2	5052.4
589 	25    	3680.7 	2271.6	4608.8
590 	25    	3878.67	2527.6	5214.8
591 	25    	3802.26	2531.6	5786.4
592 	25    	3787.46	2615.6	5020.8
593 	25    	3820.35	2476.4	5406.8
594 	25    	3975.44	2456  	5497.6
595 	25    	3978.88	3161.2	4880.8
596 	25    	3849.66	2805.2	4848.4
597 	25    	3835.39	2670  	6054.8
598 	25    	3934.59	1576.4	5141.6
599 	25    	3778.51	2718.8	5210.4
600 	25    	3604.66	2615.6	5176.8
601 	25    	3858   	2964.4	4746.4
602 	25    	3914.26	2472.8	5681.2
603 	25    	3721.9 	2850.4	4644.4
604 	25    	3877.14	2824.4	5317.6
605 	25    	3983.39	2774.8	5282.8
606 	25    	3697.38	2416  	5334.4
607 	25    	3596.86	2411.6	4710  
608 	25    	3697.68	1893.6	4816  
609 	25    	3676.45	2682  	5124  
610 	25    	3711.1 	2642.8	5137.6
611 	25    	3905.62	3049.6	4861.6
612 	25    	3963.52	2512.4	5920  
613 	25    	3663.31	2581.2	5000.4
614 	25    	3848.4 	2641.2	5445.6
615 	25    	3448.4 	2068  	5064  
616 	25    	3632.21	2566.8	4616.4
617 	25    	3686.43	2574.4	4827.6
618 	25    	3694.82	2534  	5166.4
619 	25    	3869.31	2302.8	5133.2
620 	25    	3605.66	2572.4	5038.8
621 	25    	3752.78	2813.2	5422.8
622 	25    	3822.66	2402  	5108  
623 	25    	3721.41	2380  	5230  
624 	25    	3535.65	2496.4	4646  
625 	25    	3931.14	2678  	5177.2
626 	25    	3681.98	2574.4	4826.8
627 	25    	3977.52	2908.8	5718  
628 	25    	3666.27	2390.4	4817.6
629 	25    	3495.7 	2668.4	4472  
630 	25    	3805.82	2684  	5954.8
631 	25    	3846.86	2144.8	5612.8
632 	25    	3764.59	2581.2	5228  
633 	25    	3977.02	2468.4	5253.6
634 	25    	3626.72	2340.8	5621.6
635 	25    	3760.58	2466.8	5143.6
636 	25    	3692.02	2707.6	4954.8
637 	25    	3763.26	2134.4	4347.2
638 	25    	3920.53	2935.6	5942  
639 	25    	3912.06	3086  	4874  
640 	25    	3835.25	2817.6	4775.6
641 	25    	3870.26	2705.2	5734.8
642 	25    	4043.94	3068.4	5201.6
643 	25    	3732.03	2703.2	4816.8
644 	25    	3917.7 	1994.4	5713.6
645 	25    	4226.78	2984.4	6186.8
646 	25    	3955.82	2768.4	5482.8
647 	25    	4030.62	2850  	4916.8
648 	25    	4056.02	2309.2	5466  
649 	25    	4062   	2949.2	5668  
650 	25    	3785.49	2920.8	4495.2
651 	25    	3893.02	2468  	5305.6
652 	25    	3879.09	2757.6	5520  
653 	25    	3986.69	2606.4	4983.2
654 	25    	4146.59	2435.2	5312.8
655 	25    	3907.65	2691.6	5478  
656 	25    	3750.43	2802.8	4774  
657 	25    	3899.41	2900.4	5294  
658 	25    	3930.96	2552.4	5278.8
659 	25    	3857.15	2696.8	5109.6
660 	25    	3737.62	2693.2	5465.2
661 	25    	4003.36	2956  	5243.2
662 	25    	3804.72	2611.2	5486.4
663 	25    	4142.37	3250.4	5208  
664 	25    	3690.29	2555.2	4801.6
665 	25    	3814.88	2866  	5112.8
666 	25    	3969.58	2345.2	5454  
667 	25    	4276.21	3528.4	5632  
668 	25    	3905.39	2751.6	5193.6
669 	25    	4005.49	2596.8	5612.8
670 	25    	3686.05	2454  	4723.6
671 	25    	3900.75	2693.6	5397.2
672 	25    	3951.89	2744  	5708  
673 	25    	4083.71	3061.6	5240.8
674 	25    	3907.84	2922  	5839.2
675 	25    	3783.58	2689.6	4902  
676 	25    	3765.7 	2839.6	5128  
677 	25    	4119.6 	2751.6	5680  
678 	25    	3923.81	2600.4	5358.8
679 	25    	3716.9 	2473.6	5318  
680 	25    	3709.42	2429.2	5405.6
681 	25    	3803.26	2525.2	5007.6
682 	25    	3876.7 	2656  	5630  
683 	25    	4066.27	3163.2	5161.2
684 	25    	3862.62	2472  	5312  
685 	25    	3769.79	2629.2	4855.6
686 	25    	3996.74	2942  	5236.8
687 	25    	3931.58	2956.4	5123.2
688 	25    	3945.95	2662.8	5252.8
689 	25    	4009.89	2448.8	5272.8
690 	25    	4101.33	2994  	6071.2
691 	25    	3729.52	2422.8	5702.8
692 	25    	3875.33	2900.4	6088.4
693 	25    	4067.81	3280  	4834.4
694 	25    	3918.48	2886.4	5330  
695 	25    	3788.75	2775.6	4678.4
696 	25    	3754.02	2524.4	4960  
697 	25    	3930.38	2430  	5224.4
698 	25    	3791.57	2702  	5206  
699 	25    	3858.69	2610.4	5708.4
700 	25    	4015.82	2601.6	6486.4
701 	25    	3981.92	2850  	5391.2
702 	25    	3971.73	2983.6	5877.2
703 	25    	3986.91	2755.2	5338.4
704 	25    	3883.26	2387.6	5660.4
705 	25    	3783.98	2659.2	5301.6
706 	25    	4010.19	2870.8	5486.4
707 	25    	3992.98	2790.4	5108.8
708 	25    	3600.34	2338.8	4526.8
709 	25    	4019.31	2488.8	6573.6
710 	25    	3882.61	2448.8	5800.4
711 	25    	3818.13	2857.6	5070.8
712 	25    	3839.01	2712  	5246  
713 	25    	3986.56	2696.8	5114  
714 	25    	3810.27	2450.8	4774.8
715 	25    	3874.94	2636.8	5717.6
716 	25    	3610.98	2500.4	4743.6
717 	25    	3757.84	2505.6	4960.8
718 	25    	3888.27	3041.6	4788  
719 	25    	3954.42	2852.4	5632.4
720 	25    	3850.93	3052.8	5405.2
721 	25    	4027.58	2592.4	5846.8
722 	25    	3928.86	2944.8	5077.6
723 	25    	3837.1 	2417.2	5463.2
724 	25    	3888.06	3182.4	4730.4
725 	25    	3790.51	2694  	5449.2
726 	25    	3881.97	2672.4	5150  
727 	25    	3854.32	2836.8	5006.8
728 	25    	3728.61	2834  	4829.2
729 	25    	4061.54	2218.8	6592.4
730 	25    	3731.82	2443.6	5420  
731 	25    	3891.38	2644.4	5216  
732 	25    	3936.42	2522.4	5206  
733 	25    	3854.37	2850.4	5694.4
734 	25    	3891.52	2972  	4661.6
735 	25    	3791.33	2587.6	5193.6
736 	25    	4062.98	2362.4	5460.8
737 	25    	3878.64	2738.4	5610.4
738 	25    	3732.93	2453.2	5056.8
739 	25    	3930.56	2857.6	5240.8
740 	25    	3618.3 	2585.6	5004  
741 	25    	4106.88	2728.8	6086  
742 	25    	3683.22	2404.4	6249.2
743 	25    	3933.44	2830  	5241.2
744 	25    	3801.31	2893.2	4637.2
745 	25    	3802.08	2748.8	5144.4
746 	25    	3786.69	2892  	5541.6
747 	25    	3910.59	2510  	5469.2
748 	25    	3832.51	2547.2	5386.8
749 	25    	4080.03	2872.8	5382.8
750 	25    	4187.6 	2608  	6626.4
751 	25    	4077.38	2518.4	5368.8
752 	25    	3650.43	2303.6	5304.4
753 	25    	4051.22	2626  	5262  
754 	25    	3879.04	2641.6	5499.2
755 	25    	3849.34	2844.8	5526  
756 	25    	3822.32	2908.4	5030.8
757 	25    	3844.37	2670.8	5254  
758 	25    	3855.86	3014.4	5219.6
759 	25    	3970.24	2757.2	5728.8
760 	25    	3808.18	2540.8	4673.2
761 	25    	3840.62	2722.4	5257.2
762 	25    	3721.71	2398  	5343.2
763 	25    	3731.92	2879.6	4736  
764 	25    	3844.11	2395.2	4848.8
765 	25    	3819.9 	2412.4	4930.4
766 	25    	3563.34	2594.8	5130.8
767 	25    	3849.26	2274.8	5237.6
768 	25    	3806.51	2246.8	5447.6
769 	25    	3688.88	2564.4	4757.2
770 	25    	3812.19	2330.4	5356.8
771 	25    	3732.13	2375.6	5092.8
772 	25    	3836.46	2650.8	5287.6
773 	25    	3484.37	2632.8	4492.8
774 	25    	3681.49	2493.2	4640.8
775 	25    	3834   	2442  	5378.8
776 	25    	3623.33	2599.2	5117.2
777 	25    	3914.9 	2770  	4901.6
778 	25    	3899.79	2838.4	6060  
779 	25    	3957.7 	2911.2	5155.2
780 	25    	3894.06	2744  	4919.2
781 	25    	3809.26	2978.4	4809.2
782 	25    	3849.34	3008.4	5017.2
783 	25    	3686.93	2493.2	5429.6
784 	25    	3800.35	2788.8	5230.8
785 	25    	4051.68	2641.2	5682  
786 	25    	3748.1 	2464  	5526.4
787 	25    	3872.27	2958.4	5714.4
788 	25    	3826.08	2888.4	4864  
789 	25    	3959.57	2666.4	5871.6
790 	25    	4013.55	3006.4	4832.8
791 	25    	3884.72	2618.8	4976.8
792 	25    	3558.67	2506.8	5031.6
793 	25    	3703.86	2293.2	6050.4
794 	25    	3691.58	1890.4	5192.8
795 	25    	3762.13	2395.2	5110.4
796 	25    	3757.3 	2559.6	5310.4
797 	25    	3779.5 	2419.2	4954.4
798 	25    	3879.25	2352  	5084  
799 	25    	3931.25	2758  	5780.8
800 	25    	3827.1 	2762  	5106.8
801 	25    	3945.86	3059.6	5134.8
802 	25    	3892.45	2413.2	4924.8
803 	25    	3820.66	2441.2	5788.4
804 	25    	3958.7 	2717.2	5310.4
805 	25    	3732.58	2689.2	5190.4
806 	25    	3993.39	2940.8	5380.4
807 	25    	3828.06	2165.2	5122.8
808 	25    	3919.1 	2763.6	5676.8
809 	25    	3800.93	2728  	5030.8
810 	25    	3700.32	2706.4	5050.8
811 	25    	3812.34	2728.4	4507.2
812 	25    	3876.99	2779.2	5165.2
813 	25    	3604.69	2836.8	4800.8
814 	25    	4135.84	2988.8	6147.6
815 	25    	3855.42	2926  	5136.4
816 	25    	3951.82	2657.2	5131.6
817 	25    	3897.58	2865.2	4994.8
818 	25    	3700.78	2787.2	4686  
819 	25    	3752.85	2426  	5163.2
820 	25    	3910.78	2963.6	4601.2
821 	25    	3890.38	2262.4	5228  
822 	25    	3770.56	2699.2	4796.8
823 	25    	3849.81	2758.4	5227.6
824 	25    	3905.95	2632.4	5663.2
825 	25    	3959.5 	2595.2	4999.6
826 	25    	3923.26	2880.8	5046.8
827 	25    	3920.61	2662  	5153.2
828 	25    	3882.34	2853.2	4884.8
829 	25    	3909.28	2927.6	5052  
830 	25    	3741.38	2938.8	5658.8
831 	25    	4005.28	2267.2	6084.8
832 	25    	3818.75	2606  	5766.8
833 	25    	3834   	2347.2	5192.8
834 	25    	3813.78	2619.2	5812.8
835 	25    	3912.77	3120.8	4762.4
836 	25    	3969.79	3200.8	5069.2
837 	25    	3776.96	2622.8	5103.2
838 	25    	3737.18	2518.8	4702.4
839 	25    	3958.11	2618  	5180  
840 	25    	3747.3 	2764  	5176.8
841 	25    	3683.33	2460.4	4872.4
842 	25    	3976.46	2667.6	5270  
843 	25    	3620.45	2831.2	4756  
844 	25    	3565.44	2187.6	4548.4
845 	25    	3672.83	2920.8	4372.4
846 	25    	3651.41	2356  	4682.4
847 	25    	3763.81	2266.4	5197.6
848 	25    	3695.62	2700.4	4764.4
849 	25    	3721.44	2704.4	4604.8
850 	25    	4007.01	2752  	5695.6
851 	25    	3707.89	2840.8	4732.4
852 	25    	3680.14	3040.4	4701.2
853 	25    	3688.4 	2844.4	5111.6
854 	25    	3804.19	2439.2	4742  
855 	25    	3814.42	2562.8	4938.4
856 	25    	3914.14	2910  	5571.6
857 	25    	3516.58	2550.8	4431.2
858 	25    	3826.08	2912  	5342.8
859 	25    	3551.3 	2376.8	5077.2
860 	25    	3843.54	2586.4	5108.4
861 	25    	3802.05	2786.4	5150.4
862 	25    	3570.64	1992.8	4606.4
863 	25    	3826.4 	2250.4	5523.6
864 	25    	3965.22	2515.6	5489.6
865 	25    	3893.52	3135.2	6025.2
866 	25    	3974.77	2614  	6272.4
867 	25    	3668.38	2599.6	5196  
868 	25    	3770.96	2703.6	4902  
869 	25    	3810.08	2593.6	5017.6
870 	25    	3992.72	2607.2	5146.8
871 	25    	3788.7 	1973.2	5028.8
872 	25    	3799.14	2376.4	5038  
873 	25    	3781.01	2680  	4780.4
874 	25    	4028.86	1965.6	5330  
875 	25    	3789.5 	3029.6	5136  
876 	25    	3789.41	2134  	4970  
877 	25    	3757.28	2654.8	4878.4
878 	25    	3669.87	2638.8	4484  
879 	25    	4252.78	2685.2	5588  
880 	25    	3524.14	2387.2	4568.8
881 	25    	3866.08	3016.8	5127.6
882 	25    	3855.14	3149.2	4974.8
883 	25    	3802.5 	2958  	4790.4
884 	25    	3963.17	3066  	5449.2
885 	25    	3828.05	2608.8	5208.8
886 	25    	3911.7 	3082  	4814.8
887 	25    	3864.27	2397.2	5468.4
888 	25    	3798.78	2638.4	4894  
889 	25    	3688.13	2547.2	5658.8
890 	25    	3609.44	2590.4	4850.8
891 	25    	4032.59	3130.8	5201.2
892 	25    	3819.87	2616.8	5250  
893 	25    	3847.52	2679.2	4748.8
894 	25    	3751.89	2530  	5142.8
895 	25    	3890.72	2727.2	5145.2
896 	25    	3883.1 	3184.4	5873.2
897 	25    	3826.94	2797.2	4762  
898 	25    	4059.78	2689.2	5017.6
899 	25    	3688.58	2672  	4584  
900 	25    	3539.2 	2426.4	5558.4
901 	25    	3716.35	2624.8	4630  
902 	25    	3783.52	2938  	5233.2
903 	25    	3979.84	2869.2	5697.2
904 	25    	3789.55	2998.8	5803.6
905 	25    	3782.94	2748.8	4718.4
906 	25    	3766   	2348  	5520  
907 	25    	3524.14	2642  	4561.2
908 	25    	4021.1 	2689.2	5440.4
909 	25    	3775.97	2524.4	4781.6
910 	25    	3999.3 	2595.6	4967.6
911 	25    	3712.4 	2658.8	5327.2
912 	25    	3692.19	2880.8	4699.2
913 	25    	3693.95	2844  	4928  
914 	25    	3629.34	2704  	4458.4
915 	25    	3630.8 	2621.2	5332  
916 	25    	3804.88	2447.6	5558.8
917 	25    	3763.1 	2473.6	5080.8
918 	25    	3899.14	2812  	4966.8
919 	25    	3743.6 	2596  	4894.4
920 	25    	3927.41	2921.6	5059.6
921 	25    	3772.64	2281.2	5249.6
922 	25    	3911.04	2652.8	5800.4
923 	25    	3824.83	3060  	4780.8
924 	25    	3684.69	2035.6	4866.8
925 	25    	3880.18	2459.2	5850.4
926 	25    	3712.05	2303.2	4911.2
927 	25    	3771.68	2977.2	5879.2
928 	25    	3689.76	2213.6	5964.4
929 	25    	3762.61	2448.4	4920.8
930 	25    	3752.02	2581.2	5294.8
931 	25    	3482.02	2479.2	4952  
932 	25    	3960.35	2848  	6106  
933 	25    	3697.54	2623.6	4606.8
934 	25    	3651.17	2514  	4913.6
935 	25    	3886.58	2750.4	5216  
936 	25    	3894.05	2489.6	5448  
937 	25    	3619.54	2297.6	4992.4
938 	25    	3764.59	2860  	4905.2
939 	25    	3870.48	2602.8	5254  
940 	25    	3672.96	2485.2	4911.2
941 	25    	3789.78	2970.4	5583.6
942 	25    	3660.86	2522.4	4689.6
943 	25    	3886.62	2228  	5512.8
944 	25    	3852.34	2824.8	4973.2
945 	25    	3919.98	3035.6	4888  
946 	25    	3737.68	2481.2	4836.8
947 	25    	3858.48	1984.4	5273.2
948 	25    	3835.68	2937.2	4752.4
949 	25    	3853.55	2595.2	4942.8
950 	25    	3736.51	2005.2	5138.4
951 	25    	4026.4 	3200  	5911.6
952 	25    	4025.95	2474  	5074.4
953 	25    	3739.52	2942.4	4871.6
954 	25    	3945.86	2856.8	5612.4
955 	25    	3806.21	2662.4	5151.2
956 	25    	3641.54	2582.8	5076  
957 	25    	3657.04	2577.6	4819.2
958 	25    	3749.39	2481.2	5516.4
959 	25    	3801.15	2870  	5621.2
960 	25    	3702.59	2364.4	5260.8
961 	25    	3722.5 	2628  	4602.8
962 	25    	3717.49	2818.8	4850.8
963 	25    	3564.38	2631.2	4834.8
964 	25    	3768.05	2491.2	5168.4
965 	25    	3717.6 	2182  	5882  
966 	25    	3815.12	2883.6	4734.4
967 	25    	3962.94	2860.8	5237.2
968 	25    	3698.77	2648  	4558.4
969 	25    	3664.06	2677.2	4742.8
970 	25    	3608.02	2412  	4467.2
971 	25    	3869.98	2413.6	6375.6
972 	25    	3648.46	2808.4	4985.2
973 	25    	3715.3 	2756  	4591.2
974 	25    	3693.9 	2455.2	5183.2
975 	25    	3696.82	2665.2	4874.8
976 	25    	3464.8 	2651.2	4694.4
977 	25    	3759.36	2882  	5065.6
978 	25    	3656.03	2628.8	4755.6
979 	25    	3812.53	2948  	5346.8
980 	25    	3893.62	2531.6	5216  
981 	25    	3843.68	2624.8	5306.4
982 	25    	3663.33	2802  	5065.2
983 	25    	3736.06	2930.8	5150.8
984 	25    	3779.47	2600.8	6142  
985 	25    	3804.53	2969.6	5134  
986 	25    	3615.31	2460  	4764.4
987 	25    	3682.13	2072.4	5514  
988 	25    	3682.51	2780  	4675.2
989 	25    	3638.93	2617.6	6360.4
990 	25    	3844.35	2495.2	5746.4
991 	25    	3754.42	2278  	5308.4
992 	25    	4017.98	2953.6	5821.6
993 	25    	3908.26	2085.6	5451.6
994 	25    	3751.18	2828  	4496.4
995 	25    	3686.7 	2324.4	5247.2
996 	25    	3791.49	2762.8	4776.8
997 	25    	3873.92	2640  	4896.8
998 	25    	3764.27	2494.8	6058.8
999 	25    	4035.3 	3157.2	5581.2
1000	25    	3803.95	2176  	5132.4
1001	25    	4072.62	2610.8	5478.4
1002	25    	3907.06	2248.4	5059.2
1003	25    	3713.01	2626  	4629.2
1004	25    	3821.34	2804.4	5071.6
1005	25    	4010.29	3044  	4795.2
1006	25    	4339.42	3305.2	5414.4
1007	25    	3849.18	2683.6	5603.2
1008	25    	3740.5 	2344.4	4864.8
1009	25    	3860.78	2566.8	5292.8
1010	25    	4124.27	2988  	5260.4
1011	25    	3518.78	2786.8	4986.4
1012	25    	3688.56	2494.4	5902.4
1013	25    	3756.21	2838.8	5606  
1014	25    	3782.99	2905.2	5292.4
1015	25    	3819.07	2966.8	5099.6
1016	25    	3664.02	2609.6	5002  
1017	25    	4010.21	2898  	5520  
1018	25    	3912.59	2525.6	5313.6
1019	25    	3636.96	2359.6	5508.8
1020	25    	3696.54	2127.6	4906  
1021	25    	3783.82	2334  	5527.2
1022	25    	3704.18	2742.4	4636.8
1023	25    	3958.32	2506.8	5742.4
1024	25    	3669.5 	2458.4	4901.2
1025	25    	3863.95	2963.6	5415.2
1026	25    	3997.14	3064.4	5339.6
1027	25    	3720.08	2872.4	5814  
1028	25    	4021.58	3120.8	5266.8
1029	25    	4073.82	3038  	5150.4
1030	25    	3814   	2384.8	5572  
1031	25    	3951.1 	2672.8	4849.6
1032	25    	3731.89	2462  	5024.4
1033	25    	3705.52	2705.6	4631.2
1034	25    	3948.1 	2994.8	5178  
1035	25    	3738.51	2813.6	4320.4
1036	25    	3730.66	3087.6	4650.4
1037	25    	3857.39	2846.8	4861.6
1038	25    	3945.97	2619.6	5253.2
1039	25    	3606.86	2667.6	5119.6
1040	25    	3576.46	2098.4	4704.4
1041	25    	3966.98	2812.8	5177.6
1042	25    	3801.09	2692.4	4688.4
1043	25    	3653.12	2504  	5021.6
1044	25    	3844.64	2508.4	5878.8
1045	25    	4010.43	2752.4	5164.8
1046	25    	3840.59	2630.4	5125.6
1047	25    	3819.15	2088  	5144  
1048	25    	3933.1 	2261.2	5784.4
1049	25    	3859.95	2961.2	4764.4
1050	25    	3745.07	2457.6	5104  
1051	25    	4008.18	2754  	5459.2
1052	25    	3731.33	2876  	5549.6
1053	25    	3918.8 	2663.6	4941.2
1054	25    	3766.51	2721.2	5049.2
1055	25    	3860.38	2662.4	5129.6
1056	25    	3905.84	2278.4	7223.2
1057	25    	3845.47	2757.6	5347.2
1058	25    	3925.36	3068  	5124.8
1059	25    	3801.68	2689.2	5018  
1060	25    	3706.24	2484  	4785.6
1061	25    	3806.82	2365.6	4905.6
1062	25    	3813.89	2347.2	4870.4
1063	25    	3685.55	1915.6	4968.4
1064	25    	3750.38	2172.8	5878.4
1065	25    	3598.64	2775.6	4320  
1066	25    	3815.79	2612.8	5154.8
1067	25    	3776.35	2700.4	5098.8
1068	25    	3898.14	3034.8	5386  
1069	25    	3638.48	2792  	4944.8
1070	25    	3888.18	2408  	5110.8
1071	25    	3658.51	2732.8	5019.6
1072	25    	3735.33	2720.4	5760  
1073	25    	3518.83	2652  	5447.6
1074	25    	3786.53	3154  	4883.2
1075	25    	3584.3 	2626.4	4895.6
1076	25    	3856.02	2769.2	4829.2
1077	25    	3801.84	2540.8	4609.2
1078	25    	3760.74	2623.2	5196.8
1079	25    	3673.57	2974.4	4888.8
1080	25    	3826.56	2573.2	4995.6
1081	25    	3676.8 	2032.8	5136.4
1082	25    	3769.12	2292  	5263.2
1083	25    	3775.5 	2936  	4852  
1084	25    	3791.95	2588.4	5281.6
1085	25    	3876.74	2638.8	6449.2
1086	25    	3614.5 	2343.2	5078.4
1087	25    	3820.9 	2058  	5245.2
1088	25    	3863.2 	3084.8	5292  
1089	25    	3875.39	2685.2	6578.4
1090	25    	3762.5 	2694  	5100  
1091	25    	3628.67	2255.2	5174  
1092	25    	3869.52	2640.8	5171.6
1093	25    	3775.55	2768.4	4916.4
1094	25    	3589.68	2204  	4849.6
1095	25    	3747.86	2821.2	5237.2
1096	25    	3533.47	2094  	4466.4
1097	25    	3726.8 	2510  	5072  
1098	25    	3533.68	2480.4	4548  
1099	25    	3574.69	2530  	4962  
1100	25    	3693.41	2834.4	4633.6
1101	25    	3592.77	2348  	5084.8
1102	25    	3866.4 	2570.4	5482.4
1103	25    	3369.79	2230.4	5047.2
1104	25    	3868.62	2718.4	4628.8
1105	25    	3710.9 	2568.8	5034.8
1106	25    	3489.49	2099.6	4635.2
1107	25    	3501.58	2661.2	4999.6
1108	25    	3555.42	2528.8	4728  
1109	25    	3851.46	2521.2	5153.6
1110	25    	3697.04	2447.2	5591.6
1111	25    	3577.17	2617.2	4524.4
1112	25    	3856.02	2721.2	5413.6
1113	25    	3746.48	2742  	5220  
1114	25    	3853.42	2709.6	4975.6
1115	25    	3674   	2105.2	5247.2
1116	25    	3983.68	2905.2	5509.2
1117	25    	3841.34	2806.8	5142.8
1118	25    	3801.94	2121.2	5503.2
1119	25    	3698.91	2424  	4834  
1120	25    	3908.13	2524.4	4924.4
1121	25    	3786.4 	2700  	5085.6
1122	25    	3936.21	2977.2	5588.4
1123	25    	3740.5 	2345.2	4883.6
1124	25    	3465.9 	2327.2	4718  
1125	25    	3839.46	2968  	5248.8
1126	25    	3795.74	2604  	4976.4
1127	25    	3987.57	2965.2	5187.2
1128	25    	3696.88	2766  	4950  
1129	25    	3767.07	2724.4	5216  
1130	25    	3929.73	1678  	5319.2
1131	25    	3573.42	2352.4	4515.6
1132	25    	3759.07	2549.2	4818  
1133	25    	3786.06	2518.4	5084.8
1134	25    	3812.5 	3016.8	5246  
1135	25    	3772.48	2006.4	5142  
1136	25    	3901.74	2429.6	5294.8
1137	25    	3624.37	2654.4	5136.4
1138	25    	3895.06	3188.8	5066  
1139	25    	3760.96	2656.4	4624.8
1140	25    	3922.46	2656.4	4935.2
1141	25    	3588.77	2257.6	4842  
1142	25    	3778.34	2028  	4894  
1143	25    	4052.03	2678.8	5306  
1144	25    	3605.87	2410  	4955.6
1145	25    	3791.63	2135.6	4673.6
1146	25    	3688.1 	2559.6	4777.2
1147	25    	3716.96	2783.6	4745.6
1148	25    	3853.97	2576.4	4791.6
1149	25    	3675.41	2829.6	4904.8
1150	25    	3850.1 	2404  	5289.6
1151	25    	3597.12	2560  	4840.8
1152	25    	3875.2 	2651.2	5043.2
1153	25    	4009.33	1972  	5854.8
1154	25    	3691.81	2758  	5022.4
1155	25    	4016.46	2858.8	6704.8
1156	25    	3698.21	2450.4	4823.6
1157	25    	4064.03	2754  	5358.4
1158	25    	3938.02	2878  	4880.8
1159	25    	3764.48	2420  	5230.4
1160	25    	3827.47	2916.8	4742.4
1161	25    	3802.08	2835.2	5012  
1162	25    	3757.62	2869.6	4847.6
1163	25    	3455.82	2528.4	4374  
1164	25    	3528.88	2645.6	4742.8
1165	25    	3730.35	2220.4	5422.8
1166	25    	3693.38	2133.6	4582.4
1167	25    	3756.37	2446  	4830.4
1168	25    	3868.82	2862  	5412.8
1169	25    	4083.1 	2749.2	5424  
1170	25    	3699.81	2756.4	5144.4
1171	25    	3633.42	2574.4	5675.2
1172	25    	3693.44	2515.6	5140  
1173	25    	3909.47	3016.4	5092  
1174	25    	3877.06	2725.2	4736.8
1175	25    	3808.46	2581.6	4974.4
1176	25    	4022.75	2174.4	5936.4
1177	25    	3786.38	2492  	4802.8
1178	25    	3915.84	2948.8	5121.6
1179	25    	3913.38	2523.6	5276  
1180	25    	3883.57	2404  	5565.6
1181	25    	3872.22	2588  	6156.8
1182	25    	3816.64	2648.8	4778.8
1183	25    	3669.62	2199.2	4788.8
1184	25    	4001.25	2738  	5118.8
1185	25    	3912.74	3007.2	5020.8
1186	25    	4119.89	2814  	5684.4
1187	25    	3879.42	2680  	5414  
1188	25    	3928.74	2469.2	5168.4
1189	25    	3787.07	2784.4	5193.6
1190	25    	3683.39	2387.2	5132  
1191	25    	3736.21	2423.6	4847.6
1192	25    	4060.78	2940.4	5075.2
1193	25    	3762.38	2969.2	5065.6
1194	25    	3851.86	2923.2	4683.2
1195	25    	4228.94	3129.6	6214  
1196	25    	3823.87	3046  	4738  
1197	25    	4050.86	2746.4	4971.2
1198	25    	4161.33	3048.8	5359.6
1199	25    	3601.49	2547.6	4821.6
1200	25    	3773.76	2713.2	4942.4
1201	25    	3696.67	2585.2	4548.8
1202	25    	3706.78	2564  	5317.6
1203	25    	3925.44	2552.4	5057.2
1204	25    	3737.73	2484.4	5535.6
1205	25    	3950.27	2935.6	5392  
1206	25    	3920.56	2866  	5400.4
1207	25    	3820.14	2313.2	5297.6
1208	25    	3714.42	2860.4	5541.2
1209	25    	3780.53	2894  	4743.2
1210	25    	3866.19	3044.4	5336  
1211	25    	3827.95	2387.2	4914.8
1212	25    	3933.97	2753.2	5193.2
1213	25    	3880.21	2708.8	5245.2
1214	25    	3953.38	2598  	5004.4
1215	25    	4066.1 	2883.2	5806.4
1216	25    	4098.69	2992  	5552  
1217	25    	3994.88	2801.6	4998.4
1218	25    	3716.34	2537.2	4787.2
1219	25    	3653.17	2852.4	4865.6
1220	25    	3877.07	2382.4	5305.2
1221	25    	3563.15	2439.2	4556.8
1222	25    	3782.86	2622.8	4881.2
1223	25    	3915.81	3132  	5004  
1224	25    	4040.18	2759.2	5409.2
1225	25    	3760.7 	2788.4	5085.2
1226	25    	3672.54	2475.6	5003.2
1227	25    	3607.39	2506.4	4443.2
1228	25    	3989.15	2422.4	5193.6
1229	25    	3786.24	2510  	5528.4
1230	25    	4102.98	2799.6	5567.6
1231	25    	3624.21	2410.8	4656.4
1232	25    	3778.99	2276.8	5064.8
1233	25    	3658.59	2797.6	4367.2
1234	25    	3696.34	2674.8	5204.4
1235	25    	3923.22	2817.6	5327.2
1236	25    	3914.5 	2459.6	5489.2
1237	25    	3691.31	2398.8	4772.4
1238	25    	3908.48	2671.6	4939.2
1239	25    	3955.52	2740.8	6031.6
1240	25    	3836.02	2713.2	5686.4
1241	25    	3661.42	2565.2	4867.2
1242	25    	4045.47	2963.6	5186.8
1243	25    	3589.55	2306  	4594.8
1244	25    	4066.16	2918.8	6494.4
1245	25    	3944.19	2771.2	5125.2
1246	25    	3649.58	2892.4	4692  
1247	25    	3705.62	2457.2	4582.8
1248	25    	3613.95	2434.4	5366  
1249	25    	3848.02	2680  	5354.8
1250	25    	3802.69	2919.6	5174  
1251	25    	3937.79	2850.4	5230  
1252	25    	3727.44	2304.8	4989.2
1253	25    	4001.04	2908  	4818  
1254	25    	3750.3 	2438.4	5082  
1255	25    	3877.87	2307.6	5444.8
1256	25    	4178.4 	3254.8	5165.2
1257	25    	3752.69	2721.2	4856.4
1258	25    	3790.78	2299.6	4806.8
1259	25    	3855.17	2899.6	5974.4
1260	25    	3798.37	2868.4	5865.6
1261	25    	3788.58	2922  	5647.2
1262	25    	3980.59	2934.4	5440  
1263	25    	3957.78	2948  	5140.8
1264	25    	3756.99	2838.8	5059.2
1265	25    	4161.17	2941.6	5070.8
1266	25    	3883.62	2288.8	4916.4
1267	25    	3832.5 	2667.6	5046.4
1268	25    	3881.23	2553.6	4985.2
1269	25    	3779.09	2549.6	5207.2
1270	25    	3794.77	2754.4	5490  
1271	25    	3786.24	2424.4	5307.6
1272	25    	3889.12	3024  	5334.4
1273	25    	3735.74	2638  	5242  
1274	25    	3776.08	2830.4	5729.6
1275	25    	4037.74	2800.8	5058.8
1276	25    	3801.86	2702.8	5027.2
1277	25    	3974.98	3032  	4801.2
1278	25    	3764.19	2701.2	4722.4
1279	25    	3836.21	2637.2	5600.8
1280	25    	4132.05	3284.4	6258  
1281	25    	4139.06	3004.8	6266.4
1282	25    	3935.6 	3015.2	5248.4
1283	25    	3943.92	2959.6	5141.6
1284	25    	3908.56	2793.2	5303.2
1285	25    	3860.53	2659.2	5102.4
1286	25    	3767.78	2709.2	4660  
1287	25    	3796.91	2956.8	5000.4
1288	25    	3712   	2455.2	4664.4
1289	25    	3941.31	2380.8	5711.2
1290	25    	4016.85	2598.4	5324  
1291	25    	4253.04	2838  	6479.6
1292	25    	3902.51	2620.8	5664  
1293	25    	3957.38	3026  	4938.4
1294	25    	4065.66	2613.2	5020.4
1295	25    	3814.13	2552  	5064.8
1296	25    	3861.7 	2200.4	5833.2
1297	25    	3699.41	2820  	4945.2
1298	25    	3945.28	2898.8	4984  
1299	25    	3589.1 	2732.4	4675.2
1300	25    	4115.22	2975.2	6087.6
1301	25    	3932.42	2967.2	4901.6
1302	25    	3998.82	3206.8	5381.6
1303	25    	4076.8 	2814  	5388.4
1304	25    	3959.89	2899.2	5158.4
1305	25    	3789.07	2918.4	5054.8
1306	25    	3608.62	2585.2	4920.4
1307	25    	4064.91	2481.2	5192.8
1308	25    	4043.49	2969.2	5476  
1309	25    	4167.28	2459.2	6140.4
1310	25    	4065.76	2448.4	5717.6
1311	25    	3782.19	2799.2	5490.8
1312	25    	3858.72	3032.4	5301.2
1313	25    	4015.63	2702.4	4977.6
1314	25    	3918.67	2816.4	4754.8
1315	25    	3930.08	2792  	5157.2
1316	25    	3962.85	2704  	5760.8
1317	25    	4023.55	2760  	5966.8
1318	25    	3970.53	3027.6	5226.4
1319	25    	3960.08	2946.4	5434.4
1320	25    	3936.03	2785.2	5550  
1321	25    	3930.08	2773.2	5626.4
1322	25    	4083.3 	2540  	4895.2
1323	25    	3860.32	2798.8	5054.4
1324	25    	4106.08	2585.6	5462.8
1325	25    	3687.12	2509.6	5008.4
1326	25    	3853.55	2982  	4750  
1327	25    	4082.32	2458.8	5703.6
1328	25    	4015.9 	2476.8	5294  
1329	25    	4149.14	3118  	5985.6
1330	25    	3870.29	2746  	5678.4
1331	25    	3964.74	2290.8	5626.8
1332	25    	3804.37	2726.8	6354.8
1333	25    	4063.09	2946  	4940  
1334	25    	4135.31	3095.6	5356.8
1335	25    	4015.78	2908  	5388  
1336	25    	3871.89	2649.6	5317.6
1337	25    	3958.62	2609.6	5094  
1338	25    	4086.19	2896.4	5065.6
1339	25    	4024.7 	2932  	5306.8
1340	25    	4168.19	2576.8	5899.6
1341	25    	3954.66	2986.4	5480.4
1342	25    	3785.3 	2650.4	4811.6
1343	25    	4131.66	2432  	6111.2
1344	25    	4248.08	2978.4	5679.2
1345	25    	4123.31	3008.4	5620  
1346	25    	3910.8 	3292  	5367.6
1347	25    	4000.16	2968  	5410.4
1348	25    	3796.42	2622.4	4871.6
1349	25    	4040.46	2994.4	5128  
1350	25    	4312.13	3394.8	6137.6
1351	25    	4339.58	3129.2	5361.6
1352	25    	4378.82	3466.4	5969.6
1353	25    	4317.18	3344.8	5278.4
1354	25    	3943.34	2595.6	5626.4
1355	25    	4126.77	3069.2	5218.4
1356	25    	4053.84	2933.6	5452  
1357	25    	4195.01	2360  	6469.2
1358	25    	4052.62	2498.4	5026.8
1359	25    	4004.74	2682  	5514.4
1360	25    	4228.24	2730  	5684.8
1361	25    	4176.8 	2598.4	5182.8
1362	25    	4078.74	2511.2	5124.8
1363	25    	3877.79	2910.8	5773.2
1364	25    	4200.3 	2674  	5531.2
1365	25    	4028.61	2751.2	5452  
1366	25    	3962.77	2990  	5440  
1367	25    	4011.01	2583.2	6676.4
1368	25    	3889.44	2871.6	4812.4
1369	25    	4014.77	2856.8	5373.2
1370	25    	4150.98	2470  	5730.4
1371	25    	4096.91	2588.4	6399.2
1372	25    	3839.71	2579.6	5414.8
1373	25    	3875.41	2672  	5130  
1374	25    	3820.82	2556.8	5229.2
1375	25    	3902.59	2474.4	5954.4
1376	25    	4028.53	2751.6	5596  
1377	25    	3946.82	3142  	5715.2
1378	25    	4011.9 	3250.4	5186  
1379	25    	3792.1 	2793.2	4822.8
1380	25    	3978.29	2576.4	6050  
1381	25    	4169.84	3006.4	5289.2
1382	25    	4129.47	2960.4	5911.2
1383	25    	3914.72	2582.4	6337.2
1384	25    	4018.58	2801.2	5002.8
1385	25    	4075.54	3116.8	5401.6
1386	25    	3986   	2616.4	5161.2
1387	25    	3797.71	2343.2	5622  
1388	25    	3971.23	2945.2	5409.2
1389	25    	4006.24	2946.4	5415.6
1390	25    	3768.19	2553.2	4999.2
1391	25    	3749.49	2314  	4718.4
1392	25    	3924.98	2842.4	5456.8
1393	25    	3708.93	2636.4	5002  
1394	25    	3900.8 	2692  	5380.8
1395	25    	3951.42	2475.6	4878.8
1396	25    	4022.4 	3024.8	6062.4
1397	25    	3878.08	2362  	5726.4
1398	25    	3921.25	2986.4	5096  
1399	25    	4107.25	3010.4	5570.8
1400	25    	4043.95	2972.8	5304  
1401	25    	4018.83	2676.8	5178.4
1402	25    	4016.29	3059.2	5435.6
1403	25    	4015.68	2518  	5384.8
1404	25    	3904.21	3050.8	4925.6
1405	25    	3914.43	2674  	5800.4
1406	25    	4023.18	2563.2	5574  
1407	25    	4100.54	3257.2	5221.6
1408	25    	3860.72	2680.4	5174.4
1409	25    	4144.08	2872.4	5273.6
1410	25    	4006.5 	2636.8	5413.6
1411	25    	3984.35	2543.6	5284.8
1412	25    	4020.77	2150  	5436  
1413	25    	4094.91	2571.6	5674  
1414	25    	4061.68	2749.6	5872.4
1415	25    	3777.68	2537.6	4882  
1416	25    	3741.23	2197.6	5400  
1417	25    	3563.57	2336  	4682.4
1418	25    	3905.86	2598.8	5274.4
1419	25    	3792.05	2714  	4730.4
1420	25    	3745.52	2389.2	4741.6
1421	25    	3659.07	2692.4	4713.6
1422	25    	3778.69	2848.4	4811.2
1423	25    	3989.7 	3099.6	4940.8
1424	25    	3819.06	2486  	5663.6
1425	25    	3883.7 	2915.2	5325.2
1426	25    	3760.75	2893.6	5539.2
1427	25    	4033.14	2865.6	5406  
1428	25    	3783.98	2318.8	5644.8
1429	25    	4140.9 	2816.8	6388.4
1430	25    	4475.9 	3354.8	5612.4
1431	25    	4067.25	3114.8	5385.6
1432	25    	4065.65	2642.4	5737.2
1433	25    	4188.54	3039.2	5761.2
1434	25    	4160.64	2577.6	5992.8
1435	25    	3951.25	2900  	5082  
1436	25    	4066.85	3073.2	5334.8
1437	25    	3827.95	2228  	4892  
1438	25    	3897.41	3242.8	4926  
1439	25    	3985.38	3033.2	4771.6
1440	25    	3691.6 	2079.6	5120  
1441	25    	3964.64	2781.2	5235.6
1442	25    	3953.38	2964.4	5438.8
1443	25    	3935.17	2736.4	5608  
1444	25    	3947.97	2362  	4983.2
1445	25    	3876.7 	2789.2	4957.2
1446	25    	4114.7 	3160.4	5340.8
1447	25    	3963.09	2407.2	5503.6
1448	25    	4075.3 	2690  	5886  
1449	25    	3909.54	2750.4	5402.4
1450	25    	4001.5 	3067.6	5422.8
1451	25    	4225.6 	2682.8	6050  
1452	25    	3931.94	3031.6	5445.6
1453	25    	3897.87	2898.4	5416.4
1454	25    	4195.01	2616.4	6325.2
1455	25    	4078.96	2945.2	5406.8
1456	25    	4036.21	3316.4	5111.2
1457	25    	4039.97	2603.6	5576.4
1458	25    	3789.98	2483.6	5551.6
1459	25    	4021.79	2713.6	6008.4
1460	25    	3895.94	2677.6	5187.6
1461	25    	3968.1 	2701.2	5065.2
1462	25    	3797.62	2339.2	5170.4
1463	25    	3960.35	2904.8	5799.2
1464	25    	3959.62	2676.8	5276.4
1465	25    	3718.58	2527.6	4879.6
1466	25    	4028.54	2746.8	5508.4
1467	25    	3984.54	2616.8	6054.4
1468	25    	4223.9 	2970.4	6148.8
1469	25    	3987.23	2663.6	5577.2
1470	25    	4165.81	2672  	5367.2
1471	25    	4031.49	2777.6	5570.8
1472	25    	4301.81	2953.2	5482.8
1473	25    	3983.78	2492  	5664.4
1474	25    	4111.57	2870  	5305.6
1475	25    	3674.37	2474  	4452.4
1476	25    	3718.77	2584.8	4746  
1477	25    	3924.02	3034.4	4980.8
1478	25    	3937.98	2994  	5473.2
1479	25    	3989.23	2742.8	5290  
1480	25    	4168.08	2868  	6243.2
1481	25    	3977.55	2492  	5779.2
1482	25    	4029.78	2427.2	5209.6
1483	25    	4132.83	2915.6	5795.2
1484	25    	4072.56	2820  	5003.6
1485	25    	3738.06	2722.8	4707.6
1486	25    	3804.08	2833.6	4937.6
1487	25    	3762.02	2786  	4794  
1488	25    	3854.75	2917.6	5012.4
1489	25    	3968.62	2879.6	6398.8
1490	25    	3718.05	2615.6	5252.4
1491	25    	3727.94	2105.6	4997.2
1492	25    	3807.22	2547.6	5115.2
1493	25    	3925.44	2086  	5236.4
1494	25    	3846.61	2838.4	6304  
1495	25    	3930.11	2301.6	5295.2
1496	25    	3857.18	2336.4	5272  
1497	25    	3915.23	2182  	5904.8
1498	25    	3714.08	2362.8	5152.4
1499	25    	3788.9 	2882.8	4584  
1500	25    	4080.43	2799.6	5882.4
1501	25    	3542.43	2406.8	4406.4
1502	25    	3670.11	2526  	4947.6
1503	25    	3787.47	2382.8	4650.8
1504	25    	3859.3 	2994.8	5610.8
1505	25    	4118.29	2664  	5583.2
1506	25    	4126.37	2922  	5094.8
1507	25    	3925.98	2732.4	4943.6
1508	25    	3849.23	2548.8	6512  
1509	25    	3751.97	2876.8	4764.4
1510	25    	3927.33	3013.2	5484  
1511	25    	3956.62	2844.8	4871.6
1512	25    	3663.36	2638.8	4697.2
1513	25    	3868.11	2656.4	4803.6
1514	25    	3868.5 	2352.4	5512.4
1515	25    	4264.35	3553.2	6044.4
1516	25    	3801.94	2535.2	5064  
1517	25    	3800.91	2929.2	5024.4
1518	25    	3681.68	2971.6	5117.2
1519	25    	3913.89	2847.6	4987.6
1520	25    	3772.24	2613.6	4827.2
1521	25    	3710.7 	2597.6	5048.4
1522	25    	4218.26	3010  	5644.4
1523	25    	3887.41	2348.8	5742.8
1524	25    	3970.9 	2654.4	6201.2
1525	25    	3911.97	2972.4	5414  
1526	25    	3622.69	2498.4	5292  
1527	25    	4303.68	3232  	5908.4
1528	25    	3655.5 	2444.8	4580.4
1529	25    	3606.72	2659.6	5359.6
1530	25    	3860.02	2991.2	5096.4
1531	25    	3943.14	2818.4	5111.2
1532	25    	3855.82	2874.8	5037.2
1533	25    	3917.58	2973.6	5088  
1534	25    	3719.34	2887.2	4988.8
1535	25    	3766.1 	2730  	4696  
1536	25    	3900.22	2841.2	5282.4
1537	25    	3935.95	2570.8	5050.8
1538	25    	3963.78	2776.4	5498  
1539	25    	3753.23	2756  	5432.4
1540	25    	4037.17	2478.8	5250.4
1541	25    	3915.71	2285.6	5295.6
1542	25    	3907.74	2545.6	6036  
1543	25    	3748.85	1945.6	5236.4
1544	25    	3918.94	2528.4	5132.4
1545	25    	3911.95	2594.8	5294.8
1546	25    	3724.74	2464.4	5269.6
1547	25    	3587.38	2539.2	4642.4
1548	25    	3747.89	2761.6	4473.6
1549	25    	3640.66	2404.8	5346.4
1550	25    	3571.81	2642  	4778.8
1551	25    	3612.64	2038.8	5242.8
1552	25    	3588.7 	2722.4	4668.4
1553	25    	3602.19	2512.4	4801.2
1554	25    	3686.34	2364.4	5012.4
1555	25    	3681.22	2797.2	4947.2
1556	25    	3911.23	2799.6	5268  
1557	25    	3743.01	2601.2	5143.2
1558	25    	3809.9 	2682.4	5126.4
1559	25    	4007.28	2651.6	4932.8
1560	25    	3688   	2554  	5285.2
1561	25    	3910.66	2720  	5140.4
1562	25    	3770.88	2921.2	5301.2
1563	25    	3942.08	2846.4	5716.8
1564	25    	3903.47	2531.6	6016  
1565	25    	3745.84	2219.2	4725.6
1566	25    	3784   	2656.4	4700.4
1567	25    	3892.61	2936.8	5805.2
1568	25    	3906.74	2754  	5356.8
1569	25    	3995.81	3159.6	5371.2
1570	25    	3929.6 	2840.8	5096.8
1571	25    	3965.1 	3032.8	5511.6
1572	25    	3803.06	2053.6	5338.8
1573	25    	3823.49	2882.8	4811.2
1574	25    	4091.68	3050.8	5552.4
1575	25    	3674.99	2464.8	4884  
1576	25    	3860.3 	2896.8	4798.8
1577	25    	4263.15	2781.2	5274.8
1578	25    	4044.78	3034.4	6010  
1579	25    	4019.89	2788  	5922.8
1580	25    	3778.85	2736.4	5020.4
1581	25    	3984.62	2494  	6213.6
1582	25    	3987.04	2702.8	5284.4
1583	25    	3815.65	2484.8	5021.2
1584	25    	3745.58	2591.2	4810.4
1585	25    	4072.32	2774.8	5382.4
1586	25    	3995.97	2696.8	5296  
1587	25    	4193.12	3055.2	5284  
1588	25    	3937.81	2272.8	5822  
1589	25    	3796.38	2201.6	5362.4
1590	25    	3991.46	2771.2	5252.4
1591	25    	3998.88	3118.4	4924  
1592	25    	4199.95	2518.4	5017.6
1593	25    	4086.19	2900.4	5667.6
1594	25    	4096.42	2694.4	5589.6
1595	25    	3810.38	2659.6	5192  
1596	25    	3809.34	2908.4	5029.6
1597	25    	3866.02	2457.2	5581.6
1598	25    	4095.82	2362  	5427.2
1599	25    	4015.09	3049.2	5487.2
1600	25    	3959.63	2601.6	4868  
1601	25    	3755.46	2257.6	4808  
1602	25    	3945.89	2942.4	5890.4
1603	25    	3997.01	2842.4	5373.6
1604	25    	4037.73	2699.2	5646.4
1605	25    	3729.54	2608.8	4884.8
1606	25    	3655.15	2406.8	5006  
1607	25    	3999.01	2833.6	5444.4
1608	25    	3917.46	2588.4	5078.8
1609	25    	4022.11	2685.6	5732.8
1610	25    	4189.92	2650.4	5018.8
1611	25    	4041.33	2685.2	5612  
1612	25    	3683.09	2732  	5027.6
1613	25    	4036.93	2931.6	5454  
1614	25    	3953.31	2856  	6584  
1615	25    	3889.39	2916  	6172  
1616	25    	3942.54	2600  	5504  
1617	25    	3796.35	2952.4	4885.6
1618	25    	4163.71	3010  	5700.8
1619	25    	3804.16	2659.6	4892.8
1620	25    	3922.18	2971.2	5445.2
1621	25    	3842.86	2654.4	5121.6
1622	25    	4070.98	2990.4	5752  
1623	25    	3958.05	2742.8	5748.4
1624	25    	4126.43	2540.4	5711.6
1625	25    	3919.55	3206.8	5185.6
1626	25    	3998.77	3003.6	5785.2
1627	25    	4184.05	3003.6	5920.4
1628	25    	4183.33	3376.8	5728.8
1629	25    	3859.66	2766.4	5406  
1630	25    	3710.86	2335.2	4641.6
1631	25    	4197.09	3176  	5582.8
1632	25    	3981.22	3068.8	5578  
1633	25    	3849.12	3080.8	5001.6
1634	25    	3833.86	2729.6	5556  
1635	25    	4260.16	2852.8	5372.4
1636	25    	4153.92	2965.6	6032  
1637	25    	4084.9 	2619.6	5704  
1638	25    	4020.34	3038.8	5311.6
1639	25    	4013.28	3004  	5152.4
1640	25    	3970.75	2701.2	5137.6
1641	25    	3972.16	2734.4	5760  
1642	25    	3951.12	2682.4	5310.4
1643	25    	4171.98	3367.2	5441.6
1644	25    	4157.7 	2756.4	5076.8
1645	25    	4141.1 	3364.8	5665.6
1646	25    	4038.08	2137.6	6036  
1647	25    	3865.54	3152  	4608.4
1648	25    	3924.03	3143.6	4800.4
1649	25    	4138.91	2862  	5452.8
1650	25    	3943.97	2545.2	4948  
1651	25    	4151.22	2755.2	5417.6
1652	25    	3882.86	3126.8	4962.8
1653	25    	3967.1 	2564.4	5418.8
1654	25    	3960.51	2846.8	5500.8
1655	25    	3970.7 	2735.2	5266.8
1656	25    	4234.32	3374.4	5484.4
1657	25    	3901.7 	3142  	4592  
1658	25    	4099.04	2916.4	5719.2
1659	25    	3990.21	2969.2	5735.6
1660	25    	4163.38	3174  	5442  
1661	25    	4006.8 	2384.8	5661.6
1662	25    	4016.78	2938.4	4973.2
1663	25    	3997.76	2988.8	5358.8
1664	25    	3921.25	2706  	5916.4
1665	25    	4014.74	3313.2	5473.6
1666	25    	4104.61	2520.8	6450.8
1667	25    	4078.96	2407.6	5407.2
1668	25    	4154.35	3149.2	5232.4
1669	25    	3992.64	2991.6	5108.8
1670	25    	3962.38	3020.8	4831.2
1671	25    	4040.77	2591.6	5983.2
1672	25    	3958.08	2304  	5467.6
1673	25    	3892.51	3019.2	5303.2
1674	25    	4124.37	2421.6	5259.6
1675	25    	4041.14	2615.6	6004.4
1676	25    	3984.99	2464  	5241.2
1677	25    	3933.5 	2386  	5338  
1678	25    	4209.46	3438  	5899.2
1679	25    	4123.81	3338  	5662  
1680	25    	3920.1 	2708.4	5085.6
1681	25    	4008.72	2794.8	5122.4
1682	25    	3906.13	2872.4	5336.4
1683	25    	4305.98	2838  	5812  
1684	25    	4027.28	2186  	5502.4
1685	25    	4071.38	2837.6	5485.6
1686	25    	4011.95	2368  	6076.4
1687	25    	4121.5 	2438  	5698.8
1688	25    	4087.04	3021.2	5328.8
1689	25    	4025.09	2760.8	5541.6
1690	25    	3997.46	3032  	5210.8
1691	25    	3801.5 	2699.6	4921.6
1692	25    	3932.53	2512  	5537.6
1693	25    	3969.01	2628.4	5660.8
1694	25    	3903.44	2647.2	4907.6
1695	25    	4022.05	2427.6	5520.4
1696	25    	4121.63	2661.2	5867.2
1697	25    	3954.85	2866.8	5415.6
1698	25    	3894.9 	2712.4	5060  
1699	25    	3967.33	2498  	5258.8
1700	25    	3875.73	2680  	5399.2
1701	25    	4308.9 	2318.8	6535.6
1702	25    	3868.62	3016.8	5488  
1703	25    	4032.56	1855.6	5455.6
1704	25    	4014.98	2520.8	5486.4
1705	25    	4027.36	2624  	5390  
1706	25    	4202.32	3394.4	5683.6
1707	25    	4318.64	3107.2	5590.8
1708	25    	4164.3 	2092  	6634.8
1709	25    	4092.51	2830  	6224.8
1710	25    	4067.44	2388.8	5033.2
1711	25    	4063.6 	2994.4	5386.4
1712	25    	3852.98	2242  	5222  
1713	25    	3996.02	2788.8	5174.8
1714	25    	4065.68	2397.6	5500  
1715	25    	4035.22	2942.8	6489.2
1716	25    	4120.46	2992  	6512  
1717	25    	3999.12	2731.6	5213.2
1718	25    	4104.35	2856.8	5903.6
1719	25    	3705.26	2761.2	4906.4
1720	25    	4309.42	3107.6	5860.8
1721	25    	4251.41	3197.2	5903.6
1722	25    	3777.3 	2627.6	4707.2
1723	25    	3897.17	2978  	5441.6
1724	25    	3960.5 	2941.6	5519.6
1725	25    	3969.47	2610.8	4764.4
1726	25    	4191.47	2772  	5728.8
1727	25    	3725.44	2386  	4664.4
1728	25    	3841.62	2686.8	4722.4
1729	25    	4027.01	2558  	4909.2
1730	25    	4103.2 	2867.6	5272  
1731	25    	3922.11	2954.8	5086.8
1732	25    	4279.68	2863.2	5710  
1733	25    	4160.58	2869.6	5652.8
1734	25    	4006.69	3129.6	5822.8
1735	25    	3843.63	2940.4	4994.8
1736	25    	3896.18	2721.2	5152.8
1737	25    	4033.82	2631.2	5546  
1738	25    	4003.7 	2006  	5808.8
1739	25    	3888.54	2805.6	4822.4
1740	25    	4014.86	3022.4	5120.4
1741	25    	3862.8 	2708.8	5112  
1742	25    	3869.89	2608.4	5864  
1743	25    	4175.63	2669.6	5666  
1744	25    	3982.32	2517.6	5125.6
1745	25    	3803.76	2860  	5612  
1746	25    	4001.25	2591.2	5305.6
1747	25    	3891.36	2824.8	5456.4
1748	25    	4003.86	3127.6	5176  
1749	25    	3889.5 	2827.2	5043.6
1750	25    	3746.69	2575.2	4782  
1751	25    	4012.1 	2712  	5707.6
1752	25    	4047.92	2899.2	5378.4
1753	25    	3893.87	1948  	6166.4
1754	25    	3830.02	2492  	5508.8
1755	25    	3998.03	2499.6	5751.6
1756	25    	4112.14	2889.6	5128.8
1757	25    	4030.62	2454.4	5425.6
1758	25    	4264.06	3166.8	5933.2
1759	25    	4011.74	3144.8	4997.2
1760	25    	4113.86	2840.8	6176  
1761	25    	4109.12	2600.8	5584.4
1762	25    	4033.63	3037.2	5262.4
1763	25    	3804.75	2646  	5206.4
1764	25    	4233.39	2948  	5372  
1765	25    	4307.66	2572  	5419.2
1766	25    	4025.52	3001.2	5633.2
1767	25    	4122.9 	2957.2	5703.6
1768	25    	4067.7 	3089.6	5698.8
1769	25    	3866.67	2626  	5089.2
1770	25    	3830.85	2590.4	4962.4
1771	25    	3893.49	2546  	5086  
1772	25    	4242.96	2855.2	6147.6
1773	25    	4386.21	3244.4	5530.4
1774	25    	4026.34	2258.4	6259.2
1775	25    	4136.62	3295.2	5469.2
1776	25    	4032.43	2791.2	6698.4
1777	25    	3929.7 	2391.6	5320  
1778	25    	3912.66	2942  	5010.4
1779	25    	4221.25	2302.4	5772  
1780	25    	3930.46	2909.2	5327.6
1781	25    	4101.76	2938.4	5806  
1782	25    	3757.28	2399.2	5320.4
1783	25    	4166.59	2479.6	5286.8
1784	25    	4266.11	2837.2	5453.2
1785	25    	4064.38	2505.2	5194  
1786	25    	4037.82	2864.4	5215.2
1787	25    	3971.57	2795.6	5100.8
1788	25    	3938.58	2258.8	4791.6
1789	25    	3832.96	1884.8	5468  
1790	25    	4054.19	3043.2	5020.8
1791	25    	3962.9 	2520.8	5286.4
1792	25    	3717.02	2287.2	5198.4
1793	25    	3759.84	2347.6	5268.8
1794	25    	4056.11	3145.2	5521.6
1795	25    	3786.45	2761.6	5607.6
1796	25    	3794.59	2753.6	5731.2
1797	25    	3972.1 	2905.6	5258  
1798	25    	3980.43	3111.2	5186.4
1799	25    	4107.49	2970.8	5299.2
1800	25    	3940.7 	2700.8	4746.4
1801	25    	3863.02	2182  	5836.8
1802	25    	4024.48	3125.6	5886.4
1803	25    	3948.02	3040  	5962  
1804	25    	4158.96	3101.6	5528.8
1805	25    	4086.1 	2660.4	5169.6
1806	25    	4065.36	2754  	5689.2
1807	25    	3791.65	2544.8	5489.2
1808	25    	3928.96	3215.6	5392.4
1809	25    	4149.74	2794.8	6104  
1810	25    	3949.07	2872.8	4997.6
1811	25    	4082.46	3157.2	5270  
1812	25    	3992.82	2888.8	5585.6
1813	25    	3750.96	2863.6	4921.2
1814	25    	3931.76	2480.4	5700.4
1815	25    	4038   	2853.6	5708.8
1816	25    	3747.71	2367.2	5610.4
1817	25    	4049.68	3077.6	5608  
1818	25    	3979.7 	2858.8	5650  
1819	25    	4125.86	2838.8	5983.2
1820	25    	4167.41	3256  	5556.4
1821	25    	3991.95	2902.4	5239.2
1822	25    	4119.07	2728.8	5097.2
1823	25    	3891.84	2800  	5202.4
1824	25    	3980.5 	2806.8	5393.6
1825	25    	3722.98	2760.4	4692  
1826	25    	4123.62	2578  	5128.4
1827	25    	3931.15	2928.4	4953.2
1828	25    	3904   	2768  	5223.6
1829	25    	3942.5 	2909.6	5160.8
1830	25    	3889.17	1936.4	5099.2
1831	25    	4158.58	2748  	5374  
1832	25    	4167.3 	2164.4	5496.4
1833	25    	4057.23	2921.2	5807.6
1834	25    	4341.06	3199.2	5688  
1835	25    	4129.52	2679.2	5732  
1836	25    	4038.59	2850.4	5398  
1837	25    	4000.46	3105.6	5029.6
1838	25    	3929.79	2579.6	5454  
1839	25    	4023.6 	2926  	5252.4
1840	25    	4290.67	2947.2	5608.8
1841	25    	4383.3 	3197.6	6580.8
1842	25    	4099.22	2685.6	5508  
1843	25    	4187.14	3236  	5385.2
1844	25    	4127.87	2769.6	5475.6
1845	25    	3954.78	2810  	5894  
1846	25    	4388.02	3463.2	5527.6
1847	25    	4079.34	3270.8	4796.4
1848	25    	4207.14	3234  	6103.2
1849	25    	3874.82	2924.8	4749.6
1850	25    	4203.25	3082.4	5384  
1851	25    	4125.52	2357.6	5227.2
1852	25    	3677.2 	2297.2	5260  
1853	25    	4200.32	2669.2	5704.4
1854	25    	3929.52	2531.2	5295.2
1855	25    	4012.22	2568.4	5422  
1856	25    	3783.47	2702.8	5458  
1857	25    	4007.47	2692.4	5434.8
1858	25    	4042.75	2904.4	5325.6
1859	25    	3864.9 	3027.2	4976.8
1860	25    	3896.27	2884.8	5570.8
1861	25    	3816.24	2268.4	5512.4
1862	25    	3994.18	2595.6	5348  
1863	25    	3952.67	1998.4	5303.2
1864	25    	3783.09	2496.8	5414.8
1865	25    	3777.9 	2379.2	5622  
1866	25    	3853.73	2789.6	5502  
1867	25    	4126.61	2798.4	5474.4
1868	25    	4147.94	3052  	6472  
1869	25    	3976.99	3018.8	5043.6
1870	25    	4363.58	3176.4	6616.4
1871	25    	4174.69	2948  	6190  
1872	25    	3990.93	2907.6	5283.6
1873	25    	4092.16	2834.4	5138.8
1874	25    	4151.86	2864  	6080.8
1875	25    	4070.24	3058.8	5140.4
1876	25    	4009.42	2478.8	5046  
1877	25    	3717.86	2736  	5168  
1878	25    	4168.48	2866  	5690.8
1879	25    	4088.35	3197.6	6022  
1880	25    	4144.51	2787.2	6078  
1881	25    	4004.13	2894.4	5604.4
1882	25    	4201.68	2997.6	5900  
1883	25    	4101.2 	2781.6	5339.2
1884	25    	4201.41	2958.8	5846.4
1885	25    	4039.52	3055.6	5124.4
1886	25    	4309.33	3183.6	5982.4
1887	25    	4001.31	2520  	5640.4
1888	25    	4034.58	2374.4	5845.6
1889	25    	3839.34	2844.4	6084.8
1890	25    	3983.68	2742.8	5451.6
1891	25    	3876.53	2290.4	6071.6
1892	25    	4064.43	2851.6	5637.6
1893	25    	3908.9 	3048.4	5330.8
1894	25    	4197.68	2876.8	5749.2
1895	25    	4085.3 	3029.2	5258.8
1896	25    	4016.72	2251.2	5720  
1897	25    	4060.66	2804  	5950.8
1898	25    	4186.94	2938.8	5031.6
1899	25    	4213.33	3174.8	6012.8
1900	25    	4047.28	2226.8	5798.4
1901	25    	3983.23	2405.6	5344  
1902	25    	4181.17	2760.4	5681.2
1903	25    	3920.88	2960.4	5013.6
1904	25    	3956.74	2859.6	5416  
1905	25    	4112.54	2500.4	5534  
1906	25    	4148.46	2795.6	6429.2
1907	25    	4038.05	2840  	5409.6
1908	25    	4327.41	3113.6	6422.8
1909	25    	3694.91	2328  	4745.2
1910	25    	4022.94	2837.2	5472  
1911	25    	3898.35	2361.6	5039.6
1912	25    	3991.84	2704  	5530.4
1913	25    	3962.93	3041.2	4980  
1914	25    	3923.55	2376  	5256.8
1915	25    	4046.66	2597.2	5618  
1916	25    	3704.67	2733.6	4979.2
1917	25    	3877.23	2754.8	5342  
1918	25    	3878.83	2912.4	5252.4
1919	25    	4050.3 	2370  	5452.8
1920	25    	4073.79	2805.2	6047.2
1921	25    	4055.46	2582.4	5968.8
1922	25    	3951.78	2850  	6234.4
1923	25    	4195.31	2948.8	5842.4
1924	25    	4109.46	3041.6	4954.4
1925	25    	4045.66	2695.2	5092.8
1926	25    	4140.5 	3204.4	5674.4
1927	25    	4197.54	3428.4	5442.4
1928	25    	4224.06	2514.8	5869.2
1929	25    	3980.61	2792.8	5357.6
1930	25    	3951.86	2696.8	5308.8
1931	25    	4046.03	2792.4	6122.4
1932	25    	4136.06	2882  	5540.8
1933	25    	4037.7 	2859.2	5781.6
1934	25    	3822.24	2646  	4728.8
1935	25    	4197.02	2975.6	5640.8
1936	25    	4199.54	3210.4	5112.4
1937	25    	4025.04	2727.6	5526.4
1938	25    	4178.83	2746.4	6100.4
1939	25    	3806.67	2553.2	4900.8
1940	25    	3900.05	2434.8	6189.6
1941	25    	4178.9 	3423.2	5624.4
1942	25    	3944.08	3257.2	4977.6
1943	25    	3933.54	2692.8	5645.2
1944	25    	4162.59	2991.6	5488  
1945	25    	3838.78	2474.4	5614  
1946	25    	4085.97	3082.8	6318  
1947	25    	3918.59	2615.2	5337.2
1948	25    	4020.1 	2962.8	5203.6
1949	25    	3918.32	2542  	6486.8
1950	25    	3718.43	2862  	4556  
1951	25    	4045.52	2944.4	5397.2
1952	25    	4037.34	3014.8	5296.4
1953	25    	4162.59	3047.6	5585.2
1954	25    	4069.78	2864  	5358  
1955	25    	4117.07	3008.8	5304.4
1956	25    	4373.06	3394  	5853.2
1957	25    	4197.54	2938.8	5488.4
1958	25    	3945.82	2394  	4892.4
1959	25    	4151.28	2738.8	5986  
1960	25    	4023.07	2958  	5382.4
1961	25    	4068.27	2860.8	5763.6
1962	25    	4215.95	3102.4	5493.2
1963	25    	3842.99	2740.8	4936  
1964	25    	3986.46	2862  	6167.6
1965	25    	4108.3 	3082.4	5461.2
1966	25    	4165.74	2688.8	5092.4
1967	25    	4128.21	2899.2	5209.6
1968	25    	4111.9 	2626.8	4876.4
1969	25    	4090.24	3009.6	5632.4
1970	25    	3791.54	2210  	5300  
1971	25    	4204.58	3172.8	5042  
1972	25    	4007.22	2855.6	5505.6
1973	25    	4222.85	2996  	5808.4
1974	25    	3895.89	2249.6	5679.6
1975	25    	3723.94	2473.2	5881.6
1976	25    	4178.19	2898.8	7181.2
1977	25    	3892.77	2620.4	5086  
1978	25    	4040.22	2693.6	5568  
1979	25    	3956.8 	2960.8	5167.2
1980	25    	4060.62	2888.8	5811.2
1981	25    	4120.37	2938  	5378.8
1982	25    	4294.86	3350.8	5401.6
1983	25    	4005.86	3012.4	5981.2
1984	25    	4252.54	3009.2	5678.4
1985	25    	4164.11	2985.2	5742.4
1986	25    	3831.12	2487.2	4930.8
1987	25    	3735.23	2465.6	4789.6
1988	25    	3941.5 	2846  	4916.4
1989	25    	3856.11	2570.4	5140.8
1990	25    	3761.98	3172.8	4790  
1991	25    	3832.5 	2894  	4650.8
1992	25    	3967.44	2918.4	5002  
1993	25    	3703.01	2886.4	4976.4
1994	25    	4078.32	2939.6	5488  
1995	25    	4014.1 	2361.2	5306.4
1996	25    	3932.66	2352  	6043.6
1997	25    	4019.73	2645.2	5156  
1998	25    	4118.69	3154.8	4956.8
1999	25    	3992.34	2534.4	5188  
2000	25    	4104.21	3009.6	5516  
2001	25    	3935.79	2798.4	5387.6
2002	25    	3975.78	2644.8	5012.8
2003	25    	3872.35	2704.4	5510  
2004	25    	4023.1 	2899.6	5186.4
2005	25    	3902.82	2844.4	5077.6
2006	25    	4030.06	2846.8	5781.6
2007	25    	3853.86	2813.2	5091.2
2008	25    	3858.16	2872.8	4592.8
2009	25    	3898.85	2478.8	4885.2
2010	25    	4241.26	2350.4	6092.8
2011	25    	4335.66	3138.4	6858.8
2012	25    	3826.96	2724.4	5236.4
2013	25    	4051.79	2871.2	5488.8
2014	25    	3935.6 	3073.6	6548  
2015	25    	4020.51	2457.6	5284.8
2016	25    	4125.62	2704.4	5613.6
2017	25    	3963.79	2812.8	5020.8
2018	25    	4066.3 	2530.8	5775.2
2019	25    	4050.4 	2414.8	5176  
2020	25    	4165.9 	2784  	5195.2
2021	25    	4156.06	3276.8	5252.8
2022	25    	3874.88	2506.8	4787.2
2023	25    	3927.68	2189.6	5493.6
2024	25    	3795.41	2253.2	4623.2
2025	25    	3835.92	2345.2	5373.6
2026	25    	4106.93	2610.4	5896  
2027	25    	4187.78	2885.6	5456.8
2028	25    	4138.56	2933.6	6427.2
2029	25    	3958.82	2977.2	5184.4
2030	25    	4130.69	3213.6	5402  
2031	25    	3898.16	2438  	5150.4
2032	25    	3999.71	2828.8	4850.8
2033	25    	3888.77	3234.8	5081.2
2034	25    	4243.98	2583.6	5336  
2035	25    	4135.92	2555.6	6574.8
2036	25    	4029.74	2547.6	5567.2
2037	25    	4280.13	3546  	6336.8
2038	25    	4176.94	3116.4	5733.2
2039	25    	4212.13	2869.2	6146.8
2040	25    	4040.29	2830  	5674.8
2041	25    	3976.29	2896.8	5576.8
2042	25    	4033.89	2403.2	5601.2
2043	25    	4039.44	2887.2	5884.8
2044	25    	3686.05	2890.4	5003.2
2045	25    	4063.36	2562.8	6044.4
2046	25    	3990.7 	2826  	5099.6
2047	25    	3932.94	2879.6	6333.6
2048	25    	4162.03	2915.6	5978  
2049	25    	4055.6 	2319.6	5492.4
2050	25    	4026.24	2548  	5197.6
2051	25    	4054.83	3014.8	5712.4
2052	25    	3791.34	2639.2	5116.4
2053	25    	3720.21	2442.8	5173.6
2054	25    	3809.22	2714  	4999.2
2055	25    	3775.18	2865.2	5040  
2056	25    	3962.5 	3078.8	5334  
2057	25    	3838.58	2788.8	5420.8
2058	25    	3982.4 	2578.8	5370  
2059	25    	4161.92	2889.6	5224.4
2060	25    	4002.34	2855.2	5596.4
2061	25    	4103.73	2986.8	5515.6
2062	25    	3877.44	2694  	5394  
2063	25    	3915.63	3058  	5148.8
2064	25    	3928.05	2635.6	5397.6
2065	25    	3983.17	2599.6	5420.4
2066	25    	3775.92	2795.2	4780  
2067	25    	4276.93	2930  	5172.4
2068	25    	3967.92	2910.4	5256.8
2069	25    	3955.41	2563.2	5280.8
2070	25    	4010.06	2368.4	5795.2
2071	25    	4288.22	3203.2	5709.2
2072	25    	3994.03	2369.2	5699.6
2073	25    	4001.52	2906.8	5021.2
2074	25    	4003.01	2744.4	5292  
2075	25    	4061.82	2686.8	5568  
2076	25    	4122.37	2884.4	5693.2
2077	25    	4105.82	3194.8	5832.4
2078	25    	3936.93	2904.8	5159.6
2079	25    	3970.35	2882  	5207.2
2080	25    	4266.75	2783.6	5466.8
2081	25    	4000.35	2947.6	5410.8
2082	25    	4215.25	2935.6	6280.4
2083	25    	4284   	2932  	5746.4
2084	25    	3841.57	2350.4	5435.2
2085	25    	4017.52	2856  	5589.6
2086	25    	4286.72	2896.4	7023.2
2087	25    	3747.71	2485.6	5618.8
2088	25    	3890.94	2973.2	5006  
2089	25    	3931.94	2853.6	5350.4
2090	25    	4104.94	2525.2	5022  
2091	25    	3996.34	2803.2	5722  
2092	25    	4245.17	2878.4	5818.8
2093	25    	3910.42	2376.8	6973.6
2094	25    	3860.4 	2951.6	5379.2
2095	25    	4087.97	3116.4	4980  
2096	25    	4000.94	3116.4	5614.4
2097	25    	4014   	3212.4	4992  
2098	25    	3789.97	2321.6	4625.6
2099	25    	4132.96	3073.6	5592.8
2100	25    	4069.89	2417.6	5142  
2101	25    	4090.26	2288.8	5621.6
2102	25    	3951.26	2772.4	4657.6
2103	25    	4094.11	2700.4	6121.2
2104	25    	3892.56	2458  	5618  
2105	25    	3763.65	2210.8	5291.6
2106	25    	3871.36	2656  	5670.4
2107	25    	3709.63	2614  	4396.8
2108	25    	3998.13	2902.8	5062.4
2109	25    	3825.22	2461.2	4796  
2110	25    	3951.12	2264.4	5071.6
2111	25    	4152.18	3026  	5788.8
2112	25    	3626.21	2541.6	5391.2
2113	25    	3965.87	2820.4	6594  
2114	25    	4114.59	3138.8	5732.8
2115	25    	3998.45	3064.4	5436.8
2116	25    	3768.96	2608  	4866.4
2117	25    	4002.19	2679.6	5687.2
2118	25    	3821.95	2844.4	4728.8
2119	25    	3825.2 	3022  	5315.6
2120	25    	3820.02	2626.8	5160  
2121	25    	4074.74	3110.4	5604.4
2122	25    	3841.66	2085.2	5298.8
2123	25    	3641.39	2352  	5520  
2124	25    	3813.78	2700  	5113.6
2125	25    	3960.3 	3190.8	5156  
2126	25    	4269.25	2728.4	6378.4
2127	25    	3669.14	2275.2	5723.6
2128	25    	3978.14	2312.4	4847.6
2129	25    	3927.47	2826.4	5019.2
2130	25    	3941.14	2575.6	5349.2
2131	25    	3954.34	3018.8	5083.2
2132	25    	3962.43	2460.8	5665.6
2133	25    	4173.41	2870.8	6102.4
2134	25    	4016.29	2373.2	5390  
2135	25    	3968.03	2887.2	5464.4
2136	25    	4108.11	3174  	6062  
2137	25    	4123.1 	2431.2	5004.8
2138	25    	3982.11	2513.2	5272.8
2139	25    	3910.27	2809.2	5121.6
2140	25    	4099.78	3174.8	5425.6
2141	25    	4234.24	3088  	5741.2
2142	25    	4091.54	3096.8	5401.2
2143	25    	3894.93	2248.4	4783.6
2144	25    	3900.11	2425.6	4772.8
2145	25    	3925.76	2866.4	5005.2
2146	25    	3837.92	2510  	6417.2
2147	25    	4000.37	3021.6	4955.2
2148	25    	3794.56	2883.6	5450.4
2149	25    	3902.27	2820.4	5306.8
2150	25    	3845.5 	2296.8	4811.2