gen	nevals	avg    	min   	max   
1  	25    	2105.22	407.2 	3300  
2  	25    	2037.86	429.6 	4331.2
3  	25    	1709.82	637.6 	3148  
4  	25    	1747.65	540   	3212  
5  	25    	1884.16	632   	3957.6
6  	25    	1943.36	370.4 	3391.2
7  	25    	2509.18	1172  	4066.4
8  	25    	2255.52	601.6 	3677.6
9  	25    	2300.67	786.4 	3431.2
10 	25    	2293.63	780   	3448.8
11 	25    	2308.42	617.6 	3514.4
12 	25    	2384.06	897.6 	3766.4
13 	25    	2547.52	1313.6	4574.4
14 	25    	2194.34	1440.8	3540.8
15 	25    	2639.94	1487.2	3692.8
16 	25    	2405.47	1808.8	3203.2
17 	25    	2444.32	662.4 	3491.2
18 	25    	2390.02	1048.8	3369.6
19 	25    	2555.74	1188.8	3754.4
20 	25    	2473.57	1134.4	3392.8
21 	25    	2441.82	1909.6	3385.6
22 	25    	2312.45	731.2 	3904  
23 	25    	2565.34	1358.4	4120  
24 	25    	2376.35	1640.8	3564.8
25 	25    	2745.57	1718.4	4077.6
26 	25    	2648   	945.6 	3968  
27 	25    	2679.81	846.4 	3963.2
28 	25    	2339.94	639.2 	3525.6
29 	25    	2251.01	1312  	3096.8
30 	25    	2513.09	1552.8	3873.6
31 	25    	2386.69	1423.2	3224  
32 	25    	2436   	1523.2	3377.6
33 	25    	2438.5 	1222.4	3379.2
34 	25    	2321.47	1513.6	3699.2
35 	25    	2472.61	1545.6	3492  
36 	25    	2457.09	1536.8	3929.6
37 	25    	2584.1 	1462.4	3840.8
38 	25    	2456.03	1457.6	4031.2
39 	25    	2464.54	1699.2	3511.2
40 	25    	2514.3 	1520  	3494.4
41 	25    	2459.33	1019.2	4000.8
42 	25    	2625.15	1709.6	3500.8
43 	25    	2424.64	1276.8	3195.2
44 	25    	2568.29	1788  	3756.8
45 	25    	2585.73	1756  	4137.6
46 	25    	2624.8 	1757.6	3972.8
47 	25    	2340.93	1010.4	3832.8
48 	25    	2376.26	1588.8	3276  
49 	25    	2408.77	1315.2	4048.8
50 	25    	2523.65	1458.4	4248.8
51 	25    	2608.06	1230.4	3944.8
52 	25    	2542.53	1446.4	3435.2
53 	25    	2650.43	1735.2	3550.4
54 	25    	2392.8 	1508.8	3085.6
55 	25    	2457.79	1916  	3053.6
56 	25    	2684.26	1702.4	3699.2
57 	25    	2376.58	1613.6	3364  
58 	25    	2665.57	1685.6	4032  
59 	25    	2364.45	1101.6	3691.2
60 	25    	2432   	1688.8	3543.2
61 	25    	2519.62	1840.8	3626.4
62 	25    	2358.14	1432  	3110.4
63 	25    	2549.41	1542.4	4100.8
64 	25    	2536.74	1628  	3776.8
65 	25    	2490.82	1533.6	3616.8
66 	25    	2424.1 	1404.8	3344  
67 	25    	2424.45	1006.4	3418.4
68 	25    	2628.77	1728.8	3616.8
69 	25    	2455.87	1402.4	3906.4
70 	25    	2514.53	1382.4	3584.8
71 	25    	2513.89	1751.2	3414.4
72 	25    	2347.1 	1169.6	3644.8
73 	25    	2348.38	1478.4	3316  
74 	25    	2434.11	1866.4	4226.4
75 	25    	2523.3 	1748.8	3975.2
76 	25    	2469.06	1423.2	3492  
77 	25    	2499.97	1111.2	3790.4
78 	25    	2359.9 	1434.4	3640.8
79 	25    	2540.35	1782.4	4160  
80 	25    	2512.06	1372  	3502.4
81 	25    	2447.07	1387.2	3258.4
82 	25    	2148.54	1440  	2776.8
83 	25    	2375.74	1588.8	3674.4
84 	25    	2641.86	1309.6	4393.6
85 	25    	2541.63	1707.2	3441.6
86 	25    	2490.46	1664.8	3889.6
87 	25    	2514.91	1516  	4594.4
88 	25    	2540.16	1618.4	3825.6
89 	25    	2497.63	1337.6	3724.8
90 	25    	2461.31	1714.4	3584.8
91 	25    	2440.29	1556.8	3666.4
92 	25    	2422.53	1724  	3349.6
93 	25    	2450.98	1314.4	3503.2
94 	25    	2665.47	1567.2	4051.2
95 	25    	2419.74	1053.6	3455.2
96 	25    	2500.7 	1503.2	3740.8
97 	25    	2498.85	1478.4	3736.8
98 	25    	2513.47	2011.2	3424  
99 	25    	2628.83	1540  	3861.6
100	25    	2782.94	2061.6	3520.8
101	25    	2529.02	1812.8	4292.8
102	25    	2566.53	1556.8	3980  
103	25    	2637.28	1559.2	4844  
104	25    	2661.54	1872  	4334.4
105	25    	2705.82	1612.8	3604  
106	25    	2818.08	1663.2	3792  
107	25    	2582.66	1452  	3864  
108	25    	2543.71	1657.6	3685.6
109	25    	2462.53	1785.6	3556  
110	25    	2526.46	1608  	3939.2
111	25    	2566.85	1631.2	4296.8
112	25    	2643.42	1832  	3810.4
113	25    	2489.98	1819.2	3717.6
114	25    	2449.02	1467.2	3378.4
115	25    	2601.86	1748.8	3534.4
116	25    	2608.48	1559.2	4083.2
117	25    	2476.67	1476.8	3332  
118	25    	2636.29	1847.2	3848  
119	25    	2501.12	1464  	3821.6
120	25    	2636.7 	1596  	4016  
121	25    	2521.63	1575.2	3908.8
122	25    	2347.14	1544  	3290.4
123	25    	2610.11	1586.4	3797.6
124	25    	2538.02	1806.4	3988.8
125	25    	2475.65	1295.2	3624  
126	25    	2614.05	1785.6	3695.2
127	25    	2420.64	1644  	3490.4
128	25    	2569.92	1512.8	3692.8
129	25    	2460.35	1664.8	3995.2
130	25    	2534.08	1415.2	3935.2
131	25    	2545.5 	1773.6	3531.2
132	25    	2594.88	1728  	3611.2
133	25    	2558.56	1744  	3233.6
134	25    	2538.53	1710.4	3421.6
135	25    	2432.38	1503.2	3452.8
136	25    	2481.63	1680.8	3629.6
137	25    	2588.96	1665.6	4156.8
138	25    	2560.74	1842.4	3074.4
139	25    	2451.39	1554.4	3864  
140	25    	2488.16	1520  	3839.2
141	25    	2504.1 	1759.2	3833.6
142	25    	2455.71	1808  	3068.8
143	25    	2634.66	1482.4	3892  
144	25    	2499.33	1665.6	3167.2
145	25    	2812.61	1568  	4348.8
146	25    	2638.24	1299.2	3656.8
147	25    	2611.78	1845.6	3742.4
148	25    	2556.54	1644.8	3477.6
149	25    	2489.54	1204  	3504  
150	25    	2644.7 	1196  	4192.8
151	25    	2503.3 	1448  	3541.6
152	25    	2641.63	1721.6	3728  
153	25    	2480.32	1548.8	3317.6
154	25    	2572.22	1353.6	4333.6
155	25    	2527.65	1612  	3649.6
156	25    	2594.27	1856.8	3851.2
157	25    	2658.85	1910.4	3672.8
158	25    	2630.08	1299.2	4526.4
159	25    	2600.13	1312.8	4292  
160	25    	2353.28	1384.8	3002.4
161	25    	2668.67	1036.8	4390.4
162	25    	2651.78	1656  	3828  
163	25    	2537.76	1736  	3380.8
164	25    	2567.71	1629.6	3647.2
165	25    	2451.62	1460  	3502.4
166	25    	2678.02	1810.4	3608  
167	25    	2290.43	1329.6	2924.8
168	25    	2631.2 	1908.8	3876.8
169	25    	2432.03	1503.2	3916  
170	25    	2507.49	1462.4	3792.8
171	25    	2480.13	1716  	3494.4
172	25    	2549.92	1768  	3415.2
173	25    	2717.79	2148.8	3577.6
174	25    	2431.33	1553.6	3488  
175	25    	2655.62	1834.4	3460  
176	25    	2680.51	1288  	3644.8
177	25    	2471.87	1511.2	4057.6
178	25    	2360.38	1504  	3152  
179	25    	2421.86	1620.8	3404.8
180	25    	2488.03	1295.2	3915.2
181	25    	2467.71	1448  	3820.8
182	25    	2397.25	1528  	3532.8
183	25    	2562.46	1612.8	3934.4
184	25    	2192.48	1451.2	3148  
185	25    	2690.53	1551.2	4622.4
186	25    	2607.84	1812.8	4548  
187	25    	2612.48	1658.4	3707.2
188	25    	2690.5 	1618.4	4796  
189	25    	2630.88	1849.6	3784.8
190	25    	2485.22	1718.4	3380  
191	25    	2516.32	1655.2	3216  
192	25    	2652.26	1756  	3578.4
193	25    	2585.47	1726.4	3556  
194	25    	2452   	1509.6	3665.6
195	25    	2640.67	1510.4	4195.2
196	25    	2509.92	1499.2	3630.4
197	25    	2360.48	1641.6	3371.2
198	25    	2668.32	1897.6	3948.8
199	25    	2574.02	1653.6	3464.8
200	25    	2494.43	1591.2	3552.8
201	25    	2512.48	1643.2	3339.2
202	25    	2302.11	1418.4	3424.8
203	25    	2703.65	1776.8	3840  
204	25    	2632.13	1961.6	3703.2
205	25    	2428.77	1510.4	3728.8
206	25    	2405.79	1188  	3677.6
207	25    	2397.86	1390.4	3772  
208	25    	2475.81	1220.8	3467.2
209	25    	2421.22	1743.2	3372  
210	25    	2731.84	1592  	3847.2
211	25    	2451.01	1584  	3412  
212	25    	2469.31	1351.2	3678.4
213	25    	2491.14	1376.8	3716  
214	25    	2727.01	1773.6	3864  
215	25    	2370.78	1372.8	3324  
216	25    	2534.88	1172.8	3922.4
217	25    	2458.46	1617.6	3437.6
218	25    	2525.47	1140.8	3440  
219	25    	2533.86	1491.2	3580  
220	25    	2409.92	1646.4	3711.2
221	25    	2416.64	1524  	3769.6
222	25    	2481.25	1280.8	4004.8
223	25    	2597.5 	1724  	3539.2
224	25    	2484.51	1598.4	3392  
225	25    	2565.82	1744.8	3761.6
226	25    	2583.36	1676  	3871.2
227	25    	2446.82	1266.4	4526.4
228	25    	2683.26	1780  	3631.2
229	25    	2622.21	1706.4	4243.2
230	25    	2469.66	1412  	3746.4
231	25    	2476.45	1548  	3873.6
232	25    	2674.43	1741.6	3884.8
233	25    	2753.09	1653.6	4654.4
234	25    	2667.14	1572  	3329.6
235	25    	2745.63	1896  	4918.4
236	25    	2596.42	1701.6	3512.8
237	25    	2446.85	1848.8	3724  
238	25    	2476.19	1576.8	3232  
239	25    	2599.26	1780.8	3661.6
240	25    	2537.54	974.4 	4022.4
241	25    	2545.66	1706.4	3836  
242	25    	2449.06	1689.6	3362.4
243	25    	2409.28	1527.2	3460  
244	25    	2461.47	1788  	4558.4
245	25    	2471.68	1492.8	3682.4
246	25    	2677.92	1839.2	3665.6
247	25    	2430.75	1656.8	3748  
248	25    	2631.04	1761.6	3941.6
249	25    	2606.24	1582.4	3676  
250	25    	2547.81	1624  	3356.8
251	25    	2484.7 	1511.2	3656  
252	25    	2689.41	2107.2	4134.4
253	25    	2381.89	1703.2	3862.4
254	25    	2475.36	1400.8	4360  
255	25    	2600.16	1858.4	3995.2
256	25    	2413.47	1459.2	3214.4
257	25    	2524.77	1284.8	4113.6
258	25    	2610.69	1328.8	4238.4
259	25    	2487.84	1481.6	3736  
260	25    	2406.3 	1593.6	3295.2
261	25    	2893.18	1788.8	3736  
262	25    	2392.58	1505.6	3440.8
263	25    	2460.9 	1425.6	3230.4
264	25    	2651.84	1640  	3864  
265	25    	2373.7 	1476  	3636.8
266	25    	2661.66	1753.6	3660  
267	25    	2496.35	1638.4	4114.4
268	25    	2495.36	1417.6	4447.2
269	25    	2653.54	1396.8	3667.2
270	25    	2770.37	1628.8	4012.8
271	25    	2477.34	1616.8	3508.8
272	25    	2609.06	1600.8	3645.6
273	25    	2895.17	1535.2	3907.2
274	25    	2553.38	1661.6	4252.8
275	25    	2464.67	1516.8	3866.4
276	25    	2786.59	1831.2	4701.6
277	25    	2560.64	1596.8	3667.2
278	25    	2770.94	1954.4	4660  
279	25    	2544.48	1736.8	3451.2
280	25    	2656.86	1703.2	4644.8
281	25    	2347.97	1548  	3564  
282	25    	2605.06	1473.6	4260.8
283	25    	2532.13	1504.8	3805.6
284	25    	2521.44	1624  	3646.4
285	25    	2585.18	1575.2	4034.4
286	25    	2565.57	1779.2	3928  
287	25    	2756.38	1732.8	4040  
288	25    	2369.66	1475.2	3943.2
289	25    	2655.97	1618.4	3456.8
290	25    	2556.61	1580  	3983.2
291	25    	2535.33	1472.8	4013.6
292	25    	2502.27	1538.4	3816  
293	25    	2687.2 	1886.4	3632.8
294	25    	2682.85	1889.6	3838.4
295	25    	2490.5 	1460  	3582.4
296	25    	2559.55	1575.2	3358.4
297	25    	2494.3 	1638.4	3635.2
298	25    	2292.77	1484  	3165.6
299	25    	2713.34	1418.4	4303.2
300	25    	2725.02	1827.2	3957.6
301	25    	2402.14	1408  	3657.6
302	25    	2586.05	1812  	3670.4
303	25    	2472.1 	1390.4	3576  
304	25    	2538.72	1568  	3978.4
305	25    	2514.69	1611.2	3552.8
306	25    	2518.85	1360  	4006.4
307	25    	2626.18	1176  	3898.4
308	25    	2525.22	1805.6	3365.6
309	25    	2679.01	1380.8	3730.4
310	25    	2396.96	1772  	3596.8
311	25    	2507.87	1772  	3504.8
312	25    	2469.31	1408  	3532  
313	25    	2544.74	1557.6	3163.2
314	25    	2631.39	1314.4	4688  
315	25    	2546.78	1844  	3548.8
316	25    	2514.18	1516  	4365.6
317	25    	2495.74	1849.6	3241.6
318	25    	2555.78	1524  	3673.6
319	25    	2745.98	1659.2	4278.4
320	25    	2500.74	1696  	3304.8
321	25    	2874.85	1657.6	4235.2
322	25    	2507.36	1650.4	3490.4
323	25    	2533.79	1452.8	4538.4
324	25    	2447.49	1608  	4591.2
325	25    	2468.06	935.2 	3792  
326	25    	2714.02	1368  	3999.2
327	25    	2518.27	1424  	3667.2
328	25    	2787.81	1767.2	4521.6
329	25    	2764.93	1673.6	5388  
330	25    	2405.18	1085.6	4009.6
331	25    	2612.48	1515.2	4527.2
332	25    	2778.34	1397.6	3938.4
333	25    	2519.49	1726.4	3136  
334	25    	2611.65	1420  	3860  
335	25    	2595.9 	1596  	4343.2
336	25    	2500.54	1552.8	3317.6
337	25    	2534.14	1724.8	3734.4
338	25    	2644.83	1796.8	3508.8
339	25    	2639.81	1730.4	3580  
340	25    	2678.11	1751.2	4120  
341	25    	2670.62	1624  	3736  
342	25    	2815.14	1780  	3826.4
343	25    	2634.85	1699.2	4180  
344	25    	2775.07	1912.8	3822.4
345	25    	2638.43	1658.4	3927.2
346	25    	2594.37	1634.4	3364  
347	25    	2684   	1864.8	4192.8
348	25    	2799.9 	1436  	4885.6
349	25    	2915.33	1802.4	5101.6
350	25    	2463.68	1324  	3246.4
351	25    	2708.61	1554.4	4452  
352	25    	2497.79	1415.2	3673.6
353	25    	2447.26	1592.8	4188  
354	25    	2716.26	1878.4	4188.8
355	25    	2665.44	1903.2	4525.6
356	25    	2613.6 	1691.2	4061.6
357	25    	2822.66	1416  	4520.8
358	25    	2607.49	1545.6	3387.2
359	25    	2551.42	1349.6	4556.8
360	25    	2670.08	1657.6	4579.2
361	25    	2710.11	1724.8	3733.6
362	25    	2687.46	1921.6	3590.4
363	25    	2661.82	1500.8	4085.6
364	25    	2480.19	1284  	3560.8
365	25    	2612.7 	1266.4	3807.2
366	25    	2518.14	1622.4	3434.4
367	25    	2595.65	1634.4	3779.2
368	25    	2797.22	2009.6	3999.2
369	25    	2677.92	1608  	3702.4
370	25    	2508.1 	1556  	3248  
371	25    	2719.42	1933.6	4312.8
372	25    	2708.35	1592.8	3709.6
373	25    	2686.69	1302.4	4314.4
374	25    	2226.82	1208.8	3414.4
375	25    	2586.24	1470.4	4116  
376	25    	2657.12	1230.4	3882.4
377	25    	2515.78	1177.6	4086.4
378	25    	2562.4 	1516.8	3853.6
379	25    	2667.97	1575.2	3555.2
380	25    	2824.9 	1688  	4511.2
381	25    	2492.13	1461.6	4124.8
382	25    	2702.62	1735.2	3675.2
383	25    	2452.13	1533.6	3542.4
384	25    	2601.95	1652.8	3564.8
385	25    	2671.04	1796  	3450.4
386	25    	2817.41	1933.6	4297.6
387	25    	2480.61	1689.6	3208.8
388	25    	2791.04	1812.8	3809.6
389	25    	2603.39	1260.8	4334.4
390	25    	2531.36	1831.2	3487.2
391	25    	2617.95	1533.6	3326.4
392	25    	2420.67	1757.6	3708  
393	25    	2592.7 	1553.6	3679.2
394	25    	2597.44	1532  	3199.2
395	25    	2465.09	1562.4	3474.4
396	25    	2492.61	1568  	4783.2
397	25    	2616.58	1526.4	3566.4
398	25    	2601.82	1597.6	3552  
399	25    	2606.53	1816  	4032.8
400	25    	2626.56	1778.4	3814.4
401	25    	2649.38	1580  	3721.6
402	25    	2539.81	1213.6	3724  
403	25    	2385.92	1503.2	3412  
404	25    	2823.42	1649.6	3644.8
405	25    	2603.87	1703.2	4465.6
406	25    	2440.74	1408  	3508  
407	25    	2569.18	1404.8	3910.4
408	25    	2749.95	1832.8	4273.6
409	25    	2751.07	2067.2	4259.2
410	25    	2461.28	1604.8	3682.4
411	25    	2599.68	1263.2	3710.4
412	25    	2481.7 	1386.4	3871.2
413	25    	2628.03	1660.8	4364  
414	25    	2501.63	1594.4	4594.4
415	25    	2653.5 	1992.8	4454.4
416	25    	2413.79	1504.8	2986.4
417	25    	2710.34	1588  	4356.8
418	25    	2667.71	1461.6	4320.8
419	25    	2360.96	1112.8	3364  
420	25    	2553.86	1784  	4227.2
421	25    	2588.86	1668  	4186.4
422	25    	2594.75	1636.8	3577.6
423	25    	2596.93	1440  	4720.8
424	25    	2437.18	1400  	3499.2
425	25    	2534.72	1701.6	3573.6
426	25    	2573.31	1333.6	3348  
427	25    	2616.38	1420.8	3563.2
428	25    	2648.93	1699.2	3896.8
429	25    	2456.77	1772.8	3205.6
430	25    	2683.3 	1596  	4822.4
431	25    	2486.34	1562.4	3567.2
432	25    	2691.04	1348  	3876  
433	25    	2401.89	1572  	3242.4
434	25    	2594.5 	1635.2	3831.2
435	25    	2599.42	1597.6	4034.4
436	25    	2669.12	1546.4	3928.8
437	25    	2616.54	1492  	3363.2
438	25    	2754.72	1834.4	3958.4
439	25    	2527.26	1872  	3629.6
440	25    	2532.64	1568.8	3795.2
441	25    	2815.74	1756  	3920.8
442	25    	2703.39	1529.6	4713.6
443	25    	2754.78	1532  	3864.8
444	25    	2665.63	1588.8	4117.6
445	25    	2461.54	1406.4	4128.8
446	25    	2349.54	1563.2	3379.2
447	25    	2771.17	1693.6	4394.4
448	25    	2471.68	1404  	3959.2
449	25    	2641.44	1736  	3552  
450	25    	2562.91	1394.4	4035.2
451	25    	2540.99	1562.4	4394.4
452	25    	2680.48	1864  	4234.4
453	25    	2629.44	1884.8	3673.6
454	25    	2370.85	1207.2	3463.2
455	25    	2727.52	1734.4	3992.8
456	25    	2532.86	1554.4	3644.8
457	25    	2648.77	1716.8	3872.8
458	25    	2546.3 	1812  	3737.6
459	25    	2622.62	1434.4	4213.6
460	25    	2672.64	1690.4	4136.8
461	25    	2579.65	1187.2	3728.8
462	25    	2625.31	1405.6	3675.2
463	25    	2573.41	1783.2	3853.6
464	25    	2636.48	1464  	3803.2
465	25    	2523.97	1371.2	3459.2
466	25    	2442.37	1814.4	3142.4
467	25    	2379.17	1655.2	3198.4
468	25    	2521.82	1802.4	3402.4
469	25    	2588.45	1666.4	3756  
470	25    	2527.49	1664  	3627.2
471	25    	2596.77	1707.2	4198.4
472	25    	2517.6 	1717.6	3744  
473	25    	2707.94	1716  	4274.4
474	25    	2467.07	1488.8	3955.2
475	25    	2473.76	1728  	3639.2
476	25    	2688.38	1788  	3887.2
477	25    	2855.68	1618.4	4321.6
478	25    	2532.93	1525.6	3969.6
479	25    	2550.72	1408.8	3924.8
480	25    	2698.02	1641.6	4066.4
481	25    	2554.37	1404.8	3802.4
482	25    	2745.22	1772.8	3676.8
483	25    	2540.74	1320  	3782.4
484	25    	2352.19	1640.8	3659.2
485	25    	2327.65	1568.8	3187.2
486	25    	2612.58	1829.6	4144.8
487	25    	2679.74	2024  	3672  
488	25    	2454.18	1512  	4236  
489	25    	2632.51	1608  	3886.4
490	25    	2513.12	1277.6	3272  
491	25    	2750.11	1415.2	4139.2
492	25    	2634.72	1307.2	4231.2
493	25    	2737.7 	1737.6	3545.6
494	25    	2805.6 	2108.8	3643.2
495	25    	2585.57	1529.6	3546.4
496	25    	2764.86	1723.2	3885.6
497	25    	2639.1 	1777.6	4056  
498	25    	2593.06	1940  	3843.2
499	25    	2566.94	1688  	3448.8
500	25    	2720.93	1706.4	4048.8