gen	nevals	avg    	min     	max    
1  	10    	0.71642	-13.231 	18.4597
2  	10    	3.57385	-14.6982	18.0781
3  	10    	10.0373	-7.79443	40.5625
4  	10    	10.3412	6.27637 	19.8687
5  	10    	11.9051	6.04639 	31.2163
6  	10    	21.1834	9.26831 	43.0896
7  	10    	19.0658	6.20264 	50.7478
8  	10    	13.0443	6.56543 	38.0042
9  	10    	22.7544	7.86499 	59.0164
10 	10    	23.06  	11.1021 	49.5044
11 	10    	28.224 	10.7588 	103.273
12 	10    	26.3692	12.6814 	63.5718
13 	10    	26.7674	11.0327 	64.6426
14 	10    	23.1777	8.82593 	62.1033
15 	10    	28.4977	11.4758 	52.9263
16 	10    	33.1126	10.2292 	53.7837
17 	10    	23.5511	11.4976 	46.0269
18 	10    	35.2259	9.23999 	91.2341
19 	10    	33.0108	11.2847 	64.6978
20 	10    	37.2053	12.7212 	94.7205
21 	10    	33.46  	10.8958 	88.4346
22 	10    	32.8543	13.1099 	77.5952
23 	10    	38.6566	13.708  	95.6165
24 	10    	44.1025	14.9258 	102.245
25 	10    	30.5936	11.3857 	82.7795
26 	10    	31.6525	13.5681 	52.3914
27 	10    	55.6166	25.54   	90.5156
28 	10    	37.2408	17.2158 	81.5913
29 	10    	32.0313	11.7407 	60.2556
30 	10    	34.3813	15.1382 	67.9204
31 	10    	40.5912	17.8696 	86.1313
32 	10    	41.1426	24.4998 	81.4626
33 	10    	49.0614	17.6145 	112.098
34 	10    	41.2594	19.9629 	98.344 
35 	10    	49.3703	15.8691 	91.7039
36 	10    	41.546 	15.7817 	105.75 
37 	10    	48.0044	20.845  	113.579
38 	10    	49.8915	19.6221 	104.244
39 	10    	52.4117	21.3079 	120.513
40 	10    	55.2491	31.2341 	94.2896
41 	10    	35.9722	18.7847 	61.6309
42 	10    	54.995 	19.7085 	101.794
43 	10    	49.0209	14.9111 	76.856 
44 	10    	48.2235	23.1987 	93.6697
45 	10    	44.4533	13.8398 	80.8135
46 	10    	45.9569	18.0872 	119.218
47 	10    	50.513 	16.8196 	87.9065
48 	10    	48.0042	19.5386 	100.904
49 	10    	54.2213	26.4382 	108.832
50 	10    	50.0599	20.9138 	79.1833
51 	10    	46.7409	17.6775 	77.804 
52 	10    	45.4057	16.0144 	86.3284
53 	10    	43.073 	20.8813 	70.3301
54 	10    	37.5887	16.9585 	75.9873
55 	10    	51.7253	17.439  	117.903
56 	10    	30.6523	18.8975 	54.8223
57 	10    	45.8734	19.0945 	124.307
58 	10    	41.5255	24.9788 	61.3848
59 	10    	41.7032	21.6184 	63.1377
60 	10    	54.7151	14.0454 	96.1038
61 	10    	41.9848	18.5835 	114.428
62 	10    	43.8695	21.5449 	75.8423
63 	10    	54.0628	23.6838 	116.777
64 	10    	24.9496	12.4863 	45.9165
65 	10    	39.2272	18.4365 	63.3481
66 	10    	49.3991	19.3438 	107.876
67 	10    	46.0524	20.042  	102.307
68 	10    	32.7147	18.2822 	74.97  
69 	10    	36.9483	13.9543 	58.1589
70 	10    	54.2676	22.6472 	124.342
71 	10    	59.864 	21.1865 	134.167
72 	10    	42.324 	21.5205 	110.631
73 	10    	61.2454	21.0845 	122.577
74 	10    	57.2478	15.8394 	123.104
75 	10    	55.1747	24.4751 	141.252
76 	10    	47.3671	15.4116 	113.342
77 	10    	36.2972	14.9084 	75.1975
78 	10    	66.0352	22.7014 	118.235
79 	10    	52.804 	28.6367 	119.14 
80 	10    	53.4268	26.7161 	108.384
81 	10    	53.6693	33.7168 	128.143
82 	10    	34.57  	21.1382 	56.8733
83 	10    	66.6562	19.0103 	150.799
84 	10    	37.7461	18.9829 	128.154
85 	10    	79.3564	33.7144 	172.337
86 	10    	39.9136	24.7632 	70.9146
87 	10    	78.9544	25.8977 	167.4  
88 	10    	39.8709	20.7122 	105.391
89 	10    	53.2116	18.0894 	134.698
90 	10    	39.9007	21.6125 	94.0144
91 	10    	58.5216	19.7268 	146.732
92 	10    	63.962 	37.6626 	107.997
93 	10    	72.2497	15.4985 	157.91 
94 	10    	69.0797	23.0347 	152.877
95 	10    	39.1179	17.6538 	55.7019
96 	10    	53.1956	21.4868 	146.035
97 	10    	64.8441	14.4915 	144.615
98 	10    	54.2917	19.4302 	141.854
99 	10    	44.2418	20.9512 	108.169
100	10    	41.0003	21.8818 	140.593
101	10    	68.3945	21.5366 	156.679
102	10    	46.0414	23.7314 	86.8777
103	10    	57.9199	21.6572 	156.208
104	10    	72.119 	-10.9224	148.311
105	10    	56.5711	-12.2244	127.418
106	10    	41.9769	-20.2141	121.887
107	10    	74.4337	30.5359 	127.521
108	10    	81.8597	35.6401 	129.58 
109	10    	86.4419	27.7957 	131.324
110	10    	90.2023	26.8135 	164.177
111	10    	54.6256	30.0227 	134.333
112	10    	47.2211	20.3357 	117.562
113	10    	59.2443	26.6692 	134.828
114	10    	61.358 	15.4304 	129.757
115	10    	32.4367	18.4592 	69.6572
116	10    	43.4581	26.416  	103.783
117	10    	58.5122	19.0457 	154.825
118	10    	71.3664	25.0479 	166.835
119	10    	74.6336	19.8628 	162.702
120	10    	65.0851	32.0862 	141.746
121	10    	89.7794	28.2068 	143.625
122	10    	38.3531	21.4746 	70.9143
123	10    	37.4665	14.5088 	97.5071
124	10    	42.7021	17.4551 	113.333
125	10    	52.7885	23.0999 	98.4146
126	10    	64.948 	21.9211 	126.894
127	10    	75.4738	27.2844 	155.122
128	10    	81.9798	19.0586 	150.783
129	10    	52.5855	19.4326 	96.2771
130	10    	53.3112	23.865  	134.208
131	10    	72.9097	18.6179 	140.93 
132	10    	99.5485	12.1226 	212.924
133	10    	74.9847	18.6204 	215.71 
134	10    	84.3444	22.4082 	162.499
135	10    	89.7326	16.063  	183.822
136	10    	75.419 	28.5657 	153.316
137	10    	74.2596	32.4688 	181.217
138	10    	81.6032	29.5789 	171.457
139	10    	64.3241	27.2188 	123.985
140	10    	62.1119	35.8599 	151.977
141	10    	57.5235	19.322  	178.249
142	10    	53.7571	26.7627 	108.047
143	10    	72.4984	21.521  	173.481
144	10    	84.0665	33.4321 	155.96 
145	10    	62.0635	25.2678 	120.032
146	10    	83.0662	28.9963 	151.942
147	10    	77.0527	39.8342 	123.956
148	10    	82.0623	41.5259 	145.991
149	10    	82.1132	21.4216 	183.362
150	10    	65.5224	33.5593 	107.347
151	10    	40.5309	23.2993 	76.5591
152	10    	72.5653	47.343  	143.829
153	10    	59.7329	21.6821 	151.76 
154	10    	80.9404	22.9766 	172.802
155	10    	79.7716	34.6096 	181.272
156	10    	71.5962	30.8064 	180.091
157	10    	55.8443	31.7007 	90.0222
158	10    	88.4098	29.863  	172.579
159	10    	94.1587	30.4651 	201.329
160	10    	62.5375	29.3098 	156.466
161	10    	85.3467	29.8247 	196.459
162	10    	64.4268	31.8699 	140.993
163	10    	62.1441	22.217  	141.65 
164	10    	61.935 	31.5845 	145.741
165	10    	90.9011	31.3809 	162.119
166	10    	87.6108	30.3687 	142.764
167	10    	73.0277	39.6414 	127.474
168	10    	99.8766	25.6731 	160.195
169	10    	116.792	33.4683 	221.159
170	10    	94.8084	33.0396 	169.096
171	10    	76.2886	19.134  	182.283
172	10    	85.7076	34.0068 	203.682
173	10    	68.7946	20.0132 	198.177
174	10    	85.2005	27.4685 	188.19 
175	10    	114.08 	27.4036 	239.665
176	10    	81.1111	27.5642 	159.471
177	10    	94.6128	24.7764 	191.163
178	10    	148.371	29.2769 	245.319
179	10    	118.089	44.2415 	213.008
180	10    	126.727	21.8616 	214.216
181	10    	85.3168	30.7227 	198.824
182	10    	128.045	34.0271 	233.608
183	10    	99.4407	60.4448 	142.878
184	10    	74.0998	27.3103 	191.437
185	10    	111.115	43.3354 	200.017
186	10    	82.197 	46.7312 	147.068
187	10    	74.0118	22.3674 	167.043
188	10    	124.827	42.7395 	191.449
189	10    	131.128	26.6814 	230.766
190	10    	96.881 	23.2959 	208.266
191	10    	102.126	41.9226 	191.038
192	10    	100.836	41.7898 	227.456
193	10    	101.761	29.2253 	181.487
194	10    	110.682	31.3877 	195.456
195	10    	111.937	29.2676 	151.172
196	10    	99.7933	45.0789 	178.864
197	10    	85.9747	22.8662 	182.28 
198	10    	92.9957	19.6873 	238.623
199	10    	122.39 	24.7332 	178.65 
200	10    	103.332	38.1616 	177.438
201	10    	111.972	20.2109 	240.701
202	10    	92.3234	49.5916 	155.736
203	10    	121.864	40.8728 	255.36 
204	10    	109.093	42.8115 	184.256
205	10    	120.966	25.1541 	267.846
206	10    	116.313	34.8823 	191.09 
207	10    	120.865	28.3149 	235.853
208	10    	88.6104	31.4204 	157.691
209	10    	108.49 	33.7468 	189.684
210	10    	114.81 	22.7749 	252.231
211	10    	135.197	100.029 	169.145
212	10    	150.015	29.7412 	252.173
213	10    	82.1068	24.8948 	150.359
214	10    	131.624	36.1174 	192.24 
215	10    	106.522	44.6216 	193.694
216	10    	128.623	46.0217 	240.544
217	10    	86.1223	21.5889 	165.997
218	10    	85.8234	24.4858 	255.365
219	10    	113.313	18.5454 	234.404
220	10    	89.1996	26.0825 	172.021
221	10    	92.1658	22.7715 	258.178
222	10    	93.6723	27.9712 	249.554
223	10    	126.972	38.6755 	267.528
224	10    	78.5594	19.4531 	162.054
225	10    	104.223	23.9128 	206.094
226	10    	99.3932	29.8774 	196.127
227	10    	109.713	26.7417 	255.857
228	10    	117.227	25.2214 	198.995
229	10    	131.891	26.0369 	200.162
230	10    	72.4748	22.0942 	189.635
231	10    	112.1  	26.0159 	226.526
232	10    	111.392	-8.75977	180.563
233	10    	116.643	22.0718 	214.099
234	10    	87.5301	20.0713 	162.024
235	10    	98.9666	28.991  	192.165
236	10    	81.5359	22.6172 	155.683
237	10    	84.2854	20.5645 	151.655
238	10    	107.4  	20.2998 	204.505
239	10    	95.502 	21.3479 	188.563
240	10    	91.7306	20.011  	168.233
241	10    	100.328	18.1604 	198.654
242	10    	76.3253	20.1504 	177.553
243	10    	116.648	44.5793 	199.017
244	10    	102.268	25.0176 	167.545
245	10    	88.3625	24.5095 	173.441
246	10    	147.245	64.0325 	274.525
247	10    	90.2942	25.5098 	177.586
248	10    	100.167	20.8123 	163.68 
249	10    	113.511	22.2378 	169.676
250	10    	97.242 	34.1692 	192.954
251	10    	99.5877	21.6616 	198.312
252	10    	75.7379	25.7371 	180.843
253	10    	121.22 	19.0093 	258.801
254	10    	123.037	24.0181 	257.572
255	10    	107.343	24.0103 	196.965
256	10    	101.923	35.8042 	198.818
257	10    	98.345 	23.5471 	163.979
258	10    	99.825 	24.7324 	191.513
259	10    	106.781	25.9175 	251.149
260	10    	125.582	38.1277 	264.005
261	10    	99.4709	32.4861 	175.208
262	10    	92.9191	21.7642 	237.202
263	10    	115.413	24.2092 	194.811
264	10    	85.8529	20.865  	179.601
265	10    	100.703	28.7048 	175.981
266	10    	123.862	21.9045 	260.603
267	10    	121.56 	32.9001 	266.097
268	10    	124.41 	26.1357 	255.012
269	10    	111.725	20.5576 	200.571
270	10    	118.569	20.9785 	281.153
271	10    	102.95 	22.8281 	242.426
272	10    	135.023	36.7363 	242.653
273	10    	122.267	18.6414 	236.018
274	10    	144.86 	34.2725 	250.569
275	10    	81.8075	23.2234 	234.764
276	10    	72.8795	24.2288 	197.335
277	10    	109.299	26.4868 	180.399
278	10    	145.888	31.0002 	234.433
279	10    	109.122	19.1868 	231.976
280	10    	125.157	20.6609 	235.95 
281	10    	137.535	27.4485 	238.993
282	10    	165.5  	20.6692 	239.995
283	10    	157.961	32.8191 	239.332
284	10    	92.7717	18.4385 	224.827
285	10    	132.261	25.6531 	253.352
286	10    	101.444	25.2583 	180.694
287	10    	100    	21.2139 	217.734
288	10    	95.1498	20.9058 	193.071
289	10    	118.381	28.5034 	170.867
290	10    	130.684	19.4043 	242.414
291	10    	88.9733	17.6428 	231.033
292	10    	98.6348	17.8359 	199.508
293	10    	116.213	32.0278 	230.793
294	10    	110.297	21.6335 	211.064
295	10    	131.34 	20.8308 	258.359
296	10    	85.4273	17.1289 	203.671
297	10    	163.13 	21.4014 	250.086
298	10    	95.8727	19.7212 	245.659
299	10    	148.957	21.7764 	251.039
300	10    	118.112	27.4509 	208.058
301	10    	155.727	39.4934 	243.514
302	10    	114.488	32.3892 	256.053
303	10    	111.251	29.5569 	232.935
304	10    	80.7169	25.0615 	230.18 
305	10    	89.2279	19.929  	190.495
306	10    	113.824	29.8025 	223.636
307	10    	142.072	18.5205 	225.948
308	10    	73.145 	15.4143 	171.527
309	10    	103.057	31.0774 	230.296
310	10    	130.521	41.3064 	238.24 
311	10    	112.646	27.6431 	193.581
312	10    	158.986	31.7986 	227.364
313	10    	152.552	50.7361 	227.296
314	10    	146.87 	54.1702 	227.274
315	10    	93.2159	36.0313 	160.575
316	10    	136.641	31.1196 	242.03 
317	10    	105.925	20.8433 	181.99 
318	10    	144.627	52.4863 	236.941
319	10    	118.819	26.3298 	236.781
320	10    	126.933	28.9834 	236.829
321	10    	82.7616	26.1938 	193.015
322	10    	149.987	33.3921 	268.927
323	10    	139.478	45.135  	203.828
324	10    	146.328	36.7725 	220.338
325	10    	89.2161	23.7158 	237.326
326	10    	135.204	36.5098 	238.328
327	10    	147.323	29.4353 	238.68 
328	10    	164.782	63.8215 	223.134
329	10    	111.239	23.8232 	246.426
330	10    	111.897	26.7075 	237.188
331	10    	120.043	22.3323 	240.453
332	10    	109.289	26.2717 	231.206
333	10    	106.783	27.3896 	239.807
334	10    	123.342	33.0454 	227.685
335	10    	135.995	26.7844 	193.5  
336	10    	88.2798	-53.4446	228.735
337	10    	149.252	21.9473 	215.651
338	10    	132.287	-15.1016	224.082
339	10    	109.633	25.0027 	199.86 
340	10    	142.496	46.6079 	246.823
341	10    	120.691	24.4653 	211.487
342	10    	167.234	91.6089 	226.575
343	10    	160.641	28.3313 	228.491
344	10    	125.616	39.3284 	175.255
345	10    	147.726	37.688  	217.207
346	10    	157.875	34.468  	230.753
347	10    	116.938	36.0916 	228.462
348	10    	142.549	24.8386 	233.87 
349	10    	173.302	48.844  	257.764
350	10    	79.2121	-201.739	218.055
351	10    	131.76 	21.2549 	248.462
352	10    	169.664	36.1074 	224.954
353	10    	136.596	28.0454 	226.815
354	10    	170.414	62.7336 	249.174
355	10    	149.195	36.0134 	226.456
356	10    	125.073	35.2273 	205.286
357	10    	151.859	45.2239 	238.355
358	10    	127.401	25.3933 	246.475
359	10    	188.482	125.969 	247.354
360	10    	136.361	28.3579 	190.204
361	10    	113.811	36.6658 	246.325
362	10    	109.957	23.9226 	220.196
363	10    	105.442	29.4075 	156.186
364	10    	134.269	118.356 	152.532
365	10    	131.105	28.3628 	200.577
366	10    	113.549	22.0967 	262.314
367	10    	159.343	56.304  	259.759
368	10    	117.78 	34.79   	238.178
369	10    	137.834	41.0198 	233.687
370	10    	108.693	37.624  	231.883
371	10    	118.979	21.2288 	184.725
372	10    	131.037	29.8484 	262.85 
373	10    	143.764	58.2747 	202.479
374	10    	154.758	34.5605 	251.191
375	10    	144.926	92.9539 	190.62 
376	10    	134.114	34.2671 	232.193
377	10    	131.06 	27.0034 	238.975
378	10    	131.649	23.1519 	207.542
379	10    	109.095	23.0581 	188.117
380	10    	161.623	42.8184 	261.409
381	10    	100.252	30.3899 	183.706
382	10    	110.26 	19.6389 	191.452
383	10    	139.084	38.5874 	235.658
384	10    	100.81 	36.7075 	193.522
385	10    	160.972	42.0398 	221.857
386	10    	126.598	29.6694 	200.517
387	10    	96.9497	38.8047 	201.023
388	10    	113.356	32.9299 	240.937
389	10    	169.145	69.2764 	240.252
390	10    	139.511	34.696  	208.236
391	10    	148.753	27.325  	229.614
392	10    	107.027	25.4207 	214.765
393	10    	131.545	39.9016 	159.655
394	10    	103.937	33.4263 	208.45 
395	10    	128.856	36.436  	220.651
396	10    	142.943	23.8474 	224.046
397	10    	156.74 	48.7507 	238.496
398	10    	164.183	41.1843 	230.927
399	10    	95.7803	27.5759 	248.431
400	10    	134.992	40.4973 	233.926
401	10    	126.808	32.729  	231.197
402	10    	90.2891	34.2581 	247.443
403	10    	124.558	41.2131 	203.027
404	10    	81.1861	25.5388 	176.912
405	10    	149.367	41.9712 	224.236
406	10    	123.62 	28.0449 	258.283
407	10    	141.346	31.105  	247.194
408	10    	107.852	22.6062 	236.551
409	10    	122.361	18.0493 	227.259
410	10    	136.801	33.3164 	226.842
411	10    	117.378	31.7903 	196.721
412	10    	93.0153	23.8279 	243.921
413	10    	140.519	33.7957 	209.426
414	10    	90.1747	30.802  	215.9  
415	10    	101.081	27.9216 	191.079
416	10    	132.819	21.0696 	215.78 
417	10    	117.161	33.6152 	218.538
418	10    	163.733	80.4553 	233.964
419	10    	140.886	41.8809 	199.17 
420	10    	134.812	30.9724 	211.049
421	10    	136.761	27.3286 	229.775
422	10    	141.086	22.9255 	222.921
423	10    	90.2174	24.2249 	170.664
424	10    	110.41 	18.8938 	232.518
425	10    	154.069	21.948  	236.348
426	10    	110.599	25.1785 	213.917
427	10    	126.784	23.7432 	234.128
428	10    	143.882	33.283  	254.624
429	10    	132.11 	25.0232 	203.541
430	10    	149.432	21.2336 	209.026
431	10    	130.636	42.7793 	221.989
432	10    	149.736	41.3955 	220.349
433	10    	119.702	29.7703 	240.387
434	10    	126.452	29.7366 	242.046
435	10    	116.861	21.3079 	240.804
436	10    	156.966	26.2703 	239.659
437	10    	193.214	19.1404 	234.736
438	10    	113.648	20.1125 	202.307
439	10    	164.814	24.8901 	218.845
440	10    	164.271	68.8228 	221.55 
441	10    	156.424	52.7925 	216.494
442	10    	132.073	33.8445 	239.697
443	10    	132.133	44.687  	204.464
444	10    	139.74 	27.7529 	229.087
445	10    	110.813	25.3499 	231.232
446	10    	116.09 	27.7646 	235.689
447	10    	167.712	28.1199 	256.494
448	10    	131.837	23.6328 	239.774
449	10    	110.319	20.1306 	222.565
450	10    	143.995	24.8948 	256.626
451	10    	127.551	33.9072 	247.873
452	10    	134.47 	26.3264 	257.311
453	10    	139.301	29.4351 	248.88 
454	10    	110.413	20.1086 	205.587
455	10    	100.474	21.2224 	248.359
456	10    	105.246	22.4065 	242.038
457	10    	149.539	59.3223 	236.929
458	10    	87.2072	20.2012 	230.319
459	10    	83.224 	32.2305 	176.665
460	10    	122.564	63.7803 	252.46 
461	10    	79.8521	19.8428 	188.98 
462	10    	92.9733	20.1501 	241.519
463	10    	166.633	24.634  	247.524
464	10    	125.666	24.05   	191.593
465	10    	117.441	27.1887 	257.833
466	10    	150.797	24.3894 	235.627
467	10    	135.955	22.4702 	238.703
468	10    	129.249	19.5    	249.641
469	10    	79.3627	21.6707 	225.641
470	10    	145.856	25.4417 	245.689
471	10    	117.367	20.9744 	240.152
472	10    	179.135	21.2769 	241.981
473	10    	139.689	22.3123 	237.462
474	10    	180.247	45.9846 	242.185
475	10    	189.562	31.1301 	250.379
476	10    	113.631	19.4985 	246.818
477	10    	157.627	26.2961 	240.488
478	10    	170.496	30.7014 	247.006
479	10    	182.618	55.5703 	248.828
480	10    	159.162	22.6777 	240.159
481	10    	153.938	25.4136 	255.483
482	10    	159.436	22.4385 	237.551
483	10    	161.955	20.1406 	235.282
484	10    	178.837	25.1863 	244.054
485	10    	170.634	29.0737 	232.918
486	10    	152.281	25.3083 	226.702
487	10    	144.22 	25.9075 	236.879
488	10    	166.053	22.7988 	248.891
489	10    	122.2  	23.824  	241.316
490	10    	180.63 	61.1643 	234.517
491	10    	132.346	23.5024 	244.565
492	10    	173.902	22.8152 	251.708
493	10    	154.36 	20.0325 	242.401
494	10    	172.474	45.4041 	251.958
495	10    	194.336	35.4912 	244.457
496	10    	133.913	22.6428 	247.908
497	10    	122.974	23.5593 	236.552
498	10    	185.882	29.2532 	238.004
499	10    	168.447	22.9307 	242.129
500	10    	170.564	23.4875 	233.847
501	10    	177.312	33.054  	236.351
502	10    	170.445	22.6067 	227.538
503	10    	169.645	24.1636 	238.197
504	10    	164.694	24.2942 	227.464
505	10    	144.11 	23.9993 	222.792
506	10    	181.452	56.8237 	243.364
507	10    	187.082	149.136 	255.429
508	10    	153.994	27.614  	238.986
509	10    	143.824	20.1775 	251.984
510	10    	156.67 	21.9407 	236.545
511	10    	195.65 	78.3857 	235.35 
512	10    	144.271	28.7671 	222.532
513	10    	180.427	60.8086 	237.841
514	10    	153.05 	28.1304 	232.405
515	10    	150.71 	30.1379 	231.213
516	10    	161.525	21.521  	241.513
517	10    	183.764	42.2004 	237.766
518	10    	100.73 	21.5596 	218.137
519	10    	171.72 	36.6602 	241.955
520	10    	160.322	21.7805 	238.102
521	10    	150.363	29.7559 	248.616
522	10    	204.05 	151.597 	252.565
523	10    	155.808	25.2402 	254.435
524	10    	164.608	25.2275 	241.743
525	10    	158.865	27.6323 	238.671
526	10    	171.686	39.1658 	236.682
527	10    	94.504 	20.7056 	238.451
528	10    	179.468	22.0808 	240.619
529	10    	132.02 	24.6763 	239.937
530	10    	146.562	24.428  	244.586
531	10    	175.022	56.1414 	233.865
532	10    	144.431	23.8503 	223.761
533	10    	176.137	27.9001 	254.43 
534	10    	183.286	27.0649 	245.346
535	10    	136.591	19.5422 	251.911
536	10    	162.994	26.4946 	238.044
537	10    	157.533	24.8669 	243.975
538	10    	141.992	20.5938 	216.432
539	10    	150.848	24.8816 	225.478
540	10    	165.368	59.8113 	246.792
541	10    	175.376	31.8142 	243.198
542	10    	134.061	21.1379 	240.455
543	10    	101.078	20.9175 	207.117
544	10    	122.406	24.3425 	222.407
545	10    	151.317	21.9832 	234.296
546	10    	166.258	25.1948 	243.107
547	10    	161.72 	27.2178 	235.041
548	10    	145.703	20.1409 	228.271
549	10    	107.208	24.8806 	220.842
550	10    	101.829	23.9229 	230.783
551	10    	137.473	17.6824 	228.24 
552	10    	160.547	24.8694 	237.054
553	10    	138.162	21.0317 	240.367
554	10    	153.713	27.9385 	230.764
555	10    	170.214	23.3638 	232.052
556	10    	146.744	22.5046 	238.512
557	10    	129.432	17.4819 	237.665
558	10    	164.971	30.4866 	247.443
559	10    	153.317	23.2024 	234.417
560	10    	153.601	24.3635 	228.674
561	10    	132.849	18.6682 	243.231
562	10    	92.9298	24.7495 	235.023
563	10    	170.675	30.5879 	237.359
564	10    	142.48 	21.99   	244.959
565	10    	230.104	187.729 	250.34 
566	10    	172.004	45.0591 	249.972
567	10    	175.992	37.0303 	244.87 
568	10    	161.783	31.2324 	231.554
569	10    	208.854	150.742 	237.579
570	10    	155.556	31.709  	243.582
571	10    	169.182	22.4692 	235.45 
572	10    	164.81 	29.5195 	235.281
573	10    	174.986	24.1201 	244.826
574	10    	189.358	29.5466 	244.816
575	10    	153.822	27.5955 	237.751
576	10    	163.016	46.406  	245.868
577	10    	207.561	72.0208 	249.271
578	10    	194.538	25.0608 	250.659
579	10    	161.265	40.4346 	236.747
580	10    	185.96 	27.304  	246.985
581	10    	150.882	27.354  	246.22 
582	10    	111.279	31.0156 	224.273
583	10    	176.161	60.2839 	240.705
584	10    	188.028	41.8423 	242.452
585	10    	193.409	47.0686 	245.557
586	10    	152.066	40.9856 	255.716
587	10    	171.765	58.9026 	251.308
588	10    	115.135	28.9207 	241.214
589	10    	156.286	63.3501 	253.587
590	10    	161.459	56.5828 	236.834
591	10    	178.501	45.1123 	238.155
592	10    	175.581	59.4465 	244.749
593	10    	123.961	27.7368 	236.285
594	10    	187.228	63.9363 	245.972
595	10    	143.666	31.5315 	232.921
596	10    	154.97 	53.5635 	247.64 
597	10    	122.465	51.4375 	199.812
598	10    	176.887	53.5559 	226.739
599	10    	114.529	41.3145 	225.582
600	10    	130.217	34.1458 	236.992
601	10    	157.37 	48.3276 	239.702
602	10    	143.945	25.886  	232.777
603	10    	110.543	30.6282 	244.096
604	10    	118.56 	28.468  	228.951
605	10    	176.694	30.001  	242.194
606	10    	128.241	34.5474 	245.889
607	10    	123.852	41.311  	239.557
608	10    	123.979	39.0305 	256.145
609	10    	112.984	26.3105 	220.047
610	10    	116.029	26.4956 	242.818
611	10    	166.768	37.1675 	246.394
612	10    	190.951	39.9888 	244.505
613	10    	180.258	33.4075 	230.557
614	10    	181.62 	55.4807 	237.204
615	10    	135.348	30.2302 	229.521
616	10    	154.988	39.9187 	246.262
617	10    	138.975	25.6836 	236.393
618	10    	195.919	42.9175 	252.614
619	10    	160.915	29.0706 	250.079
620	10    	143.259	24.5129 	248.646
621	10    	155.529	46.667  	243.133
622	10    	189.195	35.6311 	255.092
623	10    	164.803	36.71   	261.917
624	10    	159.529	27.4468 	265.482
625	10    	216.204	51.6094 	265.558
626	10    	172.759	27.5549 	261.96 
627	10    	167.918	28.6675 	266.541
628	10    	167.22 	28.6807 	263.964
629	10    	221.495	33.7214 	265.078
630	10    	190.403	30.4275 	265.055
631	10    	161.224	46.564  	269.998
632	10    	146.149	36.9229 	267.005
633	10    	156.914	57.6672 	272.907
634	10    	209.181	100.746 	269.206
635	10    	178.993	31.6064 	259.235
636	10    	137.96 	60.3088 	266.211
637	10    	213.437	86.2295 	267.441
638	10    	200.033	28.6809 	271.509
639	10    	202.307	73.3572 	305.59 
640	10    	144.355	29.0793 	268.151
641	10    	158.545	55.7974 	269.028
642	10    	211.101	32.9001 	304.363
643	10    	216.049	91.9287 	306.326
644	10    	219.355	30.6272 	302.352
645	10    	182.174	50.2791 	277.355
646	10    	211.805	55.3499 	303.381
647	10    	211.698	57.8921 	303.702
648	10    	202.13 	52.115  	304.808
649	10    	203.539	30.7964 	303.552
650	10    	218.992	50.3127 	307.826
651	10    	214.167	44.6973 	306.994
652	10    	179.534	44.6636 	309.12 
653	10    	137.116	29.6262 	308.694
654	10    	177.242	35.5505 	303.109
655	10    	188.159	43.7349 	298.089
656	10    	203.806	21.6213 	311.667
657	10    	216.991	64.8684 	308.586
658	10    	236.305	165.91  	306.79 
659	10    	207.326	48.3997 	309.977
660	10    	207.015	22.408  	308.397
661	10    	200.298	41.7051 	308.548
662	10    	140.907	41.7529 	303.336
663	10    	182.275	21.6848 	300.502
664	10    	208.857	37.0327 	305.009
665	10    	133.44 	40.4668 	264.259
666	10    	118.567	38.2483 	265.115
667	10    	161.944	38.5979 	311.608
668	10    	191.126	44.3057 	309.119
669	10    	125.95 	33.9573 	311.083
670	10    	239.451	50.116  	309.4  
671	10    	150.477	34.7957 	308.835
672	10    	223.893	55.417  	309.752
673	10    	169.419	36.0178 	310.106
674	10    	221.676	58.9668 	310.883
675	10    	195.372	37.4873 	306.565
676	10    	180.142	36.3979 	310.297
677	10    	153.453	30.2529 	221.847
678	10    	180.175	46.896  	307.376
679	10    	196.843	62.3262 	310.484
680	10    	188.957	36.4807 	310.927
681	10    	152.555	20.6863 	312.928
682	10    	181.885	43.5012 	278.828
683	10    	175.655	44.04   	310.665
684	10    	224.265	138.692 	309.433
685	10    	178.118	43.5547 	301.884
686	10    	213.2  	54.594  	308.081
687	10    	174.568	56.4976 	267.153
688	10    	191.967	26.6704 	277.094
689	10    	169.567	41.8269 	310.921
690	10    	230.417	59.9189 	311.728
691	10    	239.028	81.665  	308.917
692	10    	176.381	56.0581 	264.997
693	10    	168.513	38.03   	303.429
694	10    	157.832	25.6838 	304.293
695	10    	213.449	28.8223 	305.824
696	10    	167.783	31.8901 	306.32 
697	10    	197.878	29.3606 	303.987
698	10    	194.28 	45.1963 	268.047
699	10    	139.948	38.2446 	270.099
700	10    	159.22 	38.4395 	269.863
701	10    	137.253	27.8252 	258.559
702	10    	104.518	23.6763 	311.094
703	10    	204.582	60.5427 	307.174
704	10    	208.552	45.176  	303.864
705	10    	167.394	31.8462 	301.535
706	10    	197.663	46.5918 	303.329
707	10    	178.844	61.8931 	301.628
708	10    	177.831	36.4695 	301.521
709	10    	201.52 	47.8245 	308.046
710	10    	147.432	29.9119 	304.276
711	10    	182.629	30.522  	309.243
712	10    	167.946	42.0994 	310.697
713	10    	181.913	63.3191 	303.956
714	10    	185.237	42.9834 	303.74 
715	10    	191.131	29.6887 	277.444
716	10    	196.9  	49.6174 	278.4  
717	10    	182.849	47.5134 	274.095
718	10    	185.706	42.1738 	267.708
719	10    	166.998	38.8579 	302.997
720	10    	201.984	35.3523 	305.162
721	10    	180.793	27.176  	309.28 
722	10    	200.837	31.74   	310.664
723	10    	170.509	55.5718 	302.053
724	10    	170.437	36.6221 	312.402
725	10    	171.921	36.6138 	310.768
726	10    	182.887	57.1895 	272.181
727	10    	156.777	34.0208 	309.464
728	10    	149.75 	32.7266 	232.361
729	10    	137.669	36.4727 	246.386
730	10    	137.272	35.4824 	247.77 
731	10    	196.964	26.8484 	307.074
732	10    	146.95 	32.1157 	306.665
733	10    	189.597	45.2651 	305.177
734	10    	183.382	46.3367 	305.87 
735	10    	96.4246	31.2673 	263.659
736	10    	188.257	63.0237 	258.211
737	10    	186.123	59.4482 	299.597
738	10    	176.409	38.5193 	270.867
739	10    	200.285	71.6619 	303.003
740	10    	131.283	28.2832 	204.979
741	10    	134.298	59.7998 	205.906
742	10    	153.499	32.835  	303.205
743	10    	187.463	54.0095 	265.571
744	10    	196.09 	155.656 	273.633
745	10    	176.856	28.1169 	258.125
746	10    	235.488	183.496 	273.438
747	10    	146.689	30.5508 	305.892
748	10    	132.213	49.0076 	201.832
749	10    	206.739	170.085 	247.884
750	10    	153.858	47.9065 	230.439
751	10    	171.625	34.1445 	244.941
752	10    	109.219	31.0103 	230.219
753	10    	160.241	33.561  	253.687
754	10    	135.54 	48.1575 	249.246
755	10    	128.142	33.6289 	246.667
756	10    	188.95 	47.22   	312.08 
757	10    	189.387	43.9858 	277.356
758	10    	150.783	52.0527 	215.561
759	10    	132.094	34.6497 	257.753
760	10    	195.741	62.7595 	251.055
761	10    	173.937	46.2866 	274.597
762	10    	221.433	69.2737 	308.248
763	10    	140.162	39.3523 	272.365
764	10    	189.784	47.1897 	312.04 
765	10    	114.909	30.3052 	247.044
766	10    	172.238	59.8164 	273.038
767	10    	220.836	179.141 	277.472
768	10    	157.876	31.4543 	269.727
769	10    	186.055	31.5886 	275.072
770	10    	150.496	36.9304 	245.893
771	10    	110.307	27.2639 	307.216
772	10    	128.931	32.5105 	312.881
773	10    	184.627	39.7996 	301.278
774	10    	220.778	97.9136 	308.998
775	10    	157.519	26.8945 	272.41 
776	10    	140.775	41.0261 	226.904
777	10    	127.444	51.8992 	278.762
778	10    	202.511	75.0315 	304.416
779	10    	186.654	83.8782 	254.111
780	10    	124.951	26.7207 	255.118
781	10    	152.047	33.9719 	275.585
782	10    	195.694	39.2175 	301.149
783	10    	138.511	33.2021 	269.766
784	10    	130.745	56.1277 	275.779
785	10    	175.231	34.5952 	277.236
786	10    	177.6  	44.8379 	274.172
787	10    	158.006	25.1096 	306.273
788	10    	167.589	31.251  	277.993
789	10    	177.691	23.3279 	310.16 
790	10    	196.039	26.6489 	310.584
791	10    	175.342	24.9648 	276.231
792	10    	202.939	28.8521 	309.105
793	10    	175.894	33.4536 	304.955
794	10    	178.168	44.1838 	309.185
795	10    	170.069	54.655  	268.505
796	10    	205.451	55.9824 	278.247
797	10    	148.411	40.0005 	263.523
798	10    	161.477	44.45   	304.285
799	10    	199.184	46.8374 	275.075
800	10    	182.234	43.907  	307.25 