gen	nevals	avg      	min       	max     
0  	25    	0.0274062	0         	0.174219
1  	25    	0.0391875	0.00078125	0.125781
2  	25    	0.0593125	0.0078125 	0.132812
3  	25    	0.0735625	0.0351562 	0.132812
4  	25    	0.0794062	0.0101562 	0.215625
5  	25    	0.10625  	0.021875  	0.2875  
6  	25    	0.135125 	0.0554687 	0.353125
7  	25    	0.189    	0.0570313 	0.414844
8  	25    	0.211719 	0.0929687 	0.482812
9  	25    	0.210281 	0.0257812 	0.610156
10 	25    	0.28325  	0.0257812 	0.635156
11 	25    	0.320188 	0.117969  	0.5375  
12 	25    	0.344938 	0.146094  	0.639844
13 	25    	0.308531 	0.0554687 	0.639844
14 	25    	0.357594 	0.0773437 	0.674219
15 	25    	0.374656 	0.0609375 	0.735937
16 	25    	0.46775  	0.0796875 	0.698438
17 	25    	0.442563 	0.200781  	0.690625
18 	25    	0.450531 	0.0585938 	0.639063
19 	25    	0.376187 	0.0757812 	0.652344
20 	25    	0.388563 	0.0328125 	0.664844
21 	25    	0.440406 	0.0109375 	0.642187
22 	25    	0.433281 	0.0523437 	0.70625 
23 	25    	0.382281 	0.0296875 	0.567187
24 	25    	0.430344 	0.19375   	0.713281
25 	25    	0.497406 	0.351562  	0.660156
26 	25    	0.483656 	0.28125   	0.645312
27 	25    	0.458406 	0.16875   	0.692187
28 	25    	0.469563 	0.114063  	0.803906
29 	25    	0.41225  	0.0492188 	0.682813
30 	25    	0.415656 	0.0125    	0.628906
31 	25    	0.471937 	0.229687  	0.78125 
32 	25    	0.406125 	0.0164062 	0.728125
33 	25    	0.436656 	0.046875  	0.652344
34 	25    	0.496    	0.141406  	0.760156
35 	25    	0.451687 	0.059375  	0.711719
36 	25    	0.417531 	0.110937  	0.691406
37 	25    	0.475844 	0.157813  	0.691406
38 	25    	0.428469 	0.0398437 	0.632031
39 	25    	0.494469 	0.311719  	0.704687
40 	25    	0.375687 	0.06875   	0.708594
41 	25    	0.43375  	0.164062  	0.74375 
42 	25    	0.549719 	0.345313  	0.765625
43 	25    	0.506875 	0.0734375 	0.814844
44 	25    	0.505094 	0.175781  	0.857031
45 	25    	0.508062 	0.257031  	0.809375
46 	25    	0.4955   	0.021875  	0.75625 
47 	25    	0.493562 	0.232031  	0.728125
48 	25    	0.572063 	0.339063  	0.822656
49 	25    	0.577313 	0.344531  	0.772656
50 	25    	0.498625 	0.0460938 	0.807031
51 	25    	0.569813 	0.0992187 	0.846094
52 	25    	0.51675  	0.110937  	0.723437
53 	25    	0.577937 	0.199219  	0.947656
54 	25    	0.611219 	0.0882813 	0.9125  
55 	25    	0.560969 	0.01875   	0.883594
56 	25    	0.582875 	0.0875    	0.901563
57 	25    	0.6205   	0.028125  	0.91875 
58 	25    	0.659312 	0.096875  	0.935156
59 	25    	0.650063 	0.05      	0.921875
60 	25    	0.664687 	0.0148437 	0.886719
61 	25    	0.668344 	0.0234375 	0.932813
62 	25    	0.683219 	0.20625   	0.915625
63 	25    	0.714406 	0.286719  	0.901563
64 	25    	0.716219 	0.41875   	0.964063
65 	25    	0.722219 	0.180469  	0.9     
66 	25    	0.741375 	0.532031  	0.889063
67 	25    	0.643406 	0.0679687 	0.947656
68 	25    	0.70075  	0.185156  	0.880469
69 	25    	0.7      	0.185156  	0.922656
70 	25    	0.786906 	0.515625  	0.98125 
71 	25    	0.663281 	0.0546875 	0.932813
72 	25    	0.729969 	0.0492188 	0.915625
73 	25    	0.777344 	0.569531  	0.967969
74 	25    	0.747219 	0.195312  	0.93125 
75 	25    	0.77275  	0.314844  	0.971875
76 	25    	0.73125  	0.015625  	0.909375
77 	25    	0.755031 	0.105469  	0.975   
78 	25    	0.743344 	0.421875  	0.972656
79 	25    	0.749406 	0.439063  	0.963281
80 	25    	0.687562 	0.13125   	0.929688
81 	25    	0.776812 	0.553125  	0.971875
82 	25    	0.704906 	0.01875   	0.965625
83 	25    	0.775344 	0.564844  	0.992969
84 	25    	0.759594 	0.1625    	0.94375 
85 	25    	0.683906 	0.0234375 	0.996094
86 	25    	0.715656 	0.140625  	0.953906
87 	25    	0.76925  	0.285937  	0.94375 
88 	25    	0.712062 	0.0171875 	0.975781
89 	25    	0.737906 	0.314844  	0.885938
90 	25    	0.757625 	0.107813  	0.947656
91 	25    	0.703781 	0.142969  	0.989844
92 	25    	0.768531 	0.0867188 	0.986719
93 	25    	0.759    	0.125     	0.989062
94 	25    	0.7415   	0.0453125 	0.972656
95 	25    	0.795156 	0.146094  	0.99375 
96 	25    	0.783031 	0.0460938 	0.967969
97 	25    	0.773156 	0.479688  	0.973437
98 	25    	0.703094 	0.232812  	0.958594
99 	25    	0.744219 	0.0546875 	0.98125 
100	25    	0.746344 	0.0984375 	0.975781
101	25    	0.754625 	0.38125   	0.953125
102	25    	0.744781 	0.347656  	0.955469
103	25    	0.690531 	0.182812  	0.994531
104	25    	0.780687 	0.467969  	0.95625 
105	25    	0.728156 	0.345313  	0.989844
106	25    	0.767063 	0.222656  	0.975   
107	25    	0.766125 	0.121094  	0.996094
108	25    	0.732094 	0.264062  	0.967969
109	25    	0.800281 	0.651563  	0.914062
110	25    	0.747344 	0.1875    	1       
111	25    	0.745938 	0.270312  	0.9625  
112	25    	0.764    	0.219531  	0.9375  
113	25    	0.767594 	0.461719  	0.971094
114	25    	0.762031 	0.4625    	0.932031
115	25    	0.805781 	0.0820312 	0.983594
116	25    	0.725375 	0.194531  	1       
117	25    	0.784406 	0.528906  	0.991406
118	25    	0.780781 	0.38125   	0.994531
119	25    	0.74625  	0.564844  	0.936719
120	25    	0.768062 	0.100781  	0.995313
121	25    	0.816687 	0.516406  	0.991406
122	25    	0.789906 	0.270312  	0.971875
123	25    	0.795625 	0.0773437 	1       
124	25    	0.824531 	0.539844  	0.996094
125	25    	0.790188 	0.290625  	0.96875 
126	25    	0.797469 	0.235156  	0.978906
127	25    	0.815906 	0.551562  	0.984375
128	25    	0.762594 	0.096875  	0.974219
129	25    	0.80325  	0.605469  	0.940625
130	25    	0.774062 	0.0460938 	1       
131	25    	0.738344 	0.117969  	0.919531
132	25    	0.762688 	0.421094  	0.992188
133	25    	0.682781 	0.0640625 	0.980469
134	25    	0.811    	0.403906  	0.997656
135	25    	0.795656 	0.608594  	0.9875  
136	25    	0.793656 	0.5625    	0.990625
137	25    	0.783219 	0.0859375 	0.996094
138	25    	0.805938 	0.616406  	1       
139	25    	0.783188 	0.592969  	0.980469
140	25    	0.778937 	0.467187  	1       
141	25    	0.751312 	0.329688  	0.982031
142	25    	0.755406 	0.186719  	0.98125 
143	25    	0.803    	0.474219  	0.986719
144	25    	0.766375 	0.396094  	0.980469
145	25    	0.770187 	0.269531  	0.99375 
146	25    	0.727344 	0.00859375	0.951563
147	25    	0.787031 	0.559375  	0.990625
148	25    	0.743    	0.296094  	0.971094
149	25    	0.781406 	0.117188  	0.996875
150	25    	0.792344 	0.592969  	0.975   
151	25    	0.767406 	0.423438  	0.948438
152	25    	0.6765   	0.141406  	1       
153	25    	0.754594 	0.0351562 	0.896875
154	25    	0.816031 	0.526563  	0.978906
155	25    	0.766531 	0.2375    	0.964063
156	25    	0.782938 	0.426562  	0.960156
157	25    	0.731375 	0.333594  	0.921875
158	25    	0.789125 	0.510938  	1       
159	25    	0.813    	0.625     	0.985937
160	25    	0.757437 	0.552344  	0.980469
161	25    	0.788594 	0.140625  	0.980469
162	25    	0.768188 	0.0585938 	0.991406
163	25    	0.749969 	0.170312  	1       
164	25    	0.758625 	0.0195312 	0.975781
165	25    	0.699094 	0.216406  	0.985937
166	25    	0.781719 	0.3625    	0.997656
167	25    	0.784406 	0.175781  	0.996094
168	25    	0.794812 	0.0773437 	0.979688
169	25    	0.817469 	0.598437  	0.996875
170	25    	0.753063 	0.483594  	1       
171	25    	0.811406 	0.614844  	1       
172	25    	0.762469 	0.271875  	0.975781
173	25    	0.734281 	0.369531  	0.988281
174	25    	0.77475  	0.109375  	1       
175	25    	0.777156 	0.0976562 	0.95625 
176	25    	0.752437 	0.282031  	0.995313
177	25    	0.731938 	0.485156  	0.886719
178	25    	0.761188 	0.175781  	0.971094
179	25    	0.759125 	0.250781  	1       
180	25    	0.694844 	0.144531  	0.942969
181	25    	0.750375 	0.108594  	0.985937
182	25    	0.750687 	0.202344  	0.9375  
183	25    	0.787031 	0.225781  	0.963281
184	25    	0.791031 	0.500781  	0.990625
185	25    	0.807594 	0.610937  	0.942969
186	25    	0.733156 	0.35625   	0.969531
187	25    	0.774406 	0.577344  	0.996875
188	25    	0.721125 	0.122656  	0.955469
189	25    	0.73925  	0.114844  	0.983594
190	25    	0.774187 	0.084375  	0.989844
191	25    	0.761875 	0.455469  	0.963281
192	25    	0.804687 	0.249219  	1       
193	25    	0.80325  	0.529688  	0.99375 
194	25    	0.783531 	0.473437  	0.992188
195	25    	0.686062 	0.0601562 	1       
196	25    	0.778938 	0.160156  	1       
197	25    	0.806687 	0.552344  	0.995313
198	25    	0.82125  	0.614062  	0.979688
199	25    	0.737094 	0.0703125 	0.976562
200	25    	0.746219 	0.14375   	0.914062
201	25    	0.739438 	0.284375  	0.953125
202	25    	0.752062 	0.509375  	1       
203	25    	0.716531 	0.117969  	0.953125
204	25    	0.726281 	0.065625  	0.955469
205	25    	0.748312 	0.421875  	0.996094
206	25    	0.78025  	0.428125  	0.961719
207	25    	0.783531 	0.408594  	0.997656
208	25    	0.793844 	0.504687  	0.990625
209	25    	0.695406 	0.0632813 	0.96875 
210	25    	0.719688 	0.220313  	1       
211	25    	0.734719 	0.297656  	1       
212	25    	0.759344 	0.33125   	1       
213	25    	0.737313 	0.0875    	0.957031
214	25    	0.727281 	0.129688  	0.925781
215	25    	0.8195   	0.571875  	1       
216	25    	0.792594 	0.415625  	1       
217	25    	0.783312 	0.527344  	0.957031
218	25    	0.781688 	0.345313  	0.957812
219	25    	0.766187 	0.304688  	1       
220	25    	0.804906 	0.555469  	1       
221	25    	0.734844 	0.0679687 	0.95    
222	25    	0.763906 	0.250781  	0.995313
223	25    	0.789063 	0.399219  	0.982813
224	25    	0.754781 	0.478125  	0.911719
225	25    	0.778344 	0.300781  	0.977344
226	25    	0.808    	0.610156  	0.996094
227	25    	0.765062 	0.157031  	0.953906
228	25    	0.799062 	0.488281  	1       
229	25    	0.752188 	0.195312  	0.989062
230	25    	0.790969 	0.221875  	0.996094
231	25    	0.821969 	0.559375  	0.985937
232	25    	0.769594 	0.555469  	0.985937
233	25    	0.749219 	0.103125  	0.96875 
234	25    	0.805125 	0.510156  	0.996094
235	25    	0.762375 	0.145313  	0.973437
236	25    	0.790312 	0.461719  	0.99375 
237	25    	0.767281 	0.424219  	0.991406
238	25    	0.811906 	0.505469  	0.951563
239	25    	0.812125 	0.550781  	1       
240	25    	0.805781 	0.405469  	0.970312
241	25    	0.734594 	0.0640625 	0.910937
242	25    	0.756969 	0.53125   	0.924219
243	25    	0.718219 	0.0914062 	0.988281
244	25    	0.755719 	0.320312  	0.988281
245	25    	0.747281 	0.346875  	0.986719
246	25    	0.766875 	0.426562  	0.946875
247	25    	0.752937 	0.103125  	0.969531
248	25    	0.755563 	0.277344  	0.933594
249	25    	0.814281 	0.589844  	0.955469
250	25    	0.737625 	0.124219  	0.995313
251	25    	0.802281 	0.282813  	0.988281
252	25    	0.718188 	0.0679687 	0.976562
253	25    	0.720062 	0.025     	1       
254	25    	0.755094 	0.0742188 	0.992188
255	25    	0.774531 	0.0671875 	1       
256	25    	0.807656 	0.567187  	0.992969
257	25    	0.774219 	0.128906  	0.994531
258	25    	0.819688 	0.678125  	0.972656
259	25    	0.792188 	0.4625    	0.971094
260	25    	0.793313 	0.422656  	1       
261	25    	0.791375 	0.528906  	0.958594
262	25    	0.745937 	0.102344  	0.975   
263	25    	0.798406 	0.209375  	0.983594
264	25    	0.789281 	0.325781  	0.983594
265	25    	0.745781 	0.0875    	0.989062
266	25    	0.805625 	0.550781  	1       
267	25    	0.814937 	0.399219  	1       
268	25    	0.810125 	0.0328125 	1       
269	25    	0.840875 	0.638281  	1       
270	25    	0.807906 	0.566406  	1       
271	25    	0.79425  	0.124219  	1       
272	25    	0.815594 	0.341406  	0.982813
273	25    	0.798469 	0.235156  	1       
274	25    	0.802625 	0.50625   	0.967188
275	25    	0.817875 	0.120312  	1       
276	25    	0.833063 	0.648438  	1       
277	25    	0.822    	0.648438  	0.988281
278	25    	0.825281 	0.210938  	1       
279	25    	0.820656 	0.39375   	0.985156
280	25    	0.757094 	0.05625   	0.984375
281	25    	0.83125  	0.633594  	0.989062
282	25    	0.805875 	0.407031  	0.985156
283	25    	0.810875 	0.140625  	1       
284	25    	0.801531 	0.0828125 	0.995313
285	25    	0.797937 	0.329688  	0.965625
286	25    	0.841094 	0.219531  	0.985156
287	25    	0.826406 	0.657031  	0.9875  
288	25    	0.808281 	0.465625  	0.996094
289	25    	0.806781 	0.207031  	0.982031
290	25    	0.835812 	0.350781  	1       
291	25    	0.818094 	0.240625  	0.982813
292	25    	0.807969 	0.278906  	0.992969
293	25    	0.878531 	0.530469  	1       
294	25    	0.809937 	0.659375  	0.996875
295	25    	0.818469 	0.485156  	0.958594
296	25    	0.803    	0.398438  	0.964844
297	25    	0.871219 	0.691406  	1       
298	25    	0.814969 	0.178906  	1       
299	25    	0.798281 	0.414062  	1       
300	25    	0.759594 	0.267969  	0.9875  
301	25    	0.811438 	0.263281  	0.989844
302	25    	0.785938 	0.192969  	0.994531
303	25    	0.845219 	0.522656  	1       
304	25    	0.804688 	0.322656  	0.994531
305	25    	0.827031 	0.5625    	0.986719
306	25    	0.87175  	0.74375   	0.99375 
307	25    	0.806719 	0.353125  	0.985156
308	25    	0.810156 	0.208594  	0.985156
309	25    	0.810813 	0.0132813 	0.988281
310	25    	0.78125  	0.173438  	0.994531
311	25    	0.839781 	0.521094  	0.992969
312	25    	0.80875  	0.604688  	0.991406
313	25    	0.83325  	0.142969  	0.988281
314	25    	0.790156 	0.226562  	0.996875
315	25    	0.810687 	0.232031  	1       
316	25    	0.789406 	0.127344  	0.99375 
317	25    	0.800188 	0.511719  	0.994531
318	25    	0.850469 	0.55      	0.996875
319	25    	0.804312 	0.253125  	0.985156
320	25    	0.799375 	0.385156  	0.997656
321	25    	0.838187 	0.564062  	1       
322	25    	0.793531 	0.0476562 	0.984375
323	25    	0.783906 	0.135156  	1       
324	25    	0.855594 	0.716406  	0.95625 
325	25    	0.779437 	0.295312  	0.989844
326	25    	0.796406 	0.194531  	1       
327	25    	0.801938 	0.477344  	0.991406
328	25    	0.849969 	0.682813  	1       
329	25    	0.799781 	0.0648438 	0.997656
330	25    	0.807562 	0.488281  	1       
331	25    	0.822031 	0.24375   	0.992969
332	25    	0.840187 	0.6375    	0.995313
333	25    	0.846281 	0.657031  	0.977344
334	25    	0.857531 	0.522656  	1       
335	25    	0.818688 	0.295312  	0.999219
336	25    	0.843    	0.576563  	0.992969
337	25    	0.837063 	0.578125  	1       
338	25    	0.821531 	0.321875  	1       
339	25    	0.817656 	0.210938  	0.996875
340	25    	0.803344 	0.339844  	0.995313
341	25    	0.816312 	0.342969  	0.989844
342	25    	0.800031 	0.429688  	0.992969
343	25    	0.794969 	0.06875   	1       
344	25    	0.821219 	0.419531  	1       
345	25    	0.783281 	0.248437  	0.992188
346	25    	0.891875 	0.728125  	1       
347	25    	0.834094 	0.121094  	0.996875
348	25    	0.755719 	0.135156  	0.989844
349	25    	0.815594 	0.524219  	0.919531
350	25    	0.880062 	0.752344  	0.992188
351	25    	0.779344 	0.141406  	0.998438
352	25    	0.841219 	0.0804688 	0.994531
353	25    	0.855906 	0.585938  	0.99375 
354	25    	0.819719 	0.509375  	0.990625
355	25    	0.863188 	0.699219  	0.99375 
356	25    	0.830906 	0.164062  	0.997656
357	25    	0.803531 	0.339844  	0.952344
358	25    	0.813406 	0.332031  	0.991406
359	25    	0.788531 	0.147656  	0.990625
360	25    	0.840844 	0.479688  	0.994531
361	25    	0.779812 	0.139844  	0.94375 
362	25    	0.766281 	0.125     	0.992188
363	25    	0.851125 	0.6       	1       
364	25    	0.768812 	0.263281  	0.974219
365	25    	0.792594 	0.234375  	0.980469
366	25    	0.750469 	0.184375  	0.996094
367	25    	0.828937 	0.15      	0.996875
368	25    	0.755688 	0.150781  	1       
369	25    	0.862844 	0.692187  	1       
370	25    	0.795844 	0.416406  	0.994531
371	25    	0.861625 	0.599219  	0.99375 
372	25    	0.869187 	0.648438  	0.998438
373	25    	0.765281 	0.171875  	1       
374	25    	0.83825  	0.642969  	0.998438
375	25    	0.817312 	0.0796875 	1       
376	25    	0.823344 	0.582812  	0.984375
377	25    	0.800625 	0.270312  	1       
378	25    	0.809    	0.2875    	0.9875  
379	25    	0.758031 	0.0625    	0.992188
380	25    	0.863625 	0.614844  	1       
381	25    	0.837375 	0.410937  	1       
382	25    	0.837938 	0.409375  	0.992188
383	25    	0.815031 	0.325     	1       
384	25    	0.775031 	0.282031  	0.946875
385	25    	0.793719 	0.135156  	0.994531
386	25    	0.776187 	0.307031  	0.998438
387	25    	0.758188 	0.170312  	0.992188
388	25    	0.78025  	0.199219  	1       
389	25    	0.787406 	0.135156  	1       
390	25    	0.84975  	0.424219  	1       
391	25    	0.8305   	0.50625   	0.982031
392	25    	0.85     	0.58125   	1       
393	25    	0.764688 	0.342969  	0.977344
394	25    	0.828    	0.598437  	1       
395	25    	0.788375 	0.391406  	0.978125
396	25    	0.8295   	0.603906  	0.963281
397	25    	0.865781 	0.715625  	0.99375 
398	25    	0.858281 	0.582031  	1       
399	25    	0.838656 	0.596875  	1       
400	25    	0.821625 	0.442187  	1       
401	25    	0.808656 	0.575781  	0.982813
402	25    	0.858469 	0.371875  	0.995313
403	25    	0.826344 	0.123438  	0.997656
404	25    	0.753562 	0.0617188 	1       
405	25    	0.859344 	0.566406  	1       
406	25    	0.820406 	0.41875   	0.999219
407	25    	0.836    	0.647656  	1       
408	25    	0.867625 	0.485938  	1       
409	25    	0.793125 	0.282031  	0.996875
410	25    	0.784219 	0.284375  	1       
411	25    	0.825094 	0.135937  	1       
412	25    	0.842125 	0.270312  	0.997656
413	25    	0.842    	0.588281  	1       
414	25    	0.777438 	0.378906  	1       
415	25    	0.792625 	0.134375  	1       
416	25    	0.765656 	0.207813  	1       
417	25    	0.828719 	0.403125  	1       
418	25    	0.874062 	0.7125    	1       
419	25    	0.861719 	0.435156  	1       
420	25    	0.864    	0.671094  	1       
421	25    	0.871    	0.584375  	1       
422	25    	0.847094 	0.578906  	1       
423	25    	0.882125 	0.757812  	1       
424	25    	0.897406 	0.685938  	0.989844
425	25    	0.868844 	0.692187  	0.997656
426	25    	0.817625 	0.034375  	0.992188
427	25    	0.783813 	0.135937  	1       
428	25    	0.850313 	0.202344  	1       
429	25    	0.839094 	0.164844  	1       
430	25    	0.800813 	0.235156  	1       
431	25    	0.832312 	0.310156  	1       
432	25    	0.870375 	0.621094  	1       
433	25    	0.844687 	0.0632813 	1       
434	25    	0.860125 	0.267188  	1       
435	25    	0.864187 	0.2125    	1       
436	25    	0.805906 	0.228906  	0.955469
437	25    	0.832062 	0.459375  	0.996094
438	25    	0.785531 	0.3375    	0.984375
439	25    	0.850344 	0.511719  	1       
440	25    	0.847719 	0.534375  	0.991406
441	25    	0.896031 	0.711719  	1       
442	25    	0.781375 	0.163281  	1       
443	25    	0.843344 	0.534375  	1       
444	25    	0.869656 	0.148438  	1       
445	25    	0.871406 	0.110937  	1       
446	25    	0.877687 	0.669531  	0.996875
447	25    	0.799156 	0.155469  	1       
448	25    	0.861937 	0.535156  	1       
449	25    	0.868813 	0.567187  	1       
450	25    	0.844563 	0.55      	1       
451	25    	0.872656 	0.660156  	1       
452	25    	0.889469 	0.642187  	1       
453	25    	0.85925  	0.396094  	1       
454	25    	0.841687 	0.113281  	1       
455	25    	0.874875 	0.46875   	1       
456	25    	0.877406 	0.697656  	1       
457	25    	0.882312 	0.6875    	1       
458	25    	0.900813 	0.707031  	1       
459	25    	0.82775  	0.0789063 	1       
460	25    	0.8605   	0.663281  	1       
461	25    	0.87875  	0.696875  	1       
462	25    	0.844281 	0.18125   	1       
463	25    	0.834188 	0.175781  	1       
464	25    	0.82725  	0.579687  	1       
465	25    	0.797094 	0.0789063 	1       
466	25    	0.821844 	0.16875   	1       
467	25    	0.863906 	0.532031  	1       
468	25    	0.803688 	0.175781  	0.998438
469	25    	0.830844 	0.625     	0.996875
470	25    	0.845625 	0.0492188 	1       
471	25    	0.830094 	0.0914062 	1       
472	25    	0.891406 	0.483594  	1       
473	25    	0.87275  	0.590625  	1       
474	25    	0.730687 	0.071875  	1       
475	25    	0.846437 	0.292188  	1       
476	25    	0.882125 	0.573438  	1       
477	25    	0.843469 	0.495313  	1       
478	25    	0.839094 	0.352344  	1       
479	25    	0.8735   	0.621875  	1       
480	25    	0.856969 	0.40625   	1       
481	25    	0.891188 	0.725781  	1       
482	25    	0.810031 	0.0578125 	1       
483	25    	0.855156 	0.422656  	0.996875
484	25    	0.893656 	0.808594  	1       
485	25    	0.873188 	0.544531  	1       
486	25    	0.855875 	0.453906  	1       
487	25    	0.84375  	0.560156  	1       
488	25    	0.90125  	0.726562  	1       
489	25    	0.83875  	0.186719  	1       
490	25    	0.852187 	0.403125  	1       
491	25    	0.83975  	0.205469  	1       
492	25    	0.850969 	0.357031  	1       
493	25    	0.811062 	0.296094  	1       
494	25    	0.831687 	0.0554687 	1       
495	25    	0.830344 	0.335938  	1       
496	25    	0.844125 	0.489062  	1       
497	25    	0.864844 	0.617188  	1       
498	25    	0.842625 	0.0671875 	1       
499	25    	0.869312 	0.667188  	1       
500	25    	0.809344 	0.179688  	1       