gen 	nevals	avg    	min     	max    
0   	10    	2.59434	-4.76416	9.96216
1   	10    	9.0615 	6.17993 	18.4626
2   	10    	11.6145	7.33496 	18.4626
3   	10    	24.7036	-9.63916	133.423
4   	10    	46.3284	12.5652 	133.423
5   	10    	85.4613	21.4185 	133.423
6   	10    	96.9317	13.0112 	133.423
7   	10    	121.138	10.5723 	133.423
8   	10    	125.161	50.8071 	133.423
9   	10    	133.423	133.423 	133.423
10  	10    	121.868	17.8726 	133.423
11  	10    	133.423	133.423 	133.423
12  	10    	123.925	38.4419 	133.423
13  	10    	121.077	9.96655 	133.423
14  	10    	124.418	43.3752 	133.423
15  	10    	120.731	6.50293 	133.423
16  	10    	124.535	44.5432 	133.423
17  	10    	121.802	17.2095 	133.423
18  	10    	121.74 	16.5898 	133.423
19  	10    	133.423	133.423 	133.423
20  	10    	133.423	133.423 	133.423
21  	10    	121.892	18.1096 	133.423
22  	10    	126.024	59.4375 	133.423
23  	10    	133.423	133.423 	133.423
24  	10    	133.423	133.423 	133.423
25  	10    	133.423	133.423 	133.423
26  	10    	133.423	133.423 	133.423
27  	10    	128.465	6.18945 	211.073
28  	10    	141.188	133.423 	211.073
29  	10    	131.733	38.8779 	211.073
30  	10    	147.453	33.1272 	211.073
31  	10    	183.977	17.7654 	211.073
32  	10    	211.073	211.073 	211.073
33  	10    	211.073	211.073 	211.073
34  	10    	211.073	211.073 	211.073
35  	10    	190.595	6.28931 	211.073
36  	10    	211.073	211.073 	211.073
37  	10    	211.073	211.073 	211.073
38  	10    	211.073	211.073 	211.073
39  	10    	192.917	29.5103 	211.073
40  	10    	211.073	211.073 	211.073
41  	10    	190.592	6.26099 	211.073
42  	10    	171.904	2.49805 	211.073
43  	10    	211.073	211.073 	211.073
44  	10    	171.343	8.65088 	211.073
45  	10    	211.073	211.073 	211.073
46  	10    	194.79 	48.2463 	211.073
47  	10    	192.178	22.1243 	211.073
48  	10    	211.073	211.073 	211.073
49  	10    	211.073	211.073 	211.073
50  	10    	211.073	211.073 	211.073
51  	10    	192.291	23.2529 	211.073
52  	10    	147.736	-20.6484	211.073
53  	10    	211.073	211.073 	211.073
54  	10    	211.073	211.073 	211.073
55  	10    	171.178	9.92969 	211.073
56  	10    	211.073	211.073 	211.073
57  	10    	211.073	211.073 	211.073
58  	10    	177.787	36.9019 	211.073
59  	10    	211.073	211.073 	211.073
60  	10    	174.681	6.34912 	211.073
61  	10    	191.299	13.3359 	211.073
62  	10    	211.073	211.073 	211.073
63  	10    	211.073	211.073 	211.073
64  	10    	211.073	211.073 	211.073
65  	10    	190.596	6.30371 	211.073
66  	10    	171.043	9.72876 	211.073
67  	10    	211.073	211.073 	211.073
68  	10    	211.073	211.073 	211.073
69  	10    	191.297	13.3101 	211.073
70  	10    	188.495	-14.7102	211.073
71  	10    	211.073	211.073 	211.073
72  	10    	211.073	211.073 	211.073
73  	10    	211.073	211.073 	211.073
74  	10    	211.073	211.073 	211.073
75  	10    	191.463	14.9688 	211.073
76  	10    	211.073	211.073 	211.073
77  	10    	211.073	211.073 	211.073
78  	10    	211.073	211.073 	211.073
79  	10    	193.017	30.5154 	211.073
80  	10    	211.073	211.073 	211.073
81  	10    	150.552	6.07446 	211.073
82  	10    	190.812	8.45947 	211.073
83  	10    	211.073	211.073 	211.073
84  	10    	211.073	211.073 	211.073
85  	10    	196.93 	69.6443 	211.073
86  	10    	211.073	211.073 	211.073
87  	10    	191.299	13.3318 	211.073
88  	10    	211.073	211.073 	211.073
89  	10    	211.073	211.073 	211.073
90  	10    	211.073	211.073 	211.073
91  	10    	211.073	211.073 	211.073
92  	10    	211.073	211.073 	211.073
93  	10    	211.073	211.073 	211.073
94  	10    	191.061	10.9541 	211.073
95  	10    	191.026	10.6018 	211.073
96  	10    	191.821	18.5562 	211.073
97  	10    	211.073	211.073 	211.073
98  	10    	211.073	211.073 	211.073
99  	10    	191.969	20.0369 	211.073
100 	10    	211.073	211.073 	211.073
101 	10    	211.073	211.073 	211.073
102 	10    	172.743	16.8989 	211.073
103 	10    	156.013	16.5515 	211.073
104 	10    	192.195	22.2905 	211.073
105 	10    	211.073	211.073 	211.073
106 	10    	211.073	211.073 	211.073
107 	10    	211.073	211.073 	211.073
108 	10    	211.073	211.073 	211.073
109 	10    	211.073	211.073 	211.073
110 	10    	172.788	18.2388 	211.073
111 	10    	195.261	52.9524 	211.073
112 	10    	190.593	6.27539 	211.073
113 	10    	211.073	211.073 	211.073
114 	10    	190.885	9.19043 	211.073
115 	10    	192.803	28.3701 	211.073
116 	10    	211.073	211.073 	211.073
117 	10    	211.073	211.073 	211.073
118 	10    	211.073	211.073 	211.073
119 	10    	190.419	4.53369 	211.073
120 	10    	174.751	12.6946 	211.073
121 	10    	190.802	8.36206 	211.073
122 	10    	195.049	50.8308 	211.073
123 	10    	211.073	211.073 	211.073
124 	10    	211.073	211.073 	211.073
125 	10    	172.832	19.6421 	211.073
126 	10    	211.073	211.073 	211.073
127 	10    	211.073	211.073 	211.073
128 	10    	211.073	211.073 	211.073
129 	10    	191.516	15.502  	211.073
130 	10    	211.073	211.073 	211.073
131 	10    	211.073	211.073 	211.073
132 	10    	199.408	94.4236 	211.073
133 	10    	193.805	38.3904 	211.073
134 	10    	211.073	211.073 	211.073
135 	10    	211.073	211.073 	211.073
136 	10    	211.073	211.073 	211.073
137 	10    	211.073	211.073 	211.073
138 	10    	211.073	211.073 	211.073
139 	10    	211.073	211.073 	211.073
140 	10    	211.073	211.073 	211.073
141 	10    	170.819	7.49365 	211.073
142 	10    	211.073	211.073 	211.073
143 	10    	211.073	211.073 	211.073
144 	10    	211.073	211.073 	211.073
145 	10    	170.491	6.96924 	211.073
146 	10    	211.073	211.073 	211.073
147 	10    	211.073	211.073 	211.073
148 	10    	180.833	15.2322 	211.073
149 	10    	211.073	211.073 	211.073
150 	10    	211.073	211.073 	211.073
151 	10    	194.052	40.8643 	211.073
152 	10    	190.951	9.85742 	211.073
153 	10    	211.073	211.073 	211.073
154 	10    	211.073	211.073 	211.073
155 	10    	211.073	211.073 	211.073
156 	10    	190.994	10.2837 	211.073
157 	10    	173.739	13.3445 	211.073
158 	10    	211.073	211.073 	211.073
159 	10    	211.073	211.073 	211.073
160 	10    	211.073	211.073 	211.073
161 	10    	190.582	6.15894 	211.073
162 	10    	211.073	211.073 	211.073
163 	10    	211.073	211.073 	211.073
164 	10    	211.073	211.073 	211.073
165 	10    	190.997	10.3113 	211.073
166 	10    	171.149	9.57642 	211.073
167 	10    	211.073	211.073 	211.073
168 	10    	184.087	19.5735 	211.073
169 	10    	211.073	211.073 	211.073
170 	10    	171.769	11.6064 	211.073
171 	10    	191.174	12.083  	211.073
172 	10    	211.073	211.073 	211.073
173 	10    	211.073	211.073 	211.073
174 	10    	199.215	92.4956 	211.073
175 	10    	211.073	211.073 	211.073
176 	10    	211.073	211.073 	211.073
177 	10    	190.864	8.98608 	211.073
178 	10    	211.073	211.073 	211.073
179 	10    	211.073	211.073 	211.073
180 	10    	191.072	11.0603 	211.073
181 	10    	211.073	211.073 	211.073
182 	10    	211.073	211.073 	211.073
183 	10    	211.073	211.073 	211.073
184 	10    	211.073	211.073 	211.073
185 	10    	211.073	211.073 	211.073
186 	10    	211.073	211.073 	211.073
187 	10    	211.073	211.073 	211.073
188 	10    	211.073	211.073 	211.073
189 	10    	211.073	211.073 	211.073
190 	10    	211.073	211.073 	211.073
191 	10    	170.638	6.34277 	211.073
192 	10    	171.85 	9.40869 	211.073
193 	10    	191.782	18.1582 	211.073
194 	10    	211.073	211.073 	211.073
195 	10    	211.073	211.073 	211.073
196 	10    	211.073	211.073 	211.073
197 	10    	191.509	15.4333 	211.073
198 	10    	170.929	9.76465 	211.073
199 	10    	211.073	211.073 	211.073
200 	10    	211.073	211.073 	211.073
201 	10    	190.994	10.2781 	211.073
202 	10    	172.079	11.5266 	211.073
203 	10    	190.242	2.76538 	211.073
204 	10    	171.262	11.3513 	211.073
205 	10    	194.639	46.7366 	211.073
206 	10    	211.073	211.073 	211.073
207 	10    	211.073	211.073 	211.073
208 	10    	211.073	211.073 	211.073
209 	10    	211.073	211.073 	211.073
210 	10    	211.073	211.073 	211.073
211 	10    	211.073	211.073 	211.073
212 	10    	211.073	211.073 	211.073
213 	10    	190.88 	9.1438  	211.073
214 	10    	211.073	211.073 	211.073
215 	10    	171.214	9.2854  	211.073
216 	10    	211.073	211.073 	211.073
217 	10    	211.073	211.073 	211.073
218 	10    	192.104	21.3828 	211.073
219 	10    	211.073	211.073 	211.073
220 	10    	211.073	211.073 	211.073
221 	10    	211.073	211.073 	211.073
222 	10    	211.073	211.073 	211.073
223 	10    	211.073	211.073 	211.073
224 	10    	211.073	211.073 	211.073
225 	10    	211.073	211.073 	211.073
226 	10    	191.084	11.1863 	211.073
227 	10    	211.073	211.073 	211.073
228 	10    	211.073	211.073 	211.073
229 	10    	211.073	211.073 	211.073
230 	10    	211.073	211.073 	211.073
231 	10    	211.073	211.073 	211.073
232 	10    	211.073	211.073 	211.073
233 	10    	211.073	211.073 	211.073
234 	10    	181.067	18.9631 	211.073
235 	10    	171.666	13.1243 	211.073
236 	10    	189.484	-4.8208 	211.073
237 	10    	211.073	211.073 	211.073
238 	10    	192.214	22.4805 	211.073
239 	10    	190.679	7.13159 	211.073
240 	10    	211.073	211.073 	211.073
241 	10    	184.947	7.60181 	211.073
242 	10    	211.073	211.073 	211.073
243 	10    	211.073	211.073 	211.073
244 	10    	191.634	16.6865 	211.073
245 	10    	171.254	11.5276 	211.073
246 	10    	174.438	12.3765 	211.073
247 	10    	211.073	211.073 	211.073
248 	10    	211.073	211.073 	211.073
249 	10    	211.073	211.073 	211.073
250 	10    	171.823	11.0886 	211.073
251 	10    	211.073	211.073 	211.073
252 	10    	211.073	211.073 	211.073
253 	10    	192.581	26.1509 	211.073
254 	10    	211.073	211.073 	211.073
255 	10    	191.459	14.928  	211.073
256 	10    	194.166	41.999  	211.073
257 	10    	191.717	17.5171 	211.073
258 	10    	191.927	19.614  	211.073
259 	10    	171.524	8.09741 	211.073
260 	10    	211.073	211.073 	211.073
261 	10    	169.911	0.885986	211.073
262 	10    	211.073	211.073 	211.073
263 	10    	211.073	211.073 	211.073
264 	10    	211.073	211.073 	211.073
265 	10    	211.073	211.073 	211.073
266 	10    	190.895	9.28833 	211.073
267 	10    	190.925	9.5896  	211.073
268 	10    	211.073	211.073 	211.073
269 	10    	211.073	211.073 	211.073
270 	10    	191.687	17.2153 	211.073
271 	10    	190.985	10.189  	211.073
272 	10    	211.073	211.073 	211.073
273 	10    	211.073	211.073 	211.073
274 	10    	200.548	105.826 	211.073
275 	10    	211.073	211.073 	211.073
276 	10    	211.073	211.073 	211.073
277 	10    	190.964	9.98633 	211.073
278 	10    	211.073	211.073 	211.073
279 	10    	211.073	211.073 	211.073
280 	10    	211.073	211.073 	211.073
281 	10    	211.073	211.073 	211.073
282 	10    	191.057	10.9126 	211.073
283 	10    	191.422	14.564  	211.073
284 	10    	211.073	211.073 	211.073
285 	10    	191.424	14.584  	211.073
286 	10    	211.073	211.073 	211.073
287 	10    	211.073	211.073 	211.073
288 	10    	211.073	211.073 	211.073
289 	10    	192.518	25.5217 	211.073
290 	10    	159.4  	6.21216 	211.073
291 	10    	176.394	12.5964 	211.073
292 	10    	211.073	211.073 	211.073
293 	10    	211.073	211.073 	211.073
294 	10    	211.073	211.073 	211.073
295 	10    	191.395	14.2937 	211.073
296 	10    	192.365	23.9919 	211.073
297 	10    	211.073	211.073 	211.073
298 	10    	191.23 	12.6462 	211.073
299 	10    	192.032	20.6582 	211.073
300 	10    	211.073	211.073 	211.073
301 	10    	211.073	211.073 	211.073
302 	10    	191.304	13.3816 	211.073
303 	10    	211.073	211.073 	211.073
304 	10    	211.073	211.073 	211.073
305 	10    	211.073	211.073 	211.073
306 	10    	211.073	211.073 	211.073
307 	10    	191.688	17.22   	211.073
308 	10    	191.365	13.9937 	211.073
309 	10    	192.533	25.6768 	211.073
310 	10    	211.073	211.073 	211.073
311 	10    	211.073	211.073 	211.073
312 	10    	211.073	211.073 	211.073
313 	10    	211.073	211.073 	211.073
314 	10    	211.073	211.073 	211.073
315 	10    	211.073	211.073 	211.073
316 	10    	211.073	211.073 	211.073
317 	10    	191.824	18.5786 	211.073
318 	10    	211.073	211.073 	211.073
319 	10    	190.588	6.2207  	211.073
320 	10    	201.969	120.035 	211.073
321 	10    	211.073	211.073 	211.073
322 	10    	211.073	211.073 	211.073
323 	10    	193.457	34.9165 	211.073
324 	10    	191.113	11.4692 	211.073
325 	10    	211.073	211.073 	211.073
326 	10    	211.073	211.073 	211.073
327 	10    	171.125	8.70996 	211.073
328 	10    	191.657	16.9124 	211.073
329 	10    	211.073	211.073 	211.073
330 	10    	190.887	9.21045 	211.073
331 	10    	190.887	9.2124  	211.073
332 	10    	191.657	16.9109 	211.073
333 	10    	190.963	9.96851 	211.073
334 	10    	211.073	211.073 	211.073
335 	10    	211.073	211.073 	211.073
336 	10    	211.073	211.073 	211.073
337 	10    	191.112	11.467  	211.073
338 	10    	211.073	211.073 	211.073
339 	10    	211.073	211.073 	211.073
340 	10    	190.702	7.36719 	211.073
341 	10    	172.389	5.42749 	211.073
342 	10    	211.073	211.073 	211.073
343 	10    	211.073	211.073 	211.073
344 	10    	211.073	211.073 	211.073
345 	10    	211.073	211.073 	211.073
346 	10    	211.073	211.073 	211.073
347 	10    	176.432	17.5522 	211.073
348 	10    	211.073	211.073 	211.073
349 	10    	211.073	211.073 	211.073
350 	10    	152.304	6.29785 	211.073
351 	10    	192.072	21.062  	211.073
352 	10    	192.097	21.3135 	211.073
353 	10    	172.767	10.0095 	211.073
354 	10    	211.073	211.073 	211.073
355 	10    	190.708	7.41992 	211.073
356 	10    	191.025	10.5974 	211.073
357 	10    	211.073	211.073 	211.073
358 	10    	211.073	211.073 	211.073
359 	10    	190.774	8.08545 	211.073
360 	10    	211.073	211.073 	211.073
361 	10    	190.957	9.91528 	211.073
362 	10    	211.073	211.073 	211.073
363 	10    	211.073	211.073 	211.073
364 	10    	190.935	9.68848 	211.073
365 	10    	181.72 	21.9446 	211.073
366 	10    	172.461	17.5815 	211.073
367 	10    	211.073	211.073 	211.073
368 	10    	192.775	28.0886 	211.073
369 	10    	211.073	211.073 	211.073
370 	10    	211.073	211.073 	211.073
371 	10    	211.073	211.073 	211.073
372 	10    	211.073	211.073 	211.073
373 	10    	192.971	30.0559 	211.073
374 	10    	193.069	31.0283 	211.073
375 	10    	211.073	211.073 	211.073
376 	10    	211.073	211.073 	211.073
377 	10    	191.788	18.2185 	211.073
378 	10    	190.597	6.30811 	211.073
379 	10    	211.073	211.073 	211.073
380 	10    	211.073	211.073 	211.073
381 	10    	211.073	211.073 	211.073
382 	10    	211.073	211.073 	211.073
383 	10    	211.073	211.073 	211.073
384 	10    	211.073	211.073 	211.073
385 	10    	211.073	211.073 	211.073
386 	10    	211.073	211.073 	211.073
387 	10    	211.073	211.073 	211.073
388 	10    	193.203	32.3691 	211.073
389 	10    	193.016	30.5005 	211.073
390 	10    	190.929	9.63306 	211.073
391 	10    	211.073	211.073 	211.073
392 	10    	211.073	211.073 	211.073
393 	10    	190.811	8.44946 	211.073
394 	10    	196.058	60.925  	211.073
395 	10    	211.073	211.073 	211.073
396 	10    	172.744	10.9038 	211.073
397 	10    	191.408	14.4231 	211.073
398 	10    	192.013	20.4702 	211.073
399 	10    	192.176	22.1011 	211.073
400 	10    	195.337	53.717  	211.073
401 	10    	191.559	15.9319 	211.073
402 	10    	211.073	211.073 	211.073
403 	10    	192.615	26.49   	211.073
404 	10    	211.073	211.073 	211.073
405 	10    	211.073	211.073 	211.073
406 	10    	211.073	211.073 	211.073
407 	10    	191.917	19.5146 	211.073
408 	10    	171.059	9.33008 	211.073
409 	10    	191.623	16.571  	211.073
410 	10    	211.073	211.073 	211.073
411 	10    	211.073	211.073 	211.073
412 	10    	192.971	30.0481 	211.073
413 	10    	211.073	211.073 	211.073
414 	10    	211.073	211.073 	211.073
415 	10    	211.073	211.073 	211.073
416 	10    	211.073	211.073 	211.073
417 	10    	211.073	211.073 	211.073
418 	10    	211.073	211.073 	211.073
419 	10    	191.21 	12.4443 	211.073
420 	10    	211.073	211.073 	211.073
421 	10    	202.64 	126.738 	211.073
422 	10    	211.073	211.073 	211.073
423 	10    	197.736	77.707  	211.073
424 	10    	193.313	33.47   	211.073
425 	10    	191.587	16.2083 	211.073
426 	10    	211.073	211.073 	211.073
427 	10    	191.304	13.3872 	211.073
428 	10    	191.214	12.4824 	211.073
429 	10    	194.471	45.05   	211.073
430 	10    	211.073	211.073 	211.073
431 	10    	211.073	211.073 	211.073
432 	10    	191.235	12.6965 	211.073
433 	10    	179.768	27.5791 	211.073
434 	10    	211.073	211.073 	211.073
435 	10    	191.365	13.9895 	211.073
436 	10    	211.073	211.073 	211.073
437 	10    	191.523	15.5698 	211.073
438 	10    	193.371	34.0493 	211.073
439 	10    	192.327	23.614  	211.073
440 	10    	211.073	211.073 	211.073
441 	10    	211.073	211.073 	211.073
442 	10    	207.224	172.586 	211.073
443 	10    	211.073	211.073 	211.073
444 	10    	211.073	211.073 	211.073
445 	10    	190.846	8.80469 	211.073
446 	10    	211.073	211.073 	211.073
447 	10    	190.957	9.90869 	211.073
448 	10    	193.303	33.3682 	211.073
449 	10    	211.073	211.073 	211.073
450 	10    	211.073	211.073 	211.073
451 	10    	211.073	211.073 	211.073
452 	10    	192.159	21.9373 	211.073
453 	10    	211.073	211.073 	211.073
454 	10    	211.073	211.073 	211.073
455 	10    	211.073	211.073 	211.073
456 	10    	190.056	0.906494	211.073
457 	10    	211.073	211.073 	211.073
458 	10    	179.476	6.28174 	211.073
459 	10    	211.073	211.073 	211.073
460 	10    	211.073	211.073 	211.073
461 	10    	211.073	211.073 	211.073
462 	10    	193.655	36.894  	211.073
463 	10    	191.586	16.2021 	211.073
464 	10    	173.638	11.8911 	211.073
465 	10    	193.514	35.4856 	211.073
466 	10    	211.073	211.073 	211.073
467 	10    	211.073	211.073 	211.073
468 	10    	192.585	26.1914 	211.073
469 	10    	211.073	211.073 	211.073
470 	10    	193.449	34.8303 	211.073
471 	10    	192.85 	28.8396 	211.073
472 	10    	175.063	8.84229 	211.073
473 	10    	192.904	29.3838 	211.073
474 	10    	195.633	56.6775 	211.073
475 	10    	211.073	211.073 	211.073
476 	10    	192.804	28.3845 	211.073
477 	10    	191.387	14.2112 	211.073
478 	10    	211.073	211.073 	211.073
479 	10    	211.073	211.073 	211.073
480 	10    	193.562	35.9583 	211.073
481 	10    	211.073	211.073 	211.073
482 	10    	152.004	3.18652 	211.073
483 	10    	190.697	7.30933 	211.073
484 	10    	211.073	211.073 	211.073
485 	10    	211.073	211.073 	211.073
486 	10    	211.073	211.073 	211.073
487 	10    	211.073	211.073 	211.073
488 	10    	211.073	211.073 	211.073
489 	10    	191.919	19.5347 	211.073
490 	10    	211.073	211.073 	211.073
491 	10    	211.073	211.073 	211.073
492 	10    	211.073	211.073 	211.073
493 	10    	190.596	6.29883 	211.073
494 	10    	191.066	10.9985 	211.073
495 	10    	211.073	211.073 	211.073
496 	10    	211.073	211.073 	211.073
497 	10    	211.073	211.073 	211.073
498 	10    	192.025	20.5903 	211.073
499 	10    	211.073	211.073 	211.073
500 	10    	211.073	211.073 	211.073
501 	10    	191.117	11.5144 	211.073
502 	10    	211.073	211.073 	211.073
503 	10    	191.576	16.1025 	211.073
504 	10    	211.073	211.073 	211.073
505 	10    	211.073	211.073 	211.073
506 	10    	211.073	211.073 	211.073
507 	10    	190.898	9.32739 	211.073
508 	10    	190.424	4.58423 	211.073
509 	10    	211.073	211.073 	211.073
510 	10    	195.206	52.4016 	211.073
511 	10    	193.419	34.5342 	211.073
512 	10    	192.969	30.0359 	211.073
513 	10    	211.073	211.073 	211.073
514 	10    	211.073	211.073 	211.073
515 	10    	191.755	17.895  	211.073
516 	10    	175.871	19.4751 	211.073
517 	10    	190.77 	8.04565 	211.073
518 	10    	192.483	25.1743 	211.073
519 	10    	211.073	211.073 	211.073
520 	10    	211.073	211.073 	211.073
521 	10    	211.073	211.073 	211.073
522 	10    	211.073	211.073 	211.073
523 	10    	211.073	211.073 	211.073
524 	10    	195.312	53.46   	211.073
525 	10    	211.073	211.073 	211.073
526 	10    	211.073	211.073 	211.073
527 	10    	211.073	211.073 	211.073
528 	10    	211.073	211.073 	211.073
529 	10    	211.073	211.073 	211.073
530 	10    	195.471	55.0537 	211.073
531 	10    	211.073	211.073 	211.073
532 	10    	211.073	211.073 	211.073
533 	10    	190.871	9.05298 	211.073
534 	10    	190.805	8.39258 	211.073
535 	10    	209.972	200.066 	211.073
536 	10    	211.073	211.073 	211.073
537 	10    	191.112	11.4636 	211.073
538 	10    	195.212	52.4619 	211.073
539 	10    	191.236	12.698  	211.073
540 	10    	192.856	28.9009 	211.073
541 	10    	211.073	211.073 	211.073
542 	10    	211.073	211.073 	211.073
543 	10    	193.372	34.0674 	211.073
544 	10    	173.254	19.2749 	211.073
545 	10    	211.073	211.073 	211.073
546 	10    	191.184	12.1794 	211.073
547 	10    	191.329	13.6355 	211.073
548 	10    	211.073	211.073 	211.073
549 	10    	211.073	211.073 	211.073
550 	10    	190.736	7.70386 	211.073
551 	10    	211.073	211.073 	211.073
552 	10    	211.073	211.073 	211.073
553 	10    	191.664	16.9861 	211.073
554 	10    	191.273	13.0698 	211.073
555 	10    	191.653	16.8704 	211.073
556 	10    	211.073	211.073 	211.073
557 	10    	192.427	24.6138 	211.073
558 	10    	211.073	211.073 	211.073
559 	10    	211.073	211.073 	211.073
560 	10    	211.073	211.073 	211.073
561 	10    	211.073	211.073 	211.073
562 	10    	211.073	211.073 	211.073
563 	10    	211.073	211.073 	211.073
564 	10    	170.305	6.14502 	211.073
565 	10    	190.798	8.3208  	211.073
566 	10    	192.956	29.8999 	211.073
567 	10    	211.073	211.073 	211.073
568 	10    	172.643	12.688  	211.073
569 	10    	191.554	15.8804 	211.073
570 	10    	211.073	211.073 	211.073
571 	10    	211.073	211.073 	211.073
572 	10    	211.073	211.073 	211.073
573 	10    	211.073	211.073 	211.073
574 	10    	211.073	211.073 	211.073
575 	10    	193.109	31.429  	211.073
576 	10    	211.073	211.073 	211.073
577 	10    	211.073	211.073 	211.073
578 	10    	191.396	14.3059 	211.073
579 	10    	211.073	211.073 	211.073
580 	10    	211.073	211.073 	211.073
581 	10    	211.073	211.073 	211.073
582 	10    	191.725	17.5928 	211.073
583 	10    	211.073	211.073 	211.073
584 	10    	211.073	211.073 	211.073
585 	10    	211.073	211.073 	211.073
586 	10    	192.288	23.2183 	211.073
587 	10    	194.165	41.9958 	211.073
588 	10    	211.073	211.073 	211.073
589 	10    	190.86 	8.94238 	211.073
590 	10    	190.773	8.07178 	211.073
591 	10    	211.073	211.073 	211.073
592 	10    	211.073	211.073 	211.073
593 	10    	194.654	46.887  	211.073
594 	10    	211.073	211.073 	211.073
595 	10    	172.095	13.375  	211.073
596 	10    	211.073	211.073 	211.073
597 	10    	211.073	211.073 	211.073
598 	10    	211.073	211.073 	211.073
599 	10    	211.073	211.073 	211.073
600 	10    	211.073	211.073 	211.073
601 	10    	211.073	211.073 	211.073
602 	10    	211.073	211.073 	211.073
603 	10    	211.073	211.073 	211.073
604 	10    	211.073	211.073 	211.073
605 	10    	211.073	211.073 	211.073
606 	10    	175.512	6.5437  	211.073
607 	10    	211.073	211.073 	211.073
608 	10    	191.21 	12.4429 	211.073
609 	10    	211.073	211.073 	211.073
610 	10    	211.073	211.073 	211.073
611 	10    	211.073	211.073 	211.073
612 	10    	197.235	72.6909 	211.073
613 	10    	191.005	10.3928 	211.073
614 	10    	211.073	211.073 	211.073
615 	10    	192.204	22.3877 	211.073
616 	10    	211.073	211.073 	211.073
617 	10    	211.073	211.073 	211.073
618 	10    	211.073	211.073 	211.073
619 	10    	193.373	34.071  	211.073
620 	10    	191.337	13.7144 	211.073
621 	10    	211.073	211.073 	211.073
622 	10    	192.443	24.7722 	211.073
623 	10    	211.073	211.073 	211.073
624 	10    	190.694	7.2854  	211.073
625 	10    	190.779	8.13086 	211.073
626 	10    	211.073	211.073 	211.073
627 	10    	191.088	11.2222 	211.073
628 	10    	211.073	211.073 	211.073
629 	10    	190.988	10.2217 	211.073
630 	10    	194.358	43.927  	211.073
631 	10    	211.073	211.073 	211.073
632 	10    	191.066	11.001  	211.073
633 	10    	211.073	211.073 	211.073
634 	10    	191.166	12.0078 	211.073
635 	10    	211.073	211.073 	211.073
636 	10    	211.073	211.073 	211.073
637 	10    	191.164	11.9817 	211.073
638 	10    	192.137	21.7139 	211.073
639 	10    	175.091	12.7153 	211.073
640 	10    	211.073	211.073 	211.073
641 	10    	211.073	211.073 	211.073
642 	10    	219.349	211.073 	293.832
643 	10    	176.901	12.147  	293.832
644 	10    	212.78 	6.99268 	293.832
645 	10    	209.598	5.74756 	293.832
646 	10    	241.238	20.4131 	293.832
647 	10    	293.832	293.832 	293.832
648 	10    	293.832	293.832 	293.832
649 	10    	293.832	293.832 	293.832
650 	10    	265.789	13.4014 	293.832
651 	10    	293.832	293.832 	293.832
652 	10    	265.975	15.26   	293.832
653 	10    	293.832	293.832 	293.832
654 	10    	293.832	293.832 	293.832
655 	10    	293.832	293.832 	293.832
656 	10    	265.451	10.019  	293.832
657 	10    	293.832	293.832 	293.832
658 	10    	293.832	293.832 	293.832
659 	10    	293.832	293.832 	293.832
660 	10    	293.832	293.832 	293.832
661 	10    	241.554	20.3789 	293.832
662 	10    	293.832	293.832 	293.832
663 	10    	265.622	11.728  	293.832
664 	10    	265.074	6.2522  	293.832
665 	10    	293.832	293.832 	293.832
666 	10    	293.832	293.832 	293.832
667 	10    	267.162	27.136  	293.832
668 	10    	264.999	5.50024 	293.832
669 	10    	268.398	39.4958 	293.832
670 	10    	293.832	293.832 	293.832
671 	10    	268.952	45.0339 	293.832
672 	10    	293.832	293.832 	293.832
673 	10    	293.832	293.832 	293.832
674 	10    	293.832	293.832 	293.832
675 	10    	293.832	293.832 	293.832
676 	10    	293.832	293.832 	293.832
677 	10    	265.253	8.03931 	293.832
678 	10    	265.726	12.7693 	293.832
679 	10    	293.832	293.832 	293.832
680 	10    	293.832	293.832 	293.832
681 	10    	293.832	293.832 	293.832
682 	10    	293.832	293.832 	293.832
683 	10    	293.832	293.832 	293.832
684 	10    	293.832	293.832 	293.832
685 	10    	293.832	293.832 	293.832
686 	10    	265.506	10.5703 	293.832
687 	10    	293.832	293.832 	293.832
688 	10    	293.832	293.832 	293.832
689 	10    	293.832	293.832 	293.832
690 	10    	265.079	6.30688 	293.832
691 	10    	263.51 	-9.38428	293.832
692 	10    	265.943	14.9463 	293.832
693 	10    	293.832	293.832 	293.832
694 	10    	267.684	32.3518 	293.832
695 	10    	264.787	3.38696 	293.832
696 	10    	266.599	21.5017 	293.832
697 	10    	265.079	6.3042  	293.832
698 	10    	267.454	30.0505 	293.832
699 	10    	293.832	293.832 	293.832
700 	10    	264.027	-4.21777	293.832
701 	10    	266.821	23.7183 	293.832
702 	10    	293.832	293.832 	293.832
703 	10    	268.973	45.2427 	293.832
704 	10    	240.65 	9.61426 	293.832
705 	10    	293.832	293.832 	293.832
706 	10    	293.832	293.832 	293.832
707 	10    	284.236	197.868 	293.832
708 	10    	293.832	293.832 	293.832
709 	10    	265.469	10.2046 	293.832
710 	10    	274.438	99.896  	293.832
711 	10    	270.062	56.1289 	293.832
712 	10    	265.066	6.1731  	293.832
713 	10    	293.832	293.832 	293.832
714 	10    	265.619	11.7039 	293.832
715 	10    	265.079	6.30396 	293.832
716 	10    	293.832	293.832 	293.832
717 	10    	293.832	293.832 	293.832
718 	10    	265.114	6.65381 	293.832
719 	10    	293.832	293.832 	293.832
720 	10    	293.832	293.832 	293.832
721 	10    	293.832	293.832 	293.832
722 	10    	293.832	293.832 	293.832
723 	10    	293.832	293.832 	293.832
724 	10    	293.832	293.832 	293.832
725 	10    	293.832	293.832 	293.832
726 	10    	265.343	8.94019 	293.832
727 	10    	293.832	293.832 	293.832
728 	10    	293.832	293.832 	293.832
729 	10    	266.45 	20.0076 	293.832
730 	10    	293.832	293.832 	293.832
731 	10    	293.832	293.832 	293.832
732 	10    	293.832	293.832 	293.832
733 	10    	293.832	293.832 	293.832
734 	10    	293.832	293.832 	293.832
735 	10    	265.388	9.38794 	293.832
736 	10    	268.538	40.8921 	293.832
737 	10    	240.986	6.55298 	293.832
738 	10    	265.194	7.45557 	293.832
739 	10    	238.167	7.72388 	293.832
740 	10    	293.832	293.832 	293.832
741 	10    	293.832	293.832 	293.832
742 	10    	265.85 	14.0073 	293.832
743 	10    	293.832	293.832 	293.832
744 	10    	293.832	293.832 	293.832
745 	10    	293.832	293.832 	293.832
746 	10    	265.121	6.72339 	293.832
747 	10    	265.082	6.33643 	293.832
748 	10    	270.223	57.7449 	293.832
749 	10    	293.832	293.832 	293.832
750 	10    	242.456	33.9192 	293.832
751 	10    	264.904	4.5481  	293.832
752 	10    	293.832	293.832 	293.832
753 	10    	293.832	293.832 	293.832
754 	10    	293.832	293.832 	293.832
755 	10    	265.259	8.104   	293.832
756 	10    	293.832	293.832 	293.832
757 	10    	266.449	20.0049 	293.832
758 	10    	293.832	293.832 	293.832
759 	10    	293.832	293.832 	293.832
760 	10    	266.769	23.2029 	293.832
761 	10    	293.832	293.832 	293.832
762 	10    	293.832	293.832 	293.832
763 	10    	293.832	293.832 	293.832
764 	10    	267.246	27.9685 	293.832
765 	10    	265.125	6.76392 	293.832
766 	10    	268.629	41.802  	293.832
767 	10    	266.242	17.9312 	293.832
768 	10    	265.378	9.29077 	293.832
769 	10    	293.832	293.832 	293.832
770 	10    	293.832	293.832 	293.832
771 	10    	293.832	293.832 	293.832
772 	10    	265.091	6.4209  	293.832
773 	10    	293.832	293.832 	293.832
774 	10    	293.832	293.832 	293.832
775 	10    	293.832	293.832 	293.832
776 	10    	249.73 	6.28247 	293.832
777 	10    	293.832	293.832 	293.832
778 	10    	293.832	293.832 	293.832
779 	10    	266.603	21.54   	293.832
780 	10    	265.45 	10.0093 	293.832
781 	10    	293.832	293.832 	293.832
782 	10    	293.832	293.832 	293.832
783 	10    	237.581	6.22412 	293.832
784 	10    	293.832	293.832 	293.832
785 	10    	239.048	6.43506 	293.832
786 	10    	265.084	6.35034 	293.832
787 	10    	265.219	7.70288 	293.832
788 	10    	265.502	10.5298 	293.832
789 	10    	293.832	293.832 	293.832
790 	10    	265.546	10.9758 	293.832
791 	10    	293.832	293.832 	293.832
792 	10    	293.832	293.832 	293.832
793 	10    	266.171	17.2195 	293.832
794 	10    	266.409	19.5972 	293.832
795 	10    	293.832	293.832 	293.832
796 	10    	266.876	24.2749 	293.832
797 	10    	293.832	293.832 	293.832
798 	10    	266.435	19.8582 	293.832
799 	10    	293.832	293.832 	293.832
800 	10    	265.419	9.69922 	293.832
801 	10    	267.202	27.5327 	293.832
802 	10    	293.832	293.832 	293.832
803 	10    	293.832	293.832 	293.832
804 	10    	293.832	293.832 	293.832
805 	10    	267.739	32.9067 	293.832
806 	10    	265.315	8.66064 	293.832
807 	10    	265.227	7.78174 	293.832
808 	10    	268.824	43.7537 	293.832
809 	10    	293.832	293.832 	293.832
810 	10    	293.832	293.832 	293.832
811 	10    	293.832	293.832 	293.832
812 	10    	265.28 	8.3103  	293.832
813 	10    	293.832	293.832 	293.832
814 	10    	293.832	293.832 	293.832
815 	10    	293.832	293.832 	293.832
816 	10    	293.832	293.832 	293.832
817 	10    	293.832	293.832 	293.832
818 	10    	293.832	293.832 	293.832
819 	10    	293.832	293.832 	293.832
820 	10    	293.832	293.832 	293.832
821 	10    	293.832	293.832 	293.832
822 	10    	293.832	293.832 	293.832
823 	10    	240.57 	16.2078 	293.832
824 	10    	293.832	293.832 	293.832
825 	10    	268.676	42.2764 	293.832
826 	10    	293.832	293.832 	293.832
827 	10    	293.832	293.832 	293.832
828 	10    	293.832	293.832 	293.832
829 	10    	266.444	19.9543 	293.832
830 	10    	293.832	293.832 	293.832
831 	10    	293.832	293.832 	293.832
832 	10    	266.344	18.9485 	293.832
833 	10    	267.445	29.9636 	293.832
834 	10    	293.832	293.832 	293.832
835 	10    	265.569	11.1978 	293.832
836 	10    	293.832	293.832 	293.832
837 	10    	266.726	22.7751 	293.832
838 	10    	265.857	14.0862 	293.832
839 	10    	293.832	293.832 	293.832
840 	10    	265.655	12.0664 	293.832
841 	10    	293.832	293.832 	293.832
842 	10    	266.772	23.2271 	293.832
843 	10    	293.832	293.832 	293.832
844 	10    	266.237	17.885  	293.832
845 	10    	265.281	8.32104 	293.832
846 	10    	293.832	293.832 	293.832
847 	10    	265.386	9.37305 	293.832
848 	10    	293.832	293.832 	293.832
849 	10    	293.832	293.832 	293.832
850 	10    	293.832	293.832 	293.832
851 	10    	293.832	293.832 	293.832
852 	10    	293.832	293.832 	293.832
853 	10    	265.375	9.26587 	293.832
854 	10    	293.832	293.832 	293.832
855 	10    	266.207	17.5806 	293.832
856 	10    	293.832	293.832 	293.832
857 	10    	293.832	293.832 	293.832
858 	10    	293.832	293.832 	293.832
859 	10    	293.832	293.832 	293.832
860 	10    	265.089	6.40137 	293.832
861 	10    	293.832	293.832 	293.832
862 	10    	293.832	293.832 	293.832
863 	10    	293.832	293.832 	293.832
864 	10    	293.832	293.832 	293.832
865 	10    	293.832	293.832 	293.832
866 	10    	293.832	293.832 	293.832
867 	10    	293.832	293.832 	293.832
868 	10    	293.832	293.832 	293.832
869 	10    	266.201	17.5259 	293.832
870 	10    	293.832	293.832 	293.832
871 	10    	293.832	293.832 	293.832
872 	10    	293.832	293.832 	293.832
873 	10    	266.245	17.9592 	293.832
874 	10    	265.302	8.53052 	293.832
875 	10    	293.832	293.832 	293.832
876 	10    	293.832	293.832 	293.832
877 	10    	293.832	293.832 	293.832
878 	10    	266.355	19.0627 	293.832
879 	10    	266.401	19.5173 	293.832
880 	10    	239.241	6.31177 	293.832
881 	10    	269.517	50.6846 	293.832
882 	10    	293.832	293.832 	293.832
883 	10    	293.832	293.832 	293.832
884 	10    	293.832	293.832 	293.832
885 	10    	293.832	293.832 	293.832
886 	10    	293.832	293.832 	293.832
887 	10    	265.234	7.84961 	293.832
888 	10    	293.832	293.832 	293.832
889 	10    	293.832	293.832 	293.832
890 	10    	293.832	293.832 	293.832
891 	10    	266.25 	18.0156 	293.832
892 	10    	265.75 	13.0095 	293.832
893 	10    	293.832	293.832 	293.832
894 	10    	293.832	293.832 	293.832
895 	10    	266.194	17.4507 	293.832
896 	10    	293.832	293.832 	293.832
897 	10    	293.832	293.832 	293.832
898 	10    	293.832	293.832 	293.832
899 	10    	293.832	293.832 	293.832
900 	10    	293.832	293.832 	293.832
901 	10    	265.902	14.5339 	293.832
902 	10    	293.832	293.832 	293.832
903 	10    	293.832	293.832 	293.832
904 	10    	265.059	6.09766 	293.832
905 	10    	265.963	15.1445 	293.832
906 	10    	293.832	293.832 	293.832
907 	10    	293.832	293.832 	293.832
908 	10    	293.832	293.832 	293.832
909 	10    	293.832	293.832 	293.832
910 	10    	293.832	293.832 	293.832
911 	10    	293.832	293.832 	293.832
912 	10    	293.832	293.832 	293.832
913 	10    	265.601	11.5232 	293.832
914 	10    	265.073	6.24438 	293.832
915 	10    	265.742	12.9285 	293.832
916 	10    	266.198	17.4929 	293.832
917 	10    	265.296	8.46948 	293.832
918 	10    	264.2  	-2.49072	293.832
919 	10    	293.832	293.832 	293.832
920 	10    	293.832	293.832 	293.832
921 	10    	293.832	293.832 	293.832
922 	10    	293.832	293.832 	293.832
923 	10    	293.832	293.832 	293.832
924 	10    	293.832	293.832 	293.832
925 	10    	293.832	293.832 	293.832
926 	10    	293.832	293.832 	293.832
927 	10    	293.832	293.832 	293.832
928 	10    	293.832	293.832 	293.832
929 	10    	237.08 	6.27539 	293.832
930 	10    	293.832	293.832 	293.832
931 	10    	293.832	293.832 	293.832
932 	10    	293.832	293.832 	293.832
933 	10    	265.071	6.22632 	293.832
934 	10    	293.832	293.832 	293.832
935 	10    	293.832	293.832 	293.832
936 	10    	293.832	293.832 	293.832
937 	10    	263.584	-8.65234	293.832
938 	10    	293.832	293.832 	293.832
939 	10    	293.832	293.832 	293.832
940 	10    	293.832	293.832 	293.832
941 	10    	293.832	293.832 	293.832
942 	10    	266.687	22.3801 	293.832
943 	10    	293.832	293.832 	293.832
944 	10    	263.442	-10.071 	293.832
945 	10    	293.832	293.832 	293.832
946 	10    	265.078	6.29395 	293.832
947 	10    	293.832	293.832 	293.832
948 	10    	267.781	33.3245 	293.832
949 	10    	293.832	293.832 	293.832
950 	10    	266.008	15.5884 	293.832
951 	10    	293.832	293.832 	293.832
952 	10    	293.832	293.832 	293.832
953 	10    	267.299	28.5032 	293.832
954 	10    	293.832	293.832 	293.832
955 	10    	293.832	293.832 	293.832
956 	10    	293.832	293.832 	293.832
957 	10    	293.832	293.832 	293.832
958 	10    	293.832	293.832 	293.832
959 	10    	293.832	293.832 	293.832
960 	10    	293.832	293.832 	293.832
961 	10    	267.949	34.9988 	293.832
962 	10    	265.192	7.4292  	293.832
963 	10    	207.555	6.16846 	293.832
964 	10    	265.082	6.33032 	293.832
965 	10    	293.832	293.832 	293.832
966 	10    	236.498	6.95313 	293.832
967 	10    	266.209	17.6033 	293.832
968 	10    	293.832	293.832 	293.832
969 	10    	293.832	293.832 	293.832
970 	10    	293.832	293.832 	293.832
971 	10    	293.832	293.832 	293.832
972 	10    	293.832	293.832 	293.832
973 	10    	265.091	6.41968 	293.832
974 	10    	265.686	12.3694 	293.832
975 	10    	293.832	293.832 	293.832
976 	10    	293.832	293.832 	293.832
977 	10    	265.753	13.0391 	293.832
978 	10    	264.723	2.74023 	293.832
979 	10    	265.784	13.3547 	293.832
980 	10    	293.832	293.832 	293.832
981 	10    	266.444	19.9509 	293.832
982 	10    	265.724	12.7485 	293.832
983 	10    	293.832	293.832 	293.832
984 	10    	293.832	293.832 	293.832
985 	10    	269.469	50.2029 	293.832
986 	10    	267.413	29.6401 	293.832
987 	10    	293.832	293.832 	293.832
988 	10    	293.832	293.832 	293.832
989 	10    	293.832	293.832 	293.832
990 	10    	266.405	19.5652 	293.832
991 	10    	293.832	293.832 	293.832
992 	10    	293.832	293.832 	293.832
993 	10    	237.135	6.08252 	293.832
994 	10    	293.832	293.832 	293.832
995 	10    	238.122	6.18286 	293.832
996 	10    	293.832	293.832 	293.832
997 	10    	293.832	293.832 	293.832
998 	10    	265.069	6.2041  	293.832
999 	10    	265.157	7.08276 	293.832
1000	10    	293.832	293.832 	293.832
1001	10    	293.832	293.832 	293.832
1002	10    	265.395	9.45996 	293.832
1003	10    	265.4  	9.51685 	293.832
1004	10    	243.922	28.4192 	293.832
1005	10    	265.287	8.37939 	293.832
1006	10    	236.848	6.27881 	293.832
1007	10    	293.832	293.832 	293.832
1008	10    	265.694	12.4543 	293.832
1009	10    	293.832	293.832 	293.832
1010	10    	274.774	103.253 	293.832
1011	10    	293.832	293.832 	293.832
1012	10    	266.413	19.6377 	293.832
1013	10    	293.832	293.832 	293.832
1014	10    	267.688	32.387  	293.832
1015	10    	265.785	13.3665 	293.832
1016	10    	266.125	16.7625 	293.832
1017	10    	265.119	6.7041  	293.832
1018	10    	293.832	293.832 	293.832
1019	10    	236.657	6.24756 	293.832
1020	10    	293.832	293.832 	293.832
1021	10    	266.588	21.3896 	293.832
1022	10    	293.832	293.832 	293.832
1023	10    	293.832	293.832 	293.832
1024	10    	265.625	11.7629 	293.832
1025	10    	293.832	293.832 	293.832
1026	10    	265.073	6.23926 	293.832
1027	10    	293.832	293.832 	293.832
1028	10    	293.832	293.832 	293.832
1029	10    	238.408	15.8821 	293.832
1030	10    	293.832	293.832 	293.832
1031	10    	265.103	6.54614 	293.832
1032	10    	264.798	3.48853 	293.832
1033	10    	293.832	293.832 	293.832
1034	10    	293.832	293.832 	293.832
1035	10    	293.832	293.832 	293.832
1036	10    	293.832	293.832 	293.832
1037	10    	275.672	112.234 	293.832
1038	10    	265.944	14.9521 	293.832
1039	10    	266.738	22.8953 	293.832
1040	10    	293.832	293.832 	293.832
1041	10    	293.832	293.832 	293.832
1042	10    	293.832	293.832 	293.832
1043	10    	242.05 	10.2622 	293.832
1044	10    	264.68 	2.31641 	293.832
1045	10    	265.15 	7.01392 	293.832
1046	10    	265.138	6.89111 	293.832
1047	10    	293.832	293.832 	293.832
1048	10    	293.832	293.832 	293.832
1049	10    	265.047	5.98535 	293.832
1050	10    	207.658	4.51636 	293.832
1051	10    	293.832	293.832 	293.832
1052	10    	293.832	293.832 	293.832
1053	10    	293.832	293.832 	293.832
1054	10    	265.973	15.2397 	293.832
1055	10    	293.832	293.832 	293.832
1056	10    	266.683	22.3467 	293.832
1057	10    	293.832	293.832 	293.832
1058	10    	293.832	293.832 	293.832
1059	10    	293.832	293.832 	293.832
1060	10    	293.832	293.832 	293.832
1061	10    	293.832	293.832 	293.832
1062	10    	293.832	293.832 	293.832
1063	10    	264.156	-2.92603	293.832
1064	10    	293.832	293.832 	293.832
1065	10    	293.832	293.832 	293.832
1066	10    	265.063	6.14185 	293.832
1067	10    	293.832	293.832 	293.832
1068	10    	293.832	293.832 	293.832
1069	10    	293.832	293.832 	293.832
1070	10    	265.054	6.04956 	293.832
1071	10    	293.832	293.832 	293.832
1072	10    	265.376	9.27368 	293.832
1073	10    	293.832	293.832 	293.832
1074	10    	264.699	2.50537 	293.832
1075	10    	293.832	293.832 	293.832
1076	10    	265.911	14.626  	293.832
1077	10    	293.832	293.832 	293.832
1078	10    	266.499	20.5027 	293.832
1079	10    	265.074	6.25366 	293.832
1080	10    	265.083	6.3396  	293.832
1081	10    	293.832	293.832 	293.832
1082	10    	293.832	293.832 	293.832
1083	10    	293.832	293.832 	293.832
1084	10    	266.864	24.1494 	293.832
1085	10    	293.832	293.832 	293.832
1086	10    	293.832	293.832 	293.832
1087	10    	239.731	9.24097 	293.832
1088	10    	293.832	293.832 	293.832
1089	10    	265.084	6.35059 	293.832
1090	10    	293.832	293.832 	293.832
1091	10    	265.071	6.22534 	293.832
1092	10    	293.832	293.832 	293.832
1093	10    	264.159	-2.89575	293.832
1094	10    	293.832	293.832 	293.832
1095	10    	266.119	16.7002 	293.832
1096	10    	265.406	9.5752  	293.832
1097	10    	293.832	293.832 	293.832
1098	10    	270.791	63.4263 	293.832
1099	10    	273.654	92.0481 	293.832
1100	10    	238.878	-2.79175	293.832
1101	10    	293.832	293.832 	293.832
1102	10    	293.832	293.832 	293.832
1103	10    	293.832	293.832 	293.832
1104	10    	265.071	6.22656 	293.832
1105	10    	293.832	293.832 	293.832
1106	10    	293.832	293.832 	293.832
1107	10    	293.832	293.832 	293.832
1108	10    	265.058	6.09595 	293.832
1109	10    	293.832	293.832 	293.832
1110	10    	293.832	293.832 	293.832
1111	10    	278.261	138.127 	293.832
1112	10    	240.281	12.1479 	293.832
1113	10    	245.939	52.6975 	293.832
1114	10    	293.832	293.832 	293.832
1115	10    	267.544	30.9534 	293.832
1116	10    	293.832	293.832 	293.832
1117	10    	293.832	293.832 	293.832
1118	10    	293.832	293.832 	293.832
1119	10    	265.785	13.3611 	293.832
1120	10    	293.832	293.832 	293.832
1121	10    	293.832	293.832 	293.832
1122	10    	293.832	293.832 	293.832
1123	10    	293.832	293.832 	293.832
1124	10    	293.832	293.832 	293.832
1125	10    	293.832	293.832 	293.832
1126	10    	265.788	13.3872 	293.832
1127	10    	293.832	293.832 	293.832
1128	10    	293.832	293.832 	293.832
1129	10    	293.832	293.832 	293.832
1130	10    	293.832	293.832 	293.832
1131	10    	265.547	10.9832 	293.832
1132	10    	266.403	19.5398 	293.832
1133	10    	265.053	6.03955 	293.832
1134	10    	293.832	293.832 	293.832
1135	10    	265.94 	14.9109 	293.832
1136	10    	293.832	293.832 	293.832
1137	10    	265.068	6.19507 	293.832
1138	10    	293.832	293.832 	293.832
1139	10    	293.832	293.832 	293.832
1140	10    	293.832	293.832 	293.832
1141	10    	293.832	293.832 	293.832
1142	10    	293.832	293.832 	293.832
1143	10    	264.537	0.885986	293.832
1144	10    	264.157	-2.92212	293.832
1145	10    	293.832	293.832 	293.832
1146	10    	293.832	293.832 	293.832
1147	10    	293.832	293.832 	293.832
1148	10    	293.832	293.832 	293.832
1149	10    	265.079	6.3064  	293.832
1150	10    	293.832	293.832 	293.832
1151	10    	293.832	293.832 	293.832
1152	10    	293.832	293.832 	293.832
1153	10    	293.832	293.832 	293.832
1154	10    	293.832	293.832 	293.832
1155	10    	293.832	293.832 	293.832
1156	10    	238.616	7.15137 	293.832
1157	10    	293.832	293.832 	293.832
1158	10    	293.832	293.832 	293.832
1159	10    	293.832	293.832 	293.832
1160	10    	293.832	293.832 	293.832
1161	10    	293.832	293.832 	293.832
1162	10    	293.832	293.832 	293.832
1163	10    	293.832	293.832 	293.832
1164	10    	293.832	293.832 	293.832
1165	10    	266.446	19.9758 	293.832
1166	10    	265.314	8.65137 	293.832
1167	10    	237.403	7.14453 	293.832
1168	10    	211.799	13.9963 	293.832
1169	10    	293.832	293.832 	293.832
1170	10    	293.832	293.832 	293.832
1171	10    	293.832	293.832 	293.832
1172	10    	293.832	293.832 	293.832
1173	10    	236.32 	-5.11548	293.832
1174	10    	265.284	8.34814 	293.832
1175	10    	265.059	6.09766 	293.832
1176	10    	265.095	6.45703 	293.832
1177	10    	265.476	10.2686 	293.832
1178	10    	238.924	2.63013 	293.832
1179	10    	293.832	293.832 	293.832
1180	10    	265.073	6.24023 	293.832
1181	10    	265.786	13.375  	293.832
1182	10    	293.832	293.832 	293.832
1183	10    	293.832	293.832 	293.832
1184	10    	293.832	293.832 	293.832
1185	10    	293.832	293.832 	293.832
1186	10    	293.832	293.832 	293.832
1187	10    	269.343	48.9387 	293.832
1188	10    	265.068	6.19141 	293.832
1189	10    	293.832	293.832 	293.832
1190	10    	265.16 	7.11157 	293.832
1191	10    	293.832	293.832 	293.832
1192	10    	293.832	293.832 	293.832
1193	10    	293.832	293.832 	293.832
1194	10    	208.119	6.30469 	293.832
1195	10    	265.587	11.3787 	293.832
1196	10    	293.832	293.832 	293.832
1197	10    	265.079	6.30591 	293.832
1198	10    	266.913	24.6382 	293.832
1199	10    	293.832	293.832 	293.832
1200	10    	243.581	7.45459 	293.832
1201	10    	293.832	293.832 	293.832
1202	10    	293.832	293.832 	293.832
1203	10    	293.832	293.832 	293.832
1204	10    	266.833	23.8433 	293.832
1205	10    	293.832	293.832 	293.832
1206	10    	293.832	293.832 	293.832
1207	10    	293.832	293.832 	293.832
1208	10    	293.832	293.832 	293.832
1209	10    	236.582	6.302   	293.832
1210	10    	237.856	9.93896 	293.832
1211	10    	293.832	293.832 	293.832
1212	10    	293.832	293.832 	293.832
1213	10    	266.203	17.5447 	293.832
1214	10    	293.832	293.832 	293.832
1215	10    	293.832	293.832 	293.832
1216	10    	293.832	293.832 	293.832
1217	10    	293.832	293.832 	293.832
1218	10    	293.832	293.832 	293.832
1219	10    	293.832	293.832 	293.832
1220	10    	237.483	6.19116 	293.832
1221	10    	246.937	-4.99902	293.832
1222	10    	293.832	293.832 	293.832
1223	10    	293.832	293.832 	293.832
1224	10    	293.832	293.832 	293.832
1225	10    	293.832	293.832 	293.832
1226	10    	293.832	293.832 	293.832
1227	10    	265.076	6.26733 	293.832
1228	10    	293.832	293.832 	293.832
1229	10    	293.832	293.832 	293.832
1230	10    	293.832	293.832 	293.832
1231	10    	293.832	293.832 	293.832
1232	10    	266.113	16.647  	293.832
1233	10    	293.832	293.832 	293.832
1234	10    	266.263	18.1409 	293.832
1235	10    	238.941	6.27368 	293.832
1236	10    	265.078	6.29688 	293.832
1237	10    	265.09 	6.41284 	293.832
1238	10    	265.195	7.46582 	293.832
1239	10    	265.975	15.2578 	293.832
1240	10    	293.832	293.832 	293.832
1241	10    	268.902	44.5298 	293.832
1242	10    	293.832	293.832 	293.832
1243	10    	265.113	6.63892 	293.832
1244	10    	293.832	293.832 	293.832
1245	10    	236.665	6.33691 	293.832
1246	10    	293.832	293.832 	293.832
1247	10    	293.832	293.832 	293.832
1248	10    	293.832	293.832 	293.832
1249	10    	293.832	293.832 	293.832
1250	10    	293.832	293.832 	293.832
1251	10    	293.832	293.832 	293.832
1252	10    	293.832	293.832 	293.832
1253	10    	293.832	293.832 	293.832
1254	10    	238.02 	12.9912 	293.832
1255	10    	293.832	293.832 	293.832
1256	10    	264.158	-2.90332	293.832
1257	10    	265.288	8.39209 	293.832
1258	10    	293.832	293.832 	293.832
1259	10    	265.618	11.6875 	293.832
1260	10    	293.832	293.832 	293.832
1261	10    	267.723	32.7415 	293.832
1262	10    	293.832	293.832 	293.832
1263	10    	244.394	7.85352 	293.832
1264	10    	265.877	14.2849 	293.832
1265	10    	293.832	293.832 	293.832
1266	10    	293.832	293.832 	293.832
1267	10    	265.071	6.21826 	293.832
1268	10    	263.659	-7.89551	293.832
1269	10    	293.832	293.832 	293.832
1270	10    	293.832	293.832 	293.832
1271	10    	293.832	293.832 	293.832
1272	10    	264.715	2.66089 	293.832
1273	10    	268.554	41.0542 	293.832
1274	10    	265.826	13.7737 	293.832
1275	10    	237.41 	7.2002  	293.832
1276	10    	293.832	293.832 	293.832
1277	10    	267.294	28.4524 	293.832
1278	10    	293.832	293.832 	293.832
1279	10    	293.832	293.832 	293.832
1280	10    	293.832	293.832 	293.832
1281	10    	265.085	6.35767 	293.832
1282	10    	235.134	-14.5608	293.832
1283	10    	212.408	15.2415 	293.832
1284	10    	267.989	35.405  	293.832
1285	10    	293.832	293.832 	293.832
1286	10    	293.832	293.832 	293.832
1287	10    	293.832	293.832 	293.832
1288	10    	293.832	293.832 	293.832
1289	10    	209.832	6.26147 	293.832
1290	10    	293.832	293.832 	293.832
1291	10    	293.832	293.832 	293.832
1292	10    	293.832	293.832 	293.832
1293	10    	293.832	293.832 	293.832
1294	10    	293.832	293.832 	293.832
1295	10    	293.832	293.832 	293.832
1296	10    	265.701	12.5195 	293.832
1297	10    	293.832	293.832 	293.832
1298	10    	265.633	11.8372 	293.832
1299	10    	293.832	293.832 	293.832
1300	10    	293.832	293.832 	293.832
1301	10    	238.606	10.5916 	293.832
1302	10    	293.832	293.832 	293.832
1303	10    	293.832	293.832 	293.832
1304	10    	293.832	293.832 	293.832
1305	10    	265.07 	6.2146  	293.832
1306	10    	265.1  	6.51147 	293.832
1307	10    	293.832	293.832 	293.832
1308	10    	264.217	-2.31812	293.832
1309	10    	293.832	293.832 	293.832
1310	10    	234.794	-10.4241	293.832
1311	10    	293.832	293.832 	293.832
1312	10    	266.219	17.6975 	293.832
1313	10    	265.066	6.17651 	293.832
1314	10    	293.832	293.832 	293.832
1315	10    	265.975	15.26   	293.832
1316	10    	293.832	293.832 	293.832
1317	10    	293.832	293.832 	293.832
1318	10    	293.832	293.832 	293.832
1319	10    	268.096	36.4763 	293.832
1320	10    	293.832	293.832 	293.832
1321	10    	293.832	293.832 	293.832
1322	10    	293.832	293.832 	293.832
1323	10    	265.517	10.679  	293.832
1324	10    	293.832	293.832 	293.832
1325	10    	293.832	293.832 	293.832
1326	10    	293.832	293.832 	293.832
1327	10    	262.904	-15.4514	293.832
1328	10    	293.832	293.832 	293.832
1329	10    	293.832	293.832 	293.832
1330	10    	265.207	7.58496 	293.832
1331	10    	293.832	293.832 	293.832
1332	10    	265.282	8.33667 	293.832
1333	10    	293.832	293.832 	293.832
1334	10    	267.596	31.4749 	293.832
1335	10    	293.832	293.832 	293.832
1336	10    	293.832	293.832 	293.832
1337	10    	293.832	293.832 	293.832
1338	10    	293.832	293.832 	293.832
1339	10    	293.832	293.832 	293.832
1340	10    	293.832	293.832 	293.832
1341	10    	265.073	6.24536 	293.832
1342	10    	266.887	24.3855 	293.832
1343	10    	293.832	293.832 	293.832
1344	10    	293.832	293.832 	293.832
1345	10    	293.832	293.832 	293.832
1346	10    	293.832	293.832 	293.832
1347	10    	293.832	293.832 	293.832
1348	10    	236.986	6.16821 	293.832
1349	10    	293.832	293.832 	293.832
1350	10    	293.832	293.832 	293.832
1351	10    	293.832	293.832 	293.832
1352	10    	265.248	7.99072 	293.832
1353	10    	265.289	8.40088 	293.832
1354	10    	265.992	15.4353 	293.832
1355	10    	293.832	293.832 	293.832
1356	10    	266.388	19.3928 	293.832
1357	10    	266.239	17.9063 	293.832
1358	10    	265.659	12.0984 	293.832
1359	10    	266.105	16.5579 	293.832
1360	10    	293.832	293.832 	293.832
1361	10    	293.832	293.832 	293.832
1362	10    	267.809	33.6011 	293.832
1363	10    	293.832	293.832 	293.832
1364	10    	293.832	293.832 	293.832
1365	10    	265.054	6.05371 	293.832
1366	10    	265.075	6.25879 	293.832
1367	10    	266.828	23.7896 	293.832
1368	10    	293.832	293.832 	293.832
1369	10    	293.832	293.832 	293.832
1370	10    	293.832	293.832 	293.832
1371	10    	293.832	293.832 	293.832
1372	10    	293.832	293.832 	293.832
1373	10    	265.785	13.3652 	293.832
1374	10    	269.768	53.1904 	293.832
1375	10    	293.832	293.832 	293.832
1376	10    	293.832	293.832 	293.832
1377	10    	293.832	293.832 	293.832
1378	10    	236.806	6.36304 	293.832
1379	10    	293.832	293.832 	293.832
1380	10    	293.832	293.832 	293.832
1381	10    	293.832	293.832 	293.832
1382	10    	293.832	293.832 	293.832
1383	10    	293.832	293.832 	293.832
1384	10    	237.169	6.19946 	293.832
1385	10    	293.832	293.832 	293.832
1386	10    	293.832	293.832 	293.832
1387	10    	265.791	13.4233 	293.832
1388	10    	293.832	293.832 	293.832
1389	10    	293.832	293.832 	293.832
1390	10    	293.832	293.832 	293.832
1391	10    	265.573	11.2393 	293.832
1392	10    	293.832	293.832 	293.832
1393	10    	265.181	7.32446 	293.832
1394	10    	263.323	-11.2605	293.832
1395	10    	293.832	293.832 	293.832
1396	10    	293.832	293.832 	293.832
1397	10    	265.101	6.52344 	293.832
1398	10    	293.832	293.832 	293.832
1399	10    	265.899	14.5017 	293.832
1400	10    	293.832	293.832 	293.832
1401	10    	293.832	293.832 	293.832
1402	10    	293.832	293.832 	293.832
1403	10    	293.832	293.832 	293.832
1404	10    	237.974	6.27026 	293.832
1405	10    	267.497	30.4858 	293.832
1406	10    	293.832	293.832 	293.832
1407	10    	293.832	293.832 	293.832
1408	10    	266.139	16.9023 	293.832
1409	10    	293.832	293.832 	293.832
1410	10    	293.832	293.832 	293.832
1411	10    	271.6  	71.5146 	293.832
1412	10    	267.947	34.98   	293.832
1413	10    	265.067	6.17944 	293.832
1414	10    	268.823	43.7405 	293.832
1415	10    	264.107	-3.41968	293.832
1416	10    	293.832	293.832 	293.832
1417	10    	293.832	293.832 	293.832
1418	10    	264.192	-2.56372	293.832
1419	10    	293.832	293.832 	293.832
1420	10    	293.832	293.832 	293.832
1421	10    	265.069	6.20044 	293.832
1422	10    	237.328	9.56885 	293.832
1423	10    	293.832	293.832 	293.832
1424	10    	237.008	7.08569 	293.832
1425	10    	293.832	293.832 	293.832
1426	10    	265.414	9.65186 	293.832
1427	10    	293.832	293.832 	293.832
1428	10    	266.176	17.2749 	293.832
1429	10    	293.832	293.832 	293.832
1430	10    	293.832	293.832 	293.832
1431	10    	293.832	293.832 	293.832
1432	10    	293.832	293.832 	293.832
1433	10    	293.832	293.832 	293.832
1434	10    	293.832	293.832 	293.832
1435	10    	293.832	293.832 	293.832
1436	10    	293.832	293.832 	293.832
1437	10    	293.832	293.832 	293.832
1438	10    	293.832	293.832 	293.832
1439	10    	293.832	293.832 	293.832
1440	10    	293.832	293.832 	293.832
1441	10    	265.311	8.61768 	293.832
1442	10    	265.249	7.99878 	293.832
1443	10    	293.832	293.832 	293.832
1444	10    	293.832	293.832 	293.832
1445	10    	293.832	293.832 	293.832
1446	10    	245.447	32.9788 	293.832
1447	10    	293.832	293.832 	293.832
1448	10    	265.445	9.96191 	293.832
1449	10    	265.087	6.38379 	293.832
1450	10    	293.832	293.832 	293.832
1451	10    	293.832	293.832 	293.832
1452	10    	293.832	293.832 	293.832
1453	10    	293.832	293.832 	293.832
1454	10    	293.832	293.832 	293.832
1455	10    	293.832	293.832 	293.832
1456	10    	293.832	293.832 	293.832
1457	10    	293.832	293.832 	293.832
1458	10    	267.636	31.8704 	293.832
1459	10    	293.832	293.832 	293.832
1460	10    	293.832	293.832 	293.832
1461	10    	293.832	293.832 	293.832
1462	10    	293.832	293.832 	293.832
1463	10    	293.832	293.832 	293.832
1464	10    	293.832	293.832 	293.832
1465	10    	293.832	293.832 	293.832
1466	10    	293.832	293.832 	293.832
1467	10    	293.832	293.832 	293.832
1468	10    	293.832	293.832 	293.832
1469	10    	267.899	34.5051 	293.832
1470	10    	293.832	293.832 	293.832
1471	10    	293.832	293.832 	293.832
1472	10    	293.832	293.832 	293.832
1473	10    	266.634	21.854  	293.832
1474	10    	293.832	293.832 	293.832
1475	10    	293.832	293.832 	293.832
1476	10    	237.049	7.7373  	293.832
1477	10    	237.645	10.2495 	293.832
1478	10    	237.69 	-14.7993	293.832
1479	10    	266.697	22.4858 	293.832
1480	10    	293.832	293.832 	293.832
1481	10    	293.832	293.832 	293.832
1482	10    	265.073	6.24561 	293.832
1483	10    	265.463	10.1462 	293.832
1484	10    	293.832	293.832 	293.832
1485	10    	293.832	293.832 	293.832
1486	10    	293.832	293.832 	293.832
1487	10    	293.832	293.832 	293.832
1488	10    	265.686	12.3691 	293.832
1489	10    	293.832	293.832 	293.832
1490	10    	237.377	6.58496 	293.832
1491	10    	293.832	293.832 	293.832
1492	10    	293.832	293.832 	293.832
1493	10    	293.832	293.832 	293.832
1494	10    	266.881	24.3174 	293.832
1495	10    	265.322	8.73145 	293.832
1496	10    	293.832	293.832 	293.832
1497	10    	293.832	293.832 	293.832
1498	10    	293.832	293.832 	293.832
1499	10    	293.832	293.832 	293.832
1500	10    	236.75 	7.1333  	293.832
1501	10    	293.832	293.832 	293.832
1502	10    	237.311	10.6357 	293.832
1503	10    	267.891	34.4209 	293.832
1504	10    	242.955	36.0112 	293.832
1505	10    	264.532	0.828369	293.832
1506	10    	293.832	293.832 	293.832
1507	10    	293.832	293.832 	293.832
1508	10    	293.832	293.832 	293.832
1509	10    	265.415	9.66162 	293.832
1510	10    	293.832	293.832 	293.832
1511	10    	293.832	293.832 	293.832
1512	10    	293.832	293.832 	293.832
1513	10    	265.72 	12.71   	293.832
1514	10    	293.832	293.832 	293.832
1515	10    	293.832	293.832 	293.832
1516	10    	293.832	293.832 	293.832
1517	10    	293.832	293.832 	293.832
1518	10    	237.084	6.20166 	293.832
1519	10    	266.009	15.6018 	293.832
1520	10    	293.832	293.832 	293.832
1521	10    	293.832	293.832 	293.832
1522	10    	270.446	59.9695 	293.832
1523	10    	264.67 	2.20703 	293.832
1524	10    	265.074	6.25146 	293.832
1525	10    	293.832	293.832 	293.832
1526	10    	293.832	293.832 	293.832
1527	10    	265.045	5.96118 	293.832
1528	10    	293.832	293.832 	293.832
1529	10    	293.832	293.832 	293.832
1530	10    	293.832	293.832 	293.832
1531	10    	293.832	293.832 	293.832
1532	10    	293.832	293.832 	293.832
1533	10    	293.832	293.832 	293.832
1534	10    	293.832	293.832 	293.832
1535	10    	264.982	5.33252 	293.832
1536	10    	293.832	293.832 	293.832
1537	10    	237.592	6.57251 	293.832
1538	10    	293.832	293.832 	293.832
1539	10    	293.832	293.832 	293.832
1540	10    	293.832	293.832 	293.832
1541	10    	266.158	17.0959 	293.832
1542	10    	269.649	51.9988 	293.832
1543	10    	293.832	293.832 	293.832
1544	10    	293.832	293.832 	293.832
1545	10    	236.585	7.0769  	293.832
1546	10    	266.503	20.5396 	293.832
1547	10    	293.832	293.832 	293.832
1548	10    	293.832	293.832 	293.832
1549	10    	293.832	293.832 	293.832
1550	10    	248.071	6.34033 	293.832
1551	10    	293.832	293.832 	293.832
1552	10    	293.832	293.832 	293.832
1553	10    	265.102	6.53491 	293.832
1554	10    	266.481	20.3228 	293.832
1555	10    	293.832	293.832 	293.832
1556	10    	265.086	6.37427 	293.832
1557	10    	293.832	293.832 	293.832
1558	10    	265.831	13.8228 	293.832
1559	10    	293.832	293.832 	293.832
1560	10    	266.107	16.5867 	293.832
1561	10    	236.906	6.06543 	293.832
1562	10    	265.108	6.59326 	293.832
1563	10    	293.832	293.832 	293.832
1564	10    	265.161	7.12231 	293.832
1565	10    	238.949	18.0215 	293.832
1566	10    	293.832	293.832 	293.832
1567	10    	265.059	6.10474 	293.832
1568	10    	265.1  	6.50879 	293.832
1569	10    	293.832	293.832 	293.832
1570	10    	293.832	293.832 	293.832
1571	10    	293.832	293.832 	293.832
1572	10    	293.832	293.832 	293.832
1573	10    	293.832	293.832 	293.832
1574	10    	242.13 	19.2876 	293.832
1575	10    	266.588	21.3884 	293.832
1576	10    	266.91 	24.6079 	293.832
1577	10    	266.698	22.4941 	293.832
1578	10    	293.832	293.832 	293.832
1579	10    	293.832	293.832 	293.832
1580	10    	293.832	293.832 	293.832
1581	10    	293.832	293.832 	293.832
1582	10    	265.847	13.9802 	293.832
1583	10    	293.832	293.832 	293.832
1584	10    	269.122	46.7278 	293.832
1585	10    	266.107	16.5869 	293.832
1586	10    	293.832	293.832 	293.832
1587	10    	293.832	293.832 	293.832
1588	10    	265.618	11.6882 	293.832
1589	10    	267.104	26.5547 	293.832
1590	10    	293.832	293.832 	293.832
1591	10    	293.832	293.832 	293.832
1592	10    	293.832	293.832 	293.832
1593	10    	293.832	293.832 	293.832
1594	10    	293.832	293.832 	293.832
1595	10    	265.943	14.9429 	293.832
1596	10    	293.832	293.832 	293.832
1597	10    	293.832	293.832 	293.832
1598	10    	293.832	293.832 	293.832
1599	10    	293.832	293.832 	293.832
1600	10    	262.281	-21.6826	293.832
1601	10    	293.832	293.832 	293.832
1602	10    	293.832	293.832 	293.832
1603	10    	265.082	6.33447 	293.832
1604	10    	268.905	44.5637 	293.832
1605	10    	293.832	293.832 	293.832
1606	10    	293.832	293.832 	293.832
1607	10    	293.832	293.832 	293.832
1608	10    	265.655	12.0615 	293.832
1609	10    	293.832	293.832 	293.832
1610	10    	265.41 	9.61035 	293.832
1611	10    	293.832	293.832 	293.832
1612	10    	293.832	293.832 	293.832
1613	10    	265.694	12.4473 	293.832
1614	10    	293.832	293.832 	293.832
1615	10    	293.832	293.832 	293.832
1616	10    	265.102	6.53516 	293.832
1617	10    	263.817	-6.3186 	293.832
1618	10    	266.81 	23.6084 	293.832
1619	10    	293.832	293.832 	293.832
1620	10    	293.832	293.832 	293.832
1621	10    	265.844	13.9536 	293.832
1622	10    	293.832	293.832 	293.832
1623	10    	266.365	19.1584 	293.832
1624	10    	293.832	293.832 	293.832
1625	10    	293.832	293.832 	293.832
1626	10    	293.832	293.832 	293.832
1627	10    	293.832	293.832 	293.832
1628	10    	293.832	293.832 	293.832
1629	10    	293.832	293.832 	293.832
1630	10    	293.832	293.832 	293.832
1631	10    	293.832	293.832 	293.832
1632	10    	293.832	293.832 	293.832
1633	10    	293.832	293.832 	293.832
1634	10    	293.832	293.832 	293.832
1635	10    	293.832	293.832 	293.832
1636	10    	293.832	293.832 	293.832
1637	10    	239.139	16.5396 	293.832
1638	10    	265.084	6.35303 	293.832
1639	10    	265.079	6.302   	293.832
1640	10    	293.832	293.832 	293.832
1641	10    	265.315	8.6665  	293.832
1642	10    	293.832	293.832 	293.832
1643	10    	293.832	293.832 	293.832
1644	10    	293.832	293.832 	293.832
1645	10    	293.832	293.832 	293.832
1646	10    	293.832	293.832 	293.832
1647	10    	264.978	5.28931 	293.832
1648	10    	293.832	293.832 	293.832
1649	10    	265.224	7.74756 	293.832
1650	10    	293.832	293.832 	293.832
1651	10    	293.832	293.832 	293.832
1652	10    	293.832	293.832 	293.832
1653	10    	293.832	293.832 	293.832
1654	10    	265.061	6.12549 	293.832
1655	10    	293.832	293.832 	293.832
1656	10    	293.832	293.832 	293.832
1657	10    	293.832	293.832 	293.832
1658	10    	265.481	10.3201 	293.832
1659	10    	265.062	6.12744 	293.832
1660	10    	293.832	293.832 	293.832
1661	10    	293.832	293.832 	293.832
1662	10    	265.048	5.98853 	293.832
1663	10    	293.832	293.832 	293.832
1664	10    	293.832	293.832 	293.832
1665	10    	293.832	293.832 	293.832
1666	10    	293.832	293.832 	293.832
1667	10    	265.611	11.6174 	293.832
1668	10    	293.832	293.832 	293.832
1669	10    	293.832	293.832 	293.832
1670	10    	265.076	6.27344 	293.832
1671	10    	293.832	293.832 	293.832
1672	10    	293.832	293.832 	293.832
1673	10    	293.832	293.832 	293.832
1674	10    	265.501	10.5269 	293.832
1675	10    	264.716	2.67505 	293.832
1676	10    	293.832	293.832 	293.832
1677	10    	293.832	293.832 	293.832
1678	10    	265.48 	10.3164 	293.832
1679	10    	293.832	293.832 	293.832
1680	10    	237.785	-10.6975	293.832
1681	10    	293.832	293.832 	293.832
1682	10    	293.832	293.832 	293.832
1683	10    	268.579	41.3    	293.832
1684	10    	293.832	293.832 	293.832
1685	10    	237.28 	6.24634 	293.832
1686	10    	265.474	10.2522 	293.832
1687	10    	293.832	293.832 	293.832
1688	10    	293.832	293.832 	293.832
1689	10    	238.796	15.9258 	293.832
1690	10    	293.832	293.832 	293.832
1691	10    	293.832	293.832 	293.832
1692	10    	293.832	293.832 	293.832
1693	10    	293.832	293.832 	293.832
1694	10    	240.202	11.5249 	293.832
1695	10    	293.832	293.832 	293.832
1696	10    	293.832	293.832 	293.832
1697	10    	293.832	293.832 	293.832
1698	10    	268.339	38.8989 	293.832
1699	10    	235.127	-5.65747	293.832
1700	10    	293.832	293.832 	293.832
1701	10    	293.832	293.832 	293.832
1702	10    	293.832	293.832 	293.832
1703	10    	293.832	293.832 	293.832
1704	10    	293.832	293.832 	293.832
1705	10    	268.49 	40.417  	293.832
1706	10    	266.811	23.6255 	293.832
1707	10    	265.068	6.18921 	293.832
1708	10    	265.239	7.90161 	293.832
1709	10    	293.832	293.832 	293.832
1710	10    	293.832	293.832 	293.832
1711	10    	293.832	293.832 	293.832
1712	10    	293.832	293.832 	293.832
1713	10    	236.335	6.21167 	293.832
1714	10    	293.832	293.832 	293.832
1715	10    	240.147	8.37036 	293.832
1716	10    	213.207	6.46362 	293.832
1717	10    	293.832	293.832 	293.832
1718	10    	265.988	15.3967 	293.832
1719	10    	293.832	293.832 	293.832
1720	10    	265.539	10.9053 	293.832
1721	10    	293.832	293.832 	293.832
1722	10    	293.832	293.832 	293.832
1723	10    	265.444	9.95044 	293.832
1724	10    	293.832	293.832 	293.832
1725	10    	293.832	293.832 	293.832
1726	10    	265.263	8.1377  	293.832
1727	10    	264.954	5.05493 	293.832
1728	10    	293.832	293.832 	293.832
1729	10    	265.07 	6.21411 	293.832
1730	10    	293.832	293.832 	293.832