gen 	nevals	avg    	min   	max   
0   	50    	1336.36	644.8 	2586  
1   	50    	1465.76	691.2 	3123.2
2   	50    	1752.09	720.8 	3668.4
3   	50    	1993.52	746.8 	3437.6
4   	50    	2180.3 	698.8 	4722.4
5   	50    	2359.26	864.4 	3915.2
6   	50    	2449.14	750   	4671.2
7   	50    	2534.28	714   	4118.8
8   	50    	2773.51	817.2 	4583.6
9   	50    	2852.56	1362  	4871.2
10  	50    	2923.27	1180  	4280.4
11  	50    	3016.61	1792.8	4695.6
12  	50    	3081.4 	2154.4	4657.6
13  	50    	3188.99	2002  	4638.8
14  	50    	3010.28	1824  	5148.4
15  	50    	3179.06	1865.2	4464  
16  	50    	3379.43	2126  	4726  
17  	50    	3217.83	1399.2	4473.2
18  	50    	3253.94	1777.2	5056  
19  	50    	3182.25	1801.2	4610.4
20  	50    	3189.75	1938  	5170.8
21  	50    	3254.26	1486.8	4817.6
22  	50    	3315.22	2134  	5846  
23  	50    	3490.27	1892  	5014.8
24  	50    	3572.38	2518  	6050  
25  	50    	3491.62	2087.2	5258  
26  	50    	3528.79	2404  	4943.2
27  	50    	3445.15	2198  	5051.6
28  	50    	3487.32	1994.4	5143.2
29  	50    	3360.38	2144  	4290  
30  	50    	3461.2 	2224.8	5071.6
31  	50    	3508.4 	2248  	5317.6
32  	50    	3577.21	2480.8	4985.6
33  	50    	3423.68	2240  	5191.2
34  	50    	3616.38	2494  	5554  
35  	50    	3671.88	2296.8	5174  
36  	50    	3563.22	2214  	5154  
37  	50    	3480.58	2186  	4958  
38  	50    	3431.21	1982  	4912  
39  	50    	3644.61	2404.4	5320.8
40  	50    	3444.96	1852.8	5011.2
41  	50    	3556.77	2513.6	5155.6
42  	50    	3447.34	2243.2	5006  
43  	50    	3318.21	1549.2	4618.4
44  	50    	3611.86	1474  	5878.8
45  	50    	3576.3 	2154.8	4424.8
46  	50    	3795.66	2166  	5187.6
47  	50    	3551.57	2298  	5091.6
48  	50    	3600.32	2040.4	5207.6
49  	50    	3555.26	2438.8	5066.8
50  	50    	3729.26	2472  	5377.6
51  	50    	3713.37	2412.8	5444.4
52  	50    	3710.05	1385.2	5319.2
53  	50    	3744.7 	2569.6	4888  
54  	50    	3755.46	2852  	5689.6
55  	50    	3863.47	2515.6	5705.6
56  	50    	3585.27	2106.4	5226.8
57  	50    	3585.89	2341.2	5292  
58  	50    	3608.89	1915.6	6318  
59  	50    	3702.5 	1985.2	5382.8
60  	50    	3598.01	2075.2	5362.8
61  	50    	3531.46	2120.4	5257.2
62  	50    	3507.97	2519.6	5058.4
63  	50    	3421.1 	1564.4	5142.8
64  	50    	3591.92	2150  	5625.2
65  	50    	3517.06	2128.8	5068.8
66  	50    	3527.93	1500.8	4724.8
67  	50    	3583.93	2639.6	5649.2
68  	50    	3590.7 	2293.2	5798.4
69  	50    	3554.5 	2365.6	4888.4
70  	50    	3794.89	1978  	5436  
71  	50    	3601.65	2449.6	4826.8
72  	50    	3496.7 	2189.2	4925.6
73  	50    	3492.99	1995.2	4597.6
74  	50    	3580.13	2162.8	4808  
75  	50    	3607.73	1533.6	5195.2
76  	50    	3545.17	2161.2	5561.6
77  	50    	3672.58	1931.6	5614.8
78  	50    	3711.31	2319.2	5307.6
79  	50    	3591.82	2526  	5108.4
80  	50    	3524.4 	1159.6	5504  
81  	50    	3472.27	1711.6	5447.6
82  	50    	3774.18	2447.6	4962  
83  	50    	3636.44	2251.6	5117.6
84  	50    	3703.68	2104.4	5593.2
85  	50    	3647.86	1390.4	5298.4
86  	50    	3912.07	2386.8	5307.2
87  	50    	3651.28	1787.6	5440.8
88  	50    	3932.7 	2377.6	5584.4
89  	50    	3800.02	1859.6	5644.4
90  	50    	3665.08	2431.2	4920.8
91  	50    	3895.24	1870.8	5576.8
92  	50    	3678.34	2244.4	4841.2
93  	50    	3674.27	884.4 	5489.6
94  	50    	3739.27	2105.6	5412.8
95  	50    	3718.02	2800.4	5141.2
96  	50    	3792.45	2637.2	5270.8
97  	50    	3615.64	2092.4	4858.4
98  	50    	3612.4 	2029.2	5438  
99  	50    	3713.61	2608  	4674.4
100 	50    	3677.34	2220  	4851.2
101 	50    	3716.42	2318.4	4926  
102 	50    	3645.91	2161.6	5066.4
103 	50    	3787.52	2099.2	6293.2
104 	50    	3748.9 	2296.8	5104.4
105 	50    	3870.06	2267.6	5870.8
106 	50    	3870.79	1962.4	4891.2
107 	50    	3800.07	2133.2	5157.2
108 	50    	3856.17	2403.6	4954  
109 	50    	3657.12	2136  	5294.8
110 	50    	3725.32	1147.2	5281.6
111 	50    	3736.5 	2278.8	5299.2
112 	50    	3559.88	2269.6	4612.4
113 	50    	3880.9 	2056.4	5283.2
114 	50    	3662.78	2484.8	5062.8
115 	50    	3713.67	2317.6	6762.8
116 	50    	3799.88	2148  	5885.2
117 	50    	3784.03	2352.4	6088.4
118 	50    	3525.91	2380.4	5134  
119 	50    	3730.34	2324  	5298.4
120 	50    	3693.91	1585.6	5686.4
121 	50    	3746.64	2451.2	5640.4
122 	50    	3701.21	1802.8	5976.8
123 	50    	3897.06	2545.2	5361.2
124 	50    	3675.47	1230  	5109.6
125 	50    	3576.5 	2178.8	4982.8
126 	50    	3698.31	1542.4	5077.2
127 	50    	3740.09	2616  	5107.2
128 	50    	3884.26	2837.2	5384.8
129 	50    	3806.6 	1712.4	5581.2
130 	50    	3725.79	2006.8	5022  
131 	50    	3911.7 	2510.8	5336.8
132 	50    	3622.1 	2027.6	5656.4
133 	50    	3707.86	1942.4	5814.4
134 	50    	3717.37	1889.6	5341.2
135 	50    	3637.7 	2227.2	4847.2
136 	50    	3528.38	2151.2	5384.4
137 	50    	3712.69	2487.2	5297.6
138 	50    	3488.55	1217.6	5224.4
139 	50    	3638.19	2310  	5423.6
140 	50    	3615.29	1161.2	5161.6
141 	50    	3587.22	1759.2	5118  
142 	50    	3597.66	1222.4	4975.6
143 	50    	3436.18	1504.8	4707.6
144 	50    	3667.9 	1855.6	5638.4
145 	50    	3680.72	2064.4	5042  
146 	50    	3634.33	2073.6	4997.6
147 	50    	3651.89	2156.4	4845.2
148 	50    	3571.74	2157.6	4868.8
149 	50    	3439.05	1235.2	4948  
150 	50    	3471.11	1597.6	5047.2
151 	50    	3592.58	2491.2	5338.8
152 	50    	3729.52	2180.4	5062  
153 	50    	3555.36	1854.4	5235.2
154 	50    	3576.57	2020  	5067.6
155 	50    	3536.37	2130.4	5060.8
156 	50    	3870.17	2337.6	6182  
157 	50    	3880.8 	2843.6	5081.2
158 	50    	3669.03	2278.8	5168.4
159 	50    	3618.72	1816  	5440.8
160 	50    	3729.38	1127.2	5525.6
161 	50    	3607.98	1849.2	4616.8
162 	50    	3877.52	2694.8	6083.6
163 	50    	3729.63	2921.2	5124.8
164 	50    	3597.86	1705.2	5138.8
165 	50    	3594.18	2548.8	5915.6
166 	50    	3711.98	1982.4	5194  
167 	50    	3583.8 	2552.4	4785.2
168 	50    	3835.28	2388.4	5268.4
169 	50    	3851.62	2470.4	4817.2
170 	50    	3699.48	1440  	5870.4
171 	50    	3823.97	2018.4	5237.6
172 	50    	3821.61	2621.2	5169.2
173 	50    	3664.22	2485.6	5548.4
174 	50    	3831.23	2123.2	5099.6
175 	50    	3871.94	2615.6	6517.2
176 	50    	3698.2 	2588.8	5612.8
177 	50    	3753.29	2540  	5400.4
178 	50    	3790.23	2107.6	6137.2
179 	50    	3735.53	2408.8	5264.8
180 	50    	3852.39	2193.2	5523.2
181 	50    	3895.5 	2510.4	5374.4
182 	50    	3962.47	2429.6	5299.6
183 	50    	3741.74	844.4 	4971.6
184 	50    	3964.01	2504.8	6543.2
185 	50    	4023.34	2002.8	5848.4
186 	50    	3963.73	2633.6	5490.4
187 	50    	3865.82	2442.8	5794.4
188 	50    	3764.3 	2360.8	5350  
189 	50    	3796.67	2462.8	5256.4
190 	50    	3917.48	2133.2	5421.2
191 	50    	3781.02	2586.8	5510.8
192 	50    	3846.99	2433.2	5493.2
193 	50    	3748.83	2546  	5173.6
194 	50    	3756.81	1845.2	5458.4
195 	50    	3929.13	2190  	5445.2
196 	50    	3885.54	2762  	5465.6
197 	50    	3737.17	2528.8	5046  
198 	50    	3715.1 	805.6 	5469.2
199 	50    	3820.39	1841.2	5938.8
200 	50    	3708.66	1906.4	5813.6
201 	50    	3877.82	2784  	5070.8
202 	50    	3902.78	2291.6	5249.2
203 	50    	3768.72	2333.6	5179.6
204 	50    	3990.82	1683.6	5334.8
205 	50    	3744.76	2235.6	4753.2
206 	50    	3747.72	2406.4	5070.4
207 	50    	4055.89	2508.8	5573.6
208 	50    	3753.02	2704.4	4805.2
209 	50    	3810.82	2018.4	5390  
210 	50    	3884.42	1599.2	6280  
211 	50    	3985.27	2640  	5663.6
212 	50    	3731.13	2238.8	5068  
213 	50    	3932.7 	2617.2	5456.8
214 	50    	3764.98	2314.8	5127.2
215 	50    	3775.78	1182.4	5482  
216 	50    	3832.94	2114.4	5198.4
217 	50    	3785.05	2639.2	5368  
218 	50    	3924.9 	2078.8	5304  
219 	50    	3771.36	2748  	5123.6
220 	50    	4054.44	2064  	6630  
221 	50    	3870.34	2235.2	4942.8
222 	50    	3746.94	1604.8	5339.6
223 	50    	3825.49	1709.2	5361.2
224 	50    	3668.74	1774.4	4776  
225 	50    	3822.44	2417.6	5836.8
226 	50    	3656.7 	1195.6	5308  
227 	50    	3849.06	2510.8	5567.6
228 	50    	3893.66	2811.2	5183.6
229 	50    	3713.28	2340.4	5531.6
230 	50    	3889.92	1688.8	5610  
231 	50    	3894.59	2392.4	5644.8
232 	50    	3833.82	2140  	4874  
233 	50    	3955.07	2649.6	5140  
234 	50    	3940.74	2472.8	5370  
235 	50    	3906.84	2781.2	6146.8
236 	50    	3822.74	2557.6	5294  
237 	50    	3837.12	2138.8	5199.6
238 	50    	3801.18	2649.2	4841.2
239 	50    	3816.71	2279.6	5601.6
240 	50    	3769.96	2545.2	5200.4
241 	50    	3807.13	1688.8	5811.6
242 	50    	3867.45	2032.8	5154.4
243 	50    	3721.34	1761.6	6492.8
244 	50    	3922.63	2526  	5087.2
245 	50    	3652.22	2431.6	5240.4
246 	50    	3875.3 	2562.8	5272.4
247 	50    	3790.78	1985.6	5310.8
248 	50    	3972.78	2058.4	5666.8
249 	50    	3804.89	2239.2	5534.8
250 	50    	3789.82	2348  	5637.2
251 	50    	3774.54	2468.8	5408.8
252 	50    	3995.22	2786  	5336  
253 	50    	4103.88	2462.8	5242  
254 	50    	3830.64	2466.8	6087.2
255 	50    	3849.46	2294.4	5682.8
256 	50    	3868.02	1338.4	6141.6
257 	50    	3827.64	2097.2	5620.4
258 	50    	3914.87	2437.2	4952.4
259 	50    	3914.8 	1802.4	5702.4
260 	50    	4019.96	2755.2	5563.6
261 	50    	3791.65	2448.4	5536  
262 	50    	3590.34	1489.2	5174  
263 	50    	3805.92	2459.2	5584.4
264 	50    	3615.1 	1465.6	5302.4
265 	50    	3530.29	2262.4	5005.6
266 	50    	3705.39	2109.6	5901.2
267 	50    	3769.42	2116  	4962.4
268 	50    	3717.58	1936.8	4901.2
269 	50    	3431.66	2273.2	5015.2
270 	50    	3537.85	2254.8	4983.6
271 	50    	3663.93	2104  	4798  
272 	50    	3639.54	2255.2	5332  
273 	50    	3676.35	2264  	5041.2
274 	50    	3780.14	2213.2	5228.8
275 	50    	3795.94	2349.2	5459.6
276 	50    	3916.61	2694.4	5683.6
277 	50    	3616.56	2005.6	5630.4
278 	50    	3820.67	2341.2	5631.6
279 	50    	3881.43	2720  	5544.4
280 	50    	3777.06	2463.6	5332  
281 	50    	3660.72	2452.4	4957.6
282 	50    	3898.97	1987.6	5202.4
283 	50    	3934.67	2706  	5608  
284 	50    	3770.53	2893.2	4952.4
285 	50    	3855.38	2265.6	4884  
286 	50    	3846.48	2514.8	6018  
287 	50    	3708.81	1975.6	5178.8
288 	50    	3896.9 	2373.6	5396.8
289 	50    	3740.59	2698.4	5368  
290 	50    	3823.28	2210  	5520.4
291 	50    	3693.7 	2309.2	4933.6
292 	50    	3665.85	2045.2	5103.2
293 	50    	3854.73	2396  	6158  
294 	50    	3967.14	2343.6	5957.6
295 	50    	3846.3 	1415.6	5823.6
296 	50    	3932.96	2403.2	5649.6
297 	50    	3769.18	2320.8	5262.8
298 	50    	3699.1 	1570  	5128  
299 	50    	3644.62	2128.8	5380.8
300 	50    	3769.75	2242.4	5531.6
301 	50    	3776.31	1825.2	5511.2
302 	50    	3926.66	1945.2	5951.2
303 	50    	3906.14	2547.6	5159.6
304 	50    	3688.58	2647.2	4821.2
305 	50    	3801.23	2473.6	5761.2
306 	50    	3722.54	1931.6	4780.4
307 	50    	3906.36	2514.8	5497.2
308 	50    	3714.34	1787.2	4720  
309 	50    	3815.91	1290.4	5364.4
310 	50    	3874.6 	1740.4	5170.4
311 	50    	3851.93	2744.8	6464  
312 	50    	3873.3 	1976.8	5843.6
313 	50    	3702.81	2390  	5932.8
314 	50    	3903.57	2574.8	5890.8
315 	50    	3704.24	1721.2	5787.6
316 	50    	3918.58	1958.4	5076.8
317 	50    	3708.79	2462  	5034  
318 	50    	3751.84	2434.4	5212.4
319 	50    	3643   	1579.6	5284.8
320 	50    	3794.7 	2172.4	5061.6
321 	50    	3736.9 	1288  	5589.6
322 	50    	3906.66	2380  	5227.2
323 	50    	3874   	1673.2	5713.6
324 	50    	3749.11	2116.8	5074.8
325 	50    	3848.49	2536.4	6098.4
326 	50    	3714.78	1429.2	5108.4
327 	50    	3899.34	2628  	5605.6
328 	50    	3979.94	2199.2	5551.6
329 	50    	3814.23	1289.6	5486  
330 	50    	3944.2 	2831.6	5878.8
331 	50    	3771.18	2678  	5064.8
332 	50    	3649.01	2188  	5031.2
333 	50    	4004.74	2542  	5679.6
334 	50    	3799.8 	2062.8	4877.6
335 	50    	3984.71	2981.2	5508.4
336 	50    	3764.22	2859.6	4867.6
337 	50    	3806.38	2363.6	5665.6
338 	50    	3750   	2664.8	4977.6
339 	50    	3766.05	1792.4	5684  
340 	50    	3714.63	1892  	5439.6
341 	50    	3887.39	2432  	5672.4
342 	50    	3898.35	2502  	5248.4
343 	50    	3825.73	2500  	5191.6
344 	50    	3767.91	2332  	5316.8
345 	50    	3854.62	2422.8	5289.2
346 	50    	3672.6 	2492.8	4735.2
347 	50    	3827.69	2456.4	5414.4
348 	50    	3765.69	2656.8	4854.4
349 	50    	3719.32	2224.8	5169.2
350 	50    	3798.91	2631.6	5135.2
351 	50    	3775.02	2463.6	5150.4
352 	50    	3704.42	2314.8	5098.8
353 	50    	3860.92	2460.4	5477.2
354 	50    	3745.7 	2731.2	5024.8
355 	50    	3863.7 	1974.8	5882  
356 	50    	3784.7 	2412.8	5637.6
357 	50    	3716.78	1937.2	5536.8
358 	50    	3722.43	2736.4	4964.4
359 	50    	4094.04	2808  	5576  
360 	50    	3612.7 	1478.8	5248.4
361 	50    	3660.54	1654  	4910.4
362 	50    	3750.33	2468.8	5351.2
363 	50    	3766.38	2440.8	5310  
364 	50    	3766.28	2610.8	4789.6
365 	50    	3693.84	2570.4	5147.6
366 	50    	3902.43	2491.6	5351.2
367 	50    	3823.02	2246  	5270.8
368 	50    	3739.15	2540  	5391.6
369 	50    	3855.74	2307.6	5331.6
370 	50    	3864.1 	2503.6	5921.6
371 	50    	3877.33	2672.4	5236  
372 	50    	3855.48	2733.6	5988  
373 	50    	3968.66	2619.2	5959.2
374 	50    	3853.88	2392  	5329.2
375 	50    	3767.8 	2240.4	5346.8
376 	50    	3859.1 	2025.6	5238.4
377 	50    	4120.98	2022  	5372  
378 	50    	3933.51	1946.4	5979.6
379 	50    	3893.51	2209.6	5159.6
380 	50    	3947.34	2580.4	5410.4
381 	50    	4007.89	2130.4	5465.2
382 	50    	4023.86	2729.6	6608  
383 	50    	3784.25	2223.2	5322.4
384 	50    	4033.37	2784.4	5065.6
385 	50    	3961.56	2622  	5344.8
386 	50    	3877.45	2972.4	5278.4
387 	50    	3882.84	2762  	4933.6
388 	50    	3870.51	2693.2	5588  
389 	50    	3825.43	1527.2	6319.2
390 	50    	3774.89	2528.8	6246  
391 	50    	3864.42	2340  	5316.4
392 	50    	3899.86	2413.2	6096.4
393 	50    	3855.07	2084  	5791.2
394 	50    	3792.26	2555.2	5244.4
395 	50    	3937.66	2933.6	5433.2
396 	50    	3774.45	2431.2	4970.4
397 	50    	3789.12	2748.8	4742.8
398 	50    	3939.18	2187.6	5759.2
399 	50    	3810.55	2062.4	5133.6
400 	50    	3949.22	2721.6	5570.8
401 	50    	3800.86	2949.2	5017.2
402 	50    	3776.99	2332  	6255.6
403 	50    	3812.59	2802.8	5198.8
404 	50    	3795.36	2501.6	5772.4
405 	50    	3897.86	2922.4	5068.8
406 	50    	3710.13	2842.4	5854.4
407 	50    	3865.93	2575.6	5326  
408 	50    	3961.04	2896.4	5748  
409 	50    	3871.76	2794.8	5188  
410 	50    	3852.76	2160.8	5527.6
411 	50    	3791.1 	2592  	6004.8
412 	50    	3968.02	3039.6	5097.6
413 	50    	3901.42	2563.6	5446.8
414 	50    	3790.53	2243.2	5459.2
415 	50    	3729.79	2219.2	6258.8
416 	50    	3734.18	2242.8	4996.8
417 	50    	3726   	1446.4	5009.2
418 	50    	4030.73	2742.8	5530.4
419 	50    	3904.85	2182.4	5829.6
420 	50    	3784.13	2618.4	5219.6
421 	50    	3938.18	2468  	5619.2
422 	50    	3844.01	2500.8	5883.2
423 	50    	3860.06	2308.8	5383.6
424 	50    	4080.64	2546.8	7420.8
425 	50    	3749.56	1752.8	5529.6
426 	50    	4052.92	2406.8	5867.6
427 	50    	3929.02	2810.4	5811.2
428 	50    	3820.26	2346.8	5085.6
429 	50    	3742.74	2022.8	4725.2
430 	50    	3761.66	2482.8	5703.2
431 	50    	3704.46	2177.6	5906  
432 	50    	3966.99	2467.6	5928.8
433 	50    	3580.84	1971.6	5339.6
434 	50    	3636.88	2533.6	5098  
435 	50    	3840.28	2324.4	5560  
436 	50    	3997.89	2767.2	6094  
437 	50    	4018.57	2770.8	5450.4
438 	50    	3668.21	2590.8	5461.2
439 	50    	3753.04	2793.2	4848.8
440 	50    	3857.12	2732  	5193.6
441 	50    	3625.59	2329.2	5040.4
442 	50    	4016.06	2839.6	6009.2
443 	50    	3855.62	2415.2	5452.8
444 	50    	3758.14	2601.6	5322.8
445 	50    	3652.58	2458.8	4964  
446 	50    	3778.59	2799.6	4925.2
447 	50    	3627.13	1745.2	5197.6
448 	50    	3714.11	2153.2	5077.2
449 	50    	3896.5 	1862.4	6132  
450 	50    	3813.45	1966  	5816  
451 	50    	3826.21	1931.6	5247.6
452 	50    	3844.66	2833.6	5271.2
453 	50    	3679.39	2615.6	5012  
454 	50    	3780.78	1884  	5698.8
455 	50    	3681.72	2040.8	4957.2
456 	50    	3841.78	2398  	5570.8
457 	50    	3741.03	2264  	5268.4
458 	50    	3808.76	2739.2	5225.2
459 	50    	3641.18	1686.8	5852  
460 	50    	3780.83	2360.8	5655.2
461 	50    	3833.28	2492  	5006  
462 	50    	3714.76	2394  	5284  
463 	50    	3822.88	2366.4	5378  
464 	50    	3748.13	2260.4	4804.8
465 	50    	3610.25	2102.8	4909.6
466 	50    	3903.66	2301.2	5224.8
467 	50    	3739.27	1385.6	4910  
468 	50    	3853.2 	1667.6	5300.8
469 	50    	3841.36	1988.4	5390.8
470 	50    	3892.24	2650.8	5683.6
471 	50    	3680.4 	2503.2	5514  
472 	50    	3777.61	2485.2	5456.4
473 	50    	3789.14	2438.8	5610  
474 	50    	3757.58	2020.8	4855.2
475 	50    	3792.56	2891.2	5094.8
476 	50    	3862.09	2416  	5745.2
477 	50    	3689.9 	1659.6	4999.6
478 	50    	3749.58	2004  	5708  
479 	50    	3875.85	2083.6	5207.2
480 	50    	3723.1 	1926.4	5812.4
481 	50    	3778.73	2459.6	5392.8
482 	50    	3701.33	2531.2	5730  
483 	50    	3937.31	2801.6	5511.2
484 	50    	3723.95	2350.8	5179.6
485 	50    	3748.7 	2499.6	5471.6
486 	50    	3954.63	2587.6	5576.4
487 	50    	3872.11	1700.4	5499.6
488 	50    	3762.46	2404.8	5130.4
489 	50    	3797.03	1946.8	5619.2
490 	50    	3977.14	2524.8	5582.8
491 	50    	3734.79	1152.4	4914.4
492 	50    	3783.92	1830.4	5306.4
493 	50    	3754.26	2322.8	5292.8
494 	50    	3854.38	2709.6	4973.6
495 	50    	3783.98	2382  	5033.6
496 	50    	3999.98	2519.6	5612.8
497 	50    	3729.73	1402.4	5400.8
498 	50    	3780.62	2137.2	4972.8
499 	50    	3847.32	2152.4	5610  
500 	50    	3857.4 	2354  	5991.2
501 	50    	3689.97	2371.2	5059.6
502 	50    	3686.28	2374  	5145.2
503 	50    	3734.09	2428.8	5224.4
504 	50    	3818.47	1363.6	4920.4
505 	50    	3798.16	2516.4	5358.8
506 	50    	3654.62	1534  	5469.2
507 	50    	3838.58	2071.2	5780.4
508 	50    	3769.27	2496.8	5282  
509 	50    	3679.7 	1923.6	4777.2
510 	50    	3912.36	2646.4	5204.8
511 	50    	3787.65	2136  	5234.4
512 	50    	3791.66	2526.4	5423.2
513 	50    	4005.91	2298  	5730  
514 	50    	3800.88	2452.8	5555.2
515 	50    	3753.92	2065.6	5290.4
516 	50    	3557.06	1943.2	5052  
517 	50    	3837.52	2169.2	5369.6
518 	50    	3771.77	2287.2	5346.4
519 	50    	3721.25	2241.2	5335.2
520 	50    	3734.03	2124  	5886.8
521 	50    	3748.39	2274  	5381.2
522 	50    	3539.31	2354.8	5406.8
523 	50    	3666.68	2322  	4786  
524 	50    	3790.76	2012.8	6108.8
525 	50    	3772.61	2513.2	5181.6
526 	50    	3651.41	2335.2	5309.2
527 	50    	3628.37	1663.2	5107.2
528 	50    	3748.92	1412  	5624  
529 	50    	3830.22	2679.6	6040.8
530 	50    	3806.77	1023.6	5672.4
531 	50    	3873.85	2542.4	5383.6
532 	50    	3806.04	2254.4	5221.2
533 	50    	3779.53	2425.2	5533.6
534 	50    	3728.1 	2355.2	5316.8
535 	50    	3740.22	1836.4	5226.4
536 	50    	3825.7 	2504  	5343.6
537 	50    	3761.36	1804.8	4993.6
538 	50    	3842.73	2188  	5176.4
539 	50    	3817.32	2410.8	5552.4
540 	50    	3826.15	1767.6	5159.2
541 	50    	3834.39	2510.8	5870  
542 	50    	4032.81	1949.6	5954.8
543 	50    	3856.22	2462.8	5449.6
544 	50    	3878.56	2295.6	6128.8
545 	50    	3770.78	2302.8	5632.4
546 	50    	3758.03	2207.2	6012  
547 	50    	3736.41	2696  	5414.4
548 	50    	3818   	2397.6	5624.8
549 	50    	3879.02	2082  	5547.6
550 	50    	3827.64	2615.2	5448.8
551 	50    	3933.9 	2355.6	5572.4
552 	50    	3881.26	1285.2	5558.8
553 	50    	3657.16	2088  	5195.6
554 	50    	3767.48	1889.6	5290  
555 	50    	3774.59	2261.6	5085.6
556 	50    	3577.1 	2239.2	5656.8
557 	50    	3653.82	2428  	5238.8
558 	50    	3753.46	2482.8	6260  
559 	50    	3844.85	2813.2	5219.2
560 	50    	3823.54	1798  	5870.8
561 	50    	3796.72	2319.6	6110  
562 	50    	3968.73	2258  	6240.8
563 	50    	3977.97	2430.4	5319.2
564 	50    	3819.08	2759.2	5717.6
565 	50    	3782.58	1297.6	5347.6
566 	50    	3790.36	2514  	5812.8
567 	50    	3904.54	2721.6	5114.4
568 	50    	3912.56	1946.8	5306  
569 	50    	3996.64	2517.2	5726.4
570 	50    	3948.03	2714  	5823.6
571 	50    	3883.8 	2073.2	5401.2
572 	50    	3774.52	2211.6	5083.2
573 	50    	3921.59	2259.2	5585.2
574 	50    	3852.31	2205.2	4992.4
575 	50    	3991.78	2378.8	5521.2
576 	50    	4036.93	2739.6	5760.8
577 	50    	4045.53	2657.6	5501.2
578 	50    	3855.74	2285.2	5084  
579 	50    	3808.71	2520.8	5388  
580 	50    	3999.9 	2324.4	5506  
581 	50    	4050.54	2930.4	5748  
582 	50    	3772.19	1436.4	5291.2
583 	50    	3857.46	2588  	5853.6
584 	50    	3979.58	3045.2	5632.4
585 	50    	3887.36	2155.2	5464  
586 	50    	3995.31	2537.6	6298.8
587 	50    	3823.16	2583.2	5763.2
588 	50    	3986.28	2789.2	5886.8
589 	50    	3882.59	2244.8	5332.4
590 	50    	3904.89	2374.8	5300  
591 	50    	3804.32	1403.2	5534.8
592 	50    	3713.82	1482.4	5463.6
593 	50    	3868.81	2701.6	5308  
594 	50    	3940.98	1574.8	5319.6
595 	50    	3640.76	1289.6	5760.8
596 	50    	3837.26	1651.2	5700  
597 	50    	3827.85	2248.8	5197.2
598 	50    	3851.2 	1620.8	6005.6
599 	50    	3817.56	2290.8	5438  
600 	50    	3923.96	2202  	5485.6
601 	50    	3589.52	1994.8	5404.4
602 	50    	3979.71	2953.6	5361.2
603 	50    	3828.16	2608  	5414.4
604 	50    	3824.47	1931.6	5316  
605 	50    	3991.79	2538  	6752.8
606 	50    	3983.73	2700  	5356.4
607 	50    	3802.25	2302.8	5761.6
608 	50    	3905.98	2759.2	5198.4
609 	50    	3795.49	2440  	6475.2
610 	50    	3860.38	2313.2	5269.2
611 	50    	3817.21	1696.8	5679.6
612 	50    	3634.22	1881.2	5665.2
613 	50    	3857.96	2634  	5403.2
614 	50    	3991.9 	1663.6	6271.2
615 	50    	4082.02	2148.4	5306  
616 	50    	3934.58	2008  	6804.4
617 	50    	3858   	2201.2	5640.8
618 	50    	3984.53	2460  	5532  
619 	50    	3941.47	1819.6	5777.6
620 	50    	3855.36	2632  	5516  
621 	50    	3867.8 	1458  	5372.4
622 	50    	3938.25	2885.2	5830.4
623 	50    	3944.6 	2071.2	5278.4
624 	50    	3921.42	2386.8	5337.6
625 	50    	3854.26	1794.8	5705.6
626 	50    	3996.54	1604.8	5294.4
627 	50    	3797.29	1044.4	5537.2
628 	50    	3954.8 	2394  	5279.2
629 	50    	3815.02	1286.8	5708  
630 	50    	4041.8 	2489.6	5702.8
631 	50    	3781.72	2444.4	5472  
632 	50    	3791.08	2760.8	5336.8
633 	50    	4005.42	2286.8	5447.2
634 	50    	3854.59	1407.6	5425.6
635 	50    	3903.1 	2261.2	5336.8
636 	50    	3849.91	2612  	5384.8
637 	50    	4067.3 	2385.2	5412.8
638 	50    	4101.11	2674.4	5693.6
639 	50    	3999.54	2323.2	5619.2
640 	50    	3972.06	2167.2	5660.8
641 	50    	3969.98	2493.6	5274  
642 	50    	3919.22	2491.2	5990.8
643 	50    	4063.24	2364  	5260  
644 	50    	3847.24	2044.8	6122.4
645 	50    	3908.45	2532  	5508.4
646 	50    	3906.84	2448  	5954  
647 	50    	3782.14	1926.8	5413.6
648 	50    	3857.75	2002.4	5297.6
649 	50    	3994.68	2298.8	5977.2
650 	50    	3910.56	1168.4	5370.8
651 	50    	3853.38	2328  	5613.6
652 	50    	3849.53	2410  	5615.2
653 	50    	3746.71	2059.2	5044  
654 	50    	3900.06	1758  	5715.2
655 	50    	3770.77	2240.4	5632  
656 	50    	3748.6 	2623.6	5387.2
657 	50    	3896.1 	2067.2	5811.2
658 	50    	3819.71	1628  	6195.2
659 	50    	3939   	2669.2	5562  
660 	50    	3552.22	2033.2	5714.4
661 	50    	3709.63	2489.2	5598  
662 	50    	3864.51	2254  	6396.8
663 	50    	3783.54	2165.2	5242.8
664 	50    	3849.71	2695.6	5297.6
665 	50    	3726.24	2482  	5411.2
666 	50    	3729.94	2184.4	5578  
667 	50    	3865.1 	2150.4	5781.2
668 	50    	3758.42	2441.2	5223.6
669 	50    	3716.35	2531.6	6898.4
670 	50    	3865.3 	2295.6	5150  
671 	50    	3764.09	2330.4	5568  
672 	50    	3902.5 	1011.6	5548.8
673 	50    	3912.93	2712.8	5338.4
674 	50    	3753.02	2494.4	5258.4
675 	50    	4045.35	2656.4	5568.8
676 	50    	3816.26	2480  	5375.2
677 	50    	3704.98	1696.8	5135.6
678 	50    	3921.83	2565.2	5834  
679 	50    	3776.42	2378  	5427.2
680 	50    	4004.94	2658.4	5892.4
681 	50    	3825.44	2080  	5312  
682 	50    	3775.72	1777.6	5852  
683 	50    	3951.89	2683.2	5368.4
684 	50    	3875.3 	2304  	5163.2
685 	50    	3661.21	2274.4	5236  
686 	50    	3687.98	1016  	5743.2
687 	50    	3780.73	2084  	5200.4
688 	50    	3874.78	2304.4	5651.2
689 	50    	3952.5 	2949.2	5187.6
690 	50    	3808.73	2646.4	5716  
691 	50    	3745.98	2163.6	5238.4
692 	50    	3939.79	1328.8	5630  
693 	50    	3945.05	2728  	5055.2
694 	50    	3956.54	2587.2	5593.2
695 	50    	3873.84	2624.4	5338.8
696 	50    	3885.35	1958.4	5921.6
697 	50    	3973.27	2243.6	5659.2
698 	50    	4036.91	2492.8	6000.8
699 	50    	4091.42	2482  	5560  
700 	50    	3661.66	2454  	4953.6
701 	50    	3904.98	2474  	5510.8
702 	50    	4100.08	2840.8	5298.4
703 	50    	3832.06	1255.2	5416.4
704 	50    	3950.61	2741.6	5646  
705 	50    	4021.02	2178.4	5688.4
706 	50    	3935.24	2505.2	5556  
707 	50    	3883.26	2363.6	5012.4
708 	50    	3894.61	2521.2	5631.2
709 	50    	3896.38	2308.8	5153.2
710 	50    	3842.78	2411.2	5695.2
711 	50    	3934.5 	2252.4	5639.2
712 	50    	3939.58	2450.4	5771.2
713 	50    	3888.99	2333.2	6016.8
714 	50    	3820   	2690.4	5462  
715 	50    	3911.02	2058.8	5228  
716 	50    	3824.8 	2035.2	5255.6
717 	50    	3936.26	2613.6	5540  
718 	50    	3931.7 	2354.8	5226  
719 	50    	3875.1 	2059.2	5188.4
720 	50    	3945.02	2698  	5543.6
721 	50    	3942.52	1834.4	5365.2
722 	50    	3898.1 	2491.2	5340.8
723 	50    	3801.13	2050  	5206.4
724 	50    	3763.9 	1974  	5083.6
725 	50    	3791.68	2307.6	5272.4
726 	50    	3951.58	1900  	4990  
727 	50    	3918.57	1668.4	5657.6
728 	50    	3825.39	2490  	5809.6
729 	50    	3789.45	2537.6	4973.6
730 	50    	3863.64	2314.4	5870.4
731 	50    	3915.33	2594  	6425.6
732 	50    	4077.7 	2348.8	5387.2
733 	50    	3966.18	2452  	5688  
734 	50    	3984.03	2628  	5519.2
735 	50    	3821.65	2264.8	5897.2
736 	50    	3860.65	2466.4	5737.6
737 	50    	4031.48	2417.6	6030.4
738 	50    	3879.84	1985.2	5829.6
739 	50    	3989.44	2275.2	5567.6
740 	50    	3984.76	2617.2	6272  
741 	50    	4028.57	2720.8	5320.4
742 	50    	4014.61	2206.4	5556.4
743 	50    	3850.13	2459.6	5819.6
744 	50    	3726.5 	1482.4	5307.6
745 	50    	3947.94	2373.2	5418.4
746 	50    	3749.3 	1612.4	5138  
747 	50    	3963.1 	2581.2	5293.2
748 	50    	4050.7 	2709.2	6017.6
749 	50    	4162.18	2304.8	5425.2
750 	50    	3792.56	2364.4	5384  
751 	50    	3808.21	1344.4	5206.4
752 	50    	3855.92	2250.4	5443.6
753 	50    	4000.82	2548.8	5858  
754 	50    	4026.18	2812.4	5642  
755 	50    	3868.96	2519.2	5578.4
756 	50    	3716.34	2324  	6248.4
757 	50    	3842.96	2839.6	5274.8
758 	50    	3966.14	2044.8	5431.2
759 	50    	4061.18	2277.6	5415.6
760 	50    	3965.61	2408  	5404  
761 	50    	3930.5 	2128.4	5670  
762 	50    	3614.01	1299.2	5451.6
763 	50    	3874.57	2462.8	5475.2
764 	50    	3884.19	2537.6	5867.2
765 	50    	3739.72	2584.8	4796  
766 	50    	3819.42	2601.2	5534.8
767 	50    	3747.87	1848.8	6219.6
768 	50    	3757.42	2557.2	6142.8
769 	50    	4054.17	3018  	5477.2
770 	50    	3785.57	1246.4	5577.6
771 	50    	3858.43	1835.6	5996  
772 	50    	3917.2 	2740.8	5493.2
773 	50    	3841.27	1934  	5739.2
774 	50    	3953.45	2693.2	5822.4
775 	50    	3821.66	2517.2	6662.4
776 	50    	3914.78	2509.2	5644.4
777 	50    	4010.18	2186.8	5997.6
778 	50    	3785.65	2130.8	5240  
779 	50    	3919.17	2022.4	6528.4
780 	50    	3848.57	1794.4	5748  
781 	50    	3949.38	2309.2	5690.4
782 	50    	3940.65	2306  	5452  
783 	50    	3909.7 	1510.8	7076  
784 	50    	3969.9 	2584  	5938.8
785 	50    	3841.88	2390.8	5636  
786 	50    	3937.65	2670.4	5532.8
787 	50    	3757.95	1098.8	6228.8
788 	50    	4016.29	2481.6	5505.2
789 	50    	3935.85	2861.2	5472.8
790 	50    	3932.76	1790  	5049.2
791 	50    	3955.58	2651.6	5457.6
792 	50    	3735.5 	1630  	4962.4
793 	50    	4005.39	2643.2	5553.2
794 	50    	3994.88	2756.4	5742.8
795 	50    	3892.63	2262  	5480  
796 	50    	4009.9 	2177.2	5662  
797 	50    	3982.04	2455.6	5322  
798 	50    	4110.22	2233.6	5848.8
799 	50    	3808.61	2218.4	6032.8
800 	50    	4075.12	2668  	5860.4
801 	50    	3852.48	2582.4	6105.6
802 	50    	3843.12	1810  	5438.4
803 	50    	3841.55	2647.6	5050.4
804 	50    	3871.64	2321.6	5351.6
805 	50    	3978.95	2662.8	5718.8
806 	50    	4071.94	2438.8	5974  
807 	50    	3921.98	1624.8	5333.2
808 	50    	3951.11	2938.4	5142  
809 	50    	3964.39	2693.6	5158  
810 	50    	3810.52	1813.6	5061.6
811 	50    	3789.74	2373.2	5026.8
812 	50    	3930.04	2642  	5076.4
813 	50    	3695.92	2197.6	5272.4
814 	50    	3874.16	2184.8	5441.2
815 	50    	4022.06	1822.8	6813.2
816 	50    	3880.1 	1474  	6126.8
817 	50    	3855.34	2372.8	5582.8
818 	50    	3833.79	2219.2	6255.6
819 	50    	3964.04	1543.2	6744.8
820 	50    	3869.94	2461.6	5810.4
821 	50    	3843.71	1787.2	6176.8
822 	50    	3916.1 	2352.8	6233.6
823 	50    	3954.95	2666  	5460.8
824 	50    	3800.88	2617.6	4799.2
825 	50    	3998.02	2072.8	6396.8
826 	50    	3991.3 	2590.4	5673.6
827 	50    	3862.22	2694  	5775.6
828 	50    	3838.08	2432  	5454.8
829 	50    	3744.35	2300.8	5959.2
830 	50    	4025.95	2372.8	5556  
831 	50    	3897.92	2298.8	5482.4
832 	50    	3884.14	1364.4	5681.2
833 	50    	3842.1 	1530.8	5506.8
834 	50    	3897.03	2345.2	5978  
835 	50    	3943.42	2251.6	5938.8
836 	50    	4079.86	2784.8	6293.2
837 	50    	3806.76	2655.2	5455.2
838 	50    	3805.11	1618.8	5424.8
839 	50    	4043.86	2505.2	5736.4
840 	50    	4000.47	2866.8	6226.4
841 	50    	3945.52	2433.2	5752.8
842 	50    	3782.16	2364.8	5238.8
843 	50    	3806.74	2292.8	5641.2
844 	50    	3779.83	2234.4	5261.6
845 	50    	4122.06	2806.4	6446.8
846 	50    	3946.74	2304.8	5446.4
847 	50    	3831.23	2541.6	6219.2
848 	50    	3896.01	2240.4	5431.6
849 	50    	3894.59	1884.4	5100  
850 	50    	3967.34	2520.4	5450.4
851 	50    	4004.75	3106.4	5431.2
852 	50    	3983.42	2293.2	5626  
853 	50    	3923.5 	2350.8	5452.8
854 	50    	3847.1 	1923.2	5276.4
855 	50    	3841.5 	1480  	5191.2
856 	50    	3761.85	2007.6	4973.6
857 	50    	3661.46	1156  	5706  
858 	50    	3925.9 	2791.2	5906.8
859 	50    	3769.47	1916.8	5782.8
860 	50    	3882.97	2351.2	5482  
861 	50    	3872.32	2668.8	5297.6
862 	50    	3801.77	2037.6	5139.6
863 	50    	3691.45	2343.2	5459.2
864 	50    	3724.98	1946  	5464.4
865 	50    	3878.55	2443.6	5222  
866 	50    	3874.45	2363.2	5955.2
867 	50    	3677.8 	2514.8	5867.6
868 	50    	3794.1 	2542.8	5262.8
869 	50    	3944.42	2665.2	5496.4
870 	50    	3758.93	1618.4	5212.8
871 	50    	3729.65	1818  	5131.6
872 	50    	3720.8 	2587.6	4870.4
873 	50    	3919.04	2393.2	5953.6
874 	50    	3816.11	2435.2	5912.8
875 	50    	3946.87	2070.4	5580.8
876 	50    	3746.02	2167.2	5559.2
877 	50    	3783.3 	1892  	5588.4
878 	50    	3833.24	2168.4	5270.4
879 	50    	3692.34	2509.6	4585.2
880 	50    	3759.82	1880  	5332.4
881 	50    	3652.58	2322  	5184.8
882 	50    	3839.79	2212.8	6344.8
883 	50    	3778.42	2004.4	5176.4
884 	50    	3733.86	2372.4	5340  
885 	50    	3749.52	2114.4	5364.4
886 	50    	3879.1 	2346.8	5494.8
887 	50    	3795.16	2517.2	5387.2
888 	50    	3699.07	2050.4	5671.6
889 	50    	3832.3 	2423.2	5197.2
890 	50    	3924.14	2297.2	5184  
891 	50    	3756.84	2429.2	5177.2
892 	50    	3758.96	2402.4	4962  
893 	50    	3861.8 	2639.6	5754.4
894 	50    	3690.18	2134.4	5764.8
895 	50    	3799.52	1892.4	5346.4
896 	50    	3882.42	2476  	5897.6
897 	50    	3935.97	1925.6	5545.2
898 	50    	3752.3 	2241.6	5834.4
899 	50    	3711.84	2238.8	5136.4
900 	50    	3881.88	2459.6	5473.6
901 	50    	3696.65	2640  	4858.4
902 	50    	3844.01	2068.8	5412  
903 	50    	3868.55	2442  	5060.4
904 	50    	3960.41	2391.6	5692.8
905 	50    	3733.87	2336  	5315.2
906 	50    	3838.74	2431.2	4809.2
907 	50    	3901.81	2752.4	5313.6
908 	50    	3963.56	1764.8	5890.4
909 	50    	3869.59	2202.4	5227.2
910 	50    	4000.82	1814.4	5556  
911 	50    	3814.49	2258.8	6038.8
912 	50    	3919.24	2124  	5677.2
913 	50    	3927.33	2370.4	5211.6
914 	50    	3865.85	2582  	5308.4
915 	50    	3973.8 	2067.2	5664  
916 	50    	3963   	2923.6	6603.6
917 	50    	3808.36	1901.6	4990.4
918 	50    	3907.26	2661.2	5282.4
919 	50    	3905.97	2770.8	5564.8
920 	50    	3924.34	2748.4	5466  
921 	50    	3808.96	2141.6	5097.2
922 	50    	3965.65	2180.8	5415.2
923 	50    	3981.61	2731.6	5480  
924 	50    	3823.04	2272.4	5381.6
925 	50    	4121.85	2834.8	5542.8
926 	50    	3720.14	2385.2	4992.8
927 	50    	3953.03	2986.4	5101.2
928 	50    	3842.9 	2427.6	5404.4
929 	50    	3763.71	2358  	5418  
930 	50    	3992.04	2442.4	5374.4
931 	50    	3787.31	2294  	4931.6
932 	50    	3819.94	1896.4	5574  
933 	50    	3780.19	2483.6	5539.6
934 	50    	3687.46	2413.6	5168.8
935 	50    	3939.86	2172  	5552.4
936 	50    	4064.04	2480.4	5688.4
937 	50    	3863.17	2187.6	5324.4
938 	50    	4033.01	2526.8	5176.4
939 	50    	3733.94	2614.8	5312.8
940 	50    	3762.85	2118  	5400  
941 	50    	3973.77	2440.8	5752.8
942 	50    	3739.59	1159.6	5630.8
943 	50    	3953.16	2736.4	5600  
944 	50    	3614.14	2340.4	5943.2
945 	50    	3965.18	2328.4	6002.4
946 	50    	3700.93	1702.8	5787.6
947 	50    	3788.5 	2237.6	5477.2
948 	50    	3962.62	2484  	5885.2
949 	50    	4023.52	2450  	5386  
950 	50    	3932.58	2016.4	5903.2
951 	50    	3896.39	1848.8	5823.6
952 	50    	4025.46	2492.4	6091.6
953 	50    	3877.78	2606.8	5457.2
954 	50    	4071.74	2431.2	5928.4
955 	50    	3940.34	1679.6	5836.4
956 	50    	3956.98	2710.4	5497.6
957 	50    	3970.76	2783.2	5145.2
958 	50    	3971.66	2785.2	5336.4
959 	50    	3969.4 	2362  	6635.6
960 	50    	4012.19	2344.4	5830  
961 	50    	4160.94	2544  	6007.2
962 	50    	3923.46	2617.2	5800.4
963 	50    	3977.34	2131.2	5439.6
964 	50    	3734.18	1738.4	5000  
965 	50    	3990.03	2160.4	5772  
966 	50    	3913.82	2549.6	5126.4
967 	50    	3754.75	2235.2	5789.2
968 	50    	3932.12	2820.8	5338.8
969 	50    	3943.43	2362.4	6214.4
970 	50    	3966.32	2780  	5952.8
971 	50    	3840.18	1858.8	5371.6
972 	50    	3904.18	2253.6	5422  
973 	50    	3876.56	2095.6	5110.8
974 	50    	3888.6 	1875.2	5675.2
975 	50    	3776.17	1119.6	4964  
976 	50    	3647.78	2589.2	4695.2
977 	50    	3818.66	2600  	6055.6
978 	50    	3822.1 	2198.4	6458.8
979 	50    	3701.99	1324.8	4858.4
980 	50    	3826.94	2023.6	5402  
981 	50    	3899.85	2669.2	5191.6
982 	50    	3830.3 	2387.2	5405.6
983 	50    	3743.05	1809.6	5890.4
984 	50    	3562.14	2193.2	4815.6
985 	50    	3692.46	2314  	5304  
986 	50    	3813.46	2308.4	5897.2
987 	50    	3842.3 	2522.8	6043.6
988 	50    	3801.89	1921.6	5251.2
989 	50    	3865.4 	2688.8	5071.6
990 	50    	3921.26	2376.8	5460.8
991 	50    	3897.83	2429.2	5276.8
992 	50    	3605.26	2246.4	5568.8
993 	50    	3437.3 	2223.6	4802  
994 	50    	3744.77	2489.2	5705.6
995 	50    	3848.4 	2665.6	6133.2
996 	50    	3735.18	1912.4	5420.8
997 	50    	3747.02	2336.4	5054.8
998 	50    	3823.09	2589.6	5341.2
999 	50    	3655.56	2553.2	4980.8
1000	50    	3518.7 	1209.2	5310.4
1001	50    	3841.74	1556  	6191.6
1002	50    	3637.12	2460.8	5301.6
1003	50    	3500.64	1575.6	5560.4
1004	50    	3793.54	2289.2	6196.8
1005	50    	3803.62	2368.4	5504.4
1006	50    	3883.84	2642.8	5988.8
1007	50    	3652.5 	2486.4	5039.2
1008	50    	3592.38	1630  	5777.6
1009	50    	3886.27	2394.8	5703.6
1010	50    	3855.44	1010.8	5690.8
1011	50    	3863.11	2410.4	5050  
1012	50    	3826.38	1160  	5227.6
1013	50    	4003.78	2400.4	5798  
1014	50    	3777.64	1992  	5184.8
1015	50    	3839.61	2083.2	5566.4
1016	50    	3746.19	2245.2	5148  
1017	50    	3813.47	2459.6	5958  
1018	50    	3720.8 	2445.6	5459.6
1019	50    	3926.6 	2416.8	6098  
1020	50    	3679.59	833.2 	5707.6
1021	50    	3711.78	1980.8	5616.8
1022	50    	4134.65	2543.6	6111.6
1023	50    	3716.46	1786  	5013.2
1024	50    	3966.2 	2533.2	5451.2
1025	50    	3881.42	2712.8	5259.6
1026	50    	3941.53	2397.2	6363.2
1027	50    	3720.13	2163.2	5341.6
1028	50    	3790.95	2108.8	5119.2
1029	50    	3812.48	2445.2	5542.8
1030	50    	3719.1 	1438.4	5098.4
1031	50    	3857.21	2730  	5638.8
1032	50    	3706.38	2012  	6268  
1033	50    	3875.06	2114.8	5654.4
1034	50    	3792.74	2337.6	5060.8
1035	50    	3863.46	2060.4	5477.2
1036	50    	3958.35	2628  	5656.8
1037	50    	3936.18	1988  	5520.4
1038	50    	3815.65	2504.8	5641.2
1039	50    	3787.48	2020.8	5641.2
1040	50    	3749.03	2354  	5322.8
1041	50    	3665.99	2068.4	5880  
1042	50    	4052.02	3119.6	5478.4
1043	50    	3921.41	2385.6	6311.2
1044	50    	3716.98	2468  	5418  
1045	50    	3864.11	2546  	5230.4
1046	50    	3910.96	2406.8	5264  
1047	50    	3732.62	879.6 	6146.8
1048	50    	3736.03	2402  	5362  
1049	50    	3696.36	1320  	5706.4
1050	50    	3868.38	2054.8	5693.6
1051	50    	3844.3 	1726.8	5546  
1052	50    	3697.1 	2160.8	6141.6
1053	50    	3717.63	2450  	5490  
1054	50    	3845.27	2495.6	6285.2
1055	50    	3642.93	1972  	5294  
1056	50    	3798.11	2466.8	5520.8
1057	50    	3970.08	2354.8	5636.4
1058	50    	3908.39	1933.6	5466  
1059	50    	3988.53	2298.8	5400.4
1060	50    	3898.71	2126.4	6335.6
1061	50    	3880.38	2619.6	5750  
1062	50    	3907.21	2628.4	5534  
1063	50    	3952.08	2006  	5576.8
1064	50    	3903.1 	1593.2	6065.2
1065	50    	4115.03	2770.4	5989.6
1066	50    	3758.7 	2494  	6002  
1067	50    	3918.62	2140.4	5525.2
1068	50    	3818.64	2352.8	5645.6
1069	50    	3795.31	2258.8	5501.6
1070	50    	3907.71	2055.2	5555.6
1071	50    	4070.67	2544.8	5798  
1072	50    	3970.65	1622.8	5588.8
1073	50    	4010.41	2583.2	6359.6
1074	50    	4347.37	2656.4	6230.8
1075	50    	3797.8 	1746.8	5400  
1076	50    	3958.42	2516.4	5784  
1077	50    	4161.85	2720  	5958.4
1078	50    	4021.17	2731.6	5460.4
1079	50    	4087.95	2166.4	6438.8
1080	50    	4066.46	1828  	5480.4
1081	50    	4145.99	2454  	6420.8
1082	50    	3995.78	2026  	6714  
1083	50    	4192.16	2501.2	6837.2
1084	50    	3986.9 	2632  	5415.2
1085	50    	4024.67	1964.4	6010.8
1086	50    	4061.54	2781.6	5527.2
1087	50    	4001.42	2545.2	5935.6
1088	50    	3868.32	2328.8	5696.4
1089	50    	4037.67	2618.8	5606.8
1090	50    	4298.9 	2649.2	5874.4
1091	50    	3983.34	2443.2	6272.8
1092	50    	4081.56	2182.8	5507.6
1093	50    	4039.25	2520.8	6016  
1094	50    	4033.24	1278.8	6031.2
1095	50    	3789.26	1307.2	5184  
1096	50    	4211.53	2242  	6556.4
1097	50    	3901.68	1523.2	6194  
1098	50    	3908.98	2550.4	5721.6
1099	50    	3997.01	2248  	5615.2
1100	50    	4129.66	1928  	6463.2
1101	50    	4125.56	2505.2	5649.6
1102	50    	4060.01	2343.6	5542.4
1103	50    	3818.92	2844.4	4978.4
1104	50    	4002.16	2763.2	6082  
1105	50    	3880.72	2392  	5561.2
1106	50    	3852.79	2331.6	5854  
1107	50    	4134.21	2920.8	5872.8
1108	50    	4273.59	2620  	5584  
1109	50    	3853.67	2690.4	5147.6
1110	50    	4082.98	2795.2	5470.4
1111	50    	3990.11	2509.6	5036.8
1112	50    	3935.15	2704.8	5499.2
1113	50    	4082.04	1084  	5618.8
1114	50    	3989.97	2741.2	5274.8
1115	50    	3979.57	2592.8	5882.4
1116	50    	4110.09	2352.4	6509.6
1117	50    	3828.72	2205.2	5274.8
1118	50    	3975.77	2651.6	5737.2
1119	50    	3989.18	2626.8	5430  
1120	50    	3795.53	1186  	5346.4
1121	50    	4062.53	2312.4	6116  
1122	50    	3945.95	1936.8	5870.8
1123	50    	3839.66	1653.6	6350.4
1124	50    	3989.54	2974  	5346  
1125	50    	4002.73	1569.6	6199.2
1126	50    	4110.4 	1192  	6775.2
1127	50    	3988.7 	2094  	5586  
1128	50    	3961.48	2010.8	5740  
1129	50    	3955.24	2546.4	5355.2
1130	50    	3956.4 	1648  	5866.4
1131	50    	4037.74	2100  	5862.8
1132	50    	3865.86	2320.4	5064.4
1133	50    	3943.25	2898.4	6040.4
1134	50    	3924.23	2464.8	6046  
1135	50    	4013.98	2421.2	6035.6
1136	50    	3877.48	2331.2	6017.6
1137	50    	4027.43	2920.4	5934.8
1138	50    	4008.44	2262.4	5591.2
1139	50    	3917.98	2604.8	5419.2
1140	50    	4089.67	2834.8	5718  
1141	50    	3836.5 	1532.8	5736  
1142	50    	3812.45	2496.4	5017.2
1143	50    	3925.42	2302.8	5872.8
1144	50    	3755.01	2402.4	5678.8
1145	50    	3844.8 	2491.2	5338.8
1146	50    	3891.76	2216  	5457.2
1147	50    	3971.24	2398.8	5520  
1148	50    	3875.74	2346.8	5975.2
1149	50    	3841.78	2942.8	5167.2
1150	50    	3944.7 	2239.2	6594.4
1151	50    	3873.62	2364.8	5554.8
1152	50    	4046.16	2782  	5785.6
1153	50    	3848.94	2358.4	5432.4
1154	50    	3993.83	2589.2	5589.2
1155	50    	4013.41	2430.4	5624.4
1156	50    	4038.92	2628  	5309.6
1157	50    	3817.32	2100  	5320  
1158	50    	3885.94	2591.2	5422.4
1159	50    	3749.77	2640.4	5322.4
1160	50    	4011.18	2802.8	5771.6
1161	50    	4158.34	2177.6	6822.4
1162	50    	3756.89	2831.2	5489.6
1163	50    	3990.79	2322  	5347.2
1164	50    	3845.21	2212  	6106.4
1165	50    	3821.02	2583.6	5608.8
1166	50    	3797.46	2352  	5438.4
1167	50    	3763.22	1568.8	5779.6
1168	50    	3873.86	1861.2	5416.8
1169	50    	3854.91	2066  	5638.4
1170	50    	4029.5 	2484  	5935.6
1171	50    	4194.72	3277.6	5279.6
1172	50    	3893.41	2348.8	5870  
1173	50    	3943.97	2593.2	5738.8
1174	50    	4094.18	2621.2	5322  
1175	50    	4135.22	2950.8	6081.6
1176	50    	3761.08	2342.8	5422.8
1177	50    	3857.46	2735.6	5236.8
1178	50    	4076   	2419.6	5682  
1179	50    	3955.14	2312  	5594.8
1180	50    	3973.37	2843.6	5482  
1181	50    	4049.86	2244  	5277.2
1182	50    	3983.55	2554  	6516.4
1183	50    	3770.1 	2520.4	5330.8
1184	50    	3856.18	2638  	5425.6
1185	50    	4076.36	2502  	6058.8
1186	50    	3944.22	2408.8	5162.4
1187	50    	4007.16	2045.2	5476.4
1188	50    	3947.17	2339.2	5455.2
1189	50    	3973.22	2506  	5498.4
1190	50    	4110.86	2655.6	5945.6
1191	50    	3996.5 	2364.4	5415.2
1192	50    	3841.02	2471.6	5131.2
1193	50    	3909.59	2765.6	5849.6
1194	50    	3723.28	2594.4	4698.4
1195	50    	4064.15	2772  	6380  
1196	50    	3723.93	1817.6	4897.2
1197	50    	3838.05	1414.4	5444.4
1198	50    	3897.15	2557.2	5192.8
1199	50    	3889.56	2427.2	5174  
1200	50    	3717.85	2507.6	5523.6
1201	50    	3787.67	2724  	5333.6
1202	50    	3947.18	2540  	5688.8
1203	50    	3763.89	827.6 	5378.8
1204	50    	3783.79	1990.8	5552  
1205	50    	3636.46	1133.2	5193.6
1206	50    	3876.7 	2033.6	5613.2
1207	50    	3782.04	2760.8	6465.2
1208	50    	3968.59	2408.8	5666.8
1209	50    	3832.25	2298.8	5856  
1210	50    	3884.23	2296.8	5588.4
1211	50    	4011.03	2369.6	5785.6
1212	50    	4056.86	3165.2	4968.4
1213	50    	4114.2 	3067.6	7089.2
1214	50    	3955.62	2872.4	5523.2
1215	50    	4097.99	2288.4	5810.8
1216	50    	4064.92	2606  	6117.2
1217	50    	3970.81	2658  	5165.6
1218	50    	3946.14	1452.4	6048.4
1219	50    	3927.67	2513.2	6179.2
1220	50    	3933.15	2099.2	5398  
1221	50    	3979.84	2485.6	5966.8
1222	50    	3970.15	2242  	5632.8
1223	50    	3834.39	1658.8	5449.6
1224	50    	3971.34	2253.2	5569.6
1225	50    	4034.25	3017.2	5587.2
1226	50    	4052.38	2651.6	5519.6
1227	50    	4332.6 	2854.4	6174.8
1228	50    	3850.72	2321.6	5588.8
1229	50    	4104.42	2786  	6164  
1230	50    	3884.78	2424.8	6122  
1231	50    	3937.51	2526.8	5282.4
1232	50    	4031.27	2047.6	5551.6
1233	50    	3833.29	2519.2	5762.4
1234	50    	4012.38	2672  	5512  
1235	50    	3758.96	2516.8	5097.6
1236	50    	3980.68	2606  	5101.6
1237	50    	3867.87	1122.4	5635.2
1238	50    	3994.82	2189.6	5287.2
1239	50    	4036.54	2630.4	5633.6
1240	50    	4021.65	2360  	5882.8
1241	50    	3923.89	2017.2	5854  
1242	50    	4149.84	2151.6	5800.8
1243	50    	3983.22	2434  	5343.6
1244	50    	3939.09	2238.8	5550.4
1245	50    	3922.23	2740.8	5486.4
1246	50    	3909.67	2398  	5885.6
1247	50    	3925.22	1842.4	6376.8
1248	50    	4196.33	2850  	5774.4
1249	50    	4117.85	2239.2	5862.8
1250	50    	3896.16	1877.2	5426.4
1251	50    	4082.94	2678.8	6037.6
1252	50    	4140.94	2731.6	6722.4
1253	50    	3881.18	2762.4	6110  
1254	50    	3916.68	2290  	5902.8
1255	50    	3985.21	2714.4	6594.8
1256	50    	3830.51	1750.4	5501.2
1257	50    	4019.34	2269.2	6707.6
1258	50    	3826.69	1595.2	6894  
1259	50    	3932.92	2490.8	6049.2
1260	50    	4080.67	2271.6	5876.4
1261	50    	4154.86	2562.8	5550.4
1262	50    	3934.7 	1972  	6308.4
1263	50    	4066.54	2780.8	5233.2
1264	50    	4173.81	2600.4	5626.4
1265	50    	4259.73	3092.8	5951.6
1266	50    	3992.87	2685.2	5643.2
1267	50    	3912.5 	2334  	5376  
1268	50    	3918.86	1896.8	5801.6
1269	50    	3985.1 	2493.2	5621.2
1270	50    	4105.14	1979.2	5648.4
1271	50    	4298.45	1992.4	5884.8
1272	50    	4071.76	1841.2	5943.6
1273	50    	3814.56	1084.4	5693.6
1274	50    	4088.66	2159.2	6606.8
1275	50    	3947.93	2495.2	6481.6
1276	50    	3933.62	2556.4	5272  
1277	50    	4093.14	2498.8	5392.4
1278	50    	4290.49	2429.2	6224.8
1279	50    	3834.62	904.4 	5270  
1280	50    	4074.84	1392  	5820.4
1281	50    	3968.54	2233.2	5210.4
1282	50    	3871.07	1998  	5447.2
1283	50    	4069.11	2100.8	6141.6
1284	50    	4108.86	2475.2	5374.4
1285	50    	4106.71	2643.6	5950.4
1286	50    	4227.36	2574.8	6160.8
1287	50    	3919.63	2370.8	5226  
1288	50    	4046.72	1993.2	5182  
1289	50    	4143.62	2777.2	6541.6
1290	50    	4117.86	2799.6	5504  
1291	50    	4110.3 	2256  	5906.8
1292	50    	3844.01	1719.2	5687.2
1293	50    	3856.29	1787.2	5228  
1294	50    	4062.98	2851.6	5898.8
1295	50    	4220.4 	2701.2	5646.8
1296	50    	3811.26	2166.4	5243.6
1297	50    	4015.9 	1884  	6054.8
1298	50    	3901.14	2472.8	5092.4
1299	50    	3931.77	997.6 	6258.8
1300	50    	3878.86	2335.2	5396.4
1301	50    	3907.24	1528.4	5629.6
1302	50    	4053.72	2857.6	5701.6
1303	50    	4132.54	2758  	5804.4
1304	50    	4099.04	2632  	5861.2
1305	50    	4113.1 	2524.8	5839.6
1306	50    	3919.52	2531.6	6434.8
1307	50    	4038.46	1970.4	5774.4
1308	50    	3965.14	2991.2	5705.2
1309	50    	3880.13	2553.2	5256  
1310	50    	4103.29	2508.4	5659.2
1311	50    	4080.71	1428.4	5592.8
1312	50    	4036.95	2575.2	5827.2
1313	50    	3656.22	1516  	5289.6
1314	50    	3984.31	2338  	6376  
1315	50    	3981.86	2050.4	5954  
1316	50    	4053.22	3144.8	5299.2
1317	50    	4055.77	2720  	5300.8
1318	50    	4047.2 	2630  	6016.4
1319	50    	4029.59	2221.6	6238.8
1320	50    	4070.59	2575.6	5477.2
1321	50    	4174.78	2108  	6204  
1322	50    	4021.58	1995.6	5657.6
1323	50    	4005.02	2762.4	5306.8
1324	50    	3989.34	1932.4	6044.4
1325	50    	4004.7 	2150  	5397.2
1326	50    	3904.88	1237.6	5557.2
1327	50    	4032.18	2706  	5906  
1328	50    	4086.15	2756.4	5697.6
1329	50    	3890.99	2598.4	5215.2
1330	50    	3960.44	1420.8	5358.4
1331	50    	3799.28	2086.4	5350  
1332	50    	3986.12	1760.8	6070.4
1333	50    	4025.93	2620.4	5568  
1334	50    	4058.94	1360.8	5725.2
1335	50    	3861.78	2364.8	5315.2
1336	50    	3952.49	2539.6	5348.4
1337	50    	3972.97	2423.2	5452.8
1338	50    	3962.42	2401.2	5591.6
1339	50    	3788.17	1805.6	5603.6
1340	50    	3922.44	2224.8	5492.8
1341	50    	4054.78	1864  	5838.8
1342	50    	3895.3 	2341.2	5526  
1343	50    	3720.18	1513.2	5243.2
1344	50    	3994.85	1018.4	6107.6
1345	50    	3894.56	2757.2	5362  
1346	50    	3928.84	1678.8	5869.6
1347	50    	4032.97	2064  	5743.2
1348	50    	3804.1 	2581.2	5334.8
1349	50    	4028.2 	2457.6	5458.4
1350	50    	4111.74	1073.6	5703.6
1351	50    	4066.83	983.6 	6122  
1352	50    	3988.51	2576.8	5536  
1353	50    	4036.18	2561.6	5999.6
1354	50    	3956.22	2546.8	5728.8
1355	50    	3956.63	2718.8	5548.4
1356	50    	3980.76	1892.4	5443.6
1357	50    	4077.15	2538.4	5542  
1358	50    	3937.73	2306  	5666.8
1359	50    	3989.38	2294.8	5232.4
1360	50    	4123.89	2381.6	6138  
1361	50    	3927.16	1499.6	5467.2
1362	50    	3920.68	2728.8	5195.6
1363	50    	3762.46	2342  	5262  
1364	50    	3990.82	2477.6	5955.6
1365	50    	3814.39	1960  	6491.2
1366	50    	4046.38	2484  	6226  
1367	50    	3952.83	2759.2	4871.6
1368	50    	3836.42	2564  	5449.2
1369	50    	3796.66	2265.6	5248.8
1370	50    	3875.65	2175.6	5334  
1371	50    	3887.13	2597.6	5465.2
1372	50    	3798.12	2432.8	5816.8
1373	50    	3716.02	2400  	5816.8
1374	50    	3715.54	1812  	5484.4
1375	50    	3798.56	1880.4	5886.8
1376	50    	3713.27	1378  	5356  
1377	50    	3679.42	1106  	5476  
1378	50    	3676.18	2249.2	5293.6
1379	50    	3738.65	2714  	5650.8
1380	50    	3736.44	1934.8	5092.8
1381	50    	3717.08	2356  	5432.4
1382	50    	3492.67	1695.6	5070  
1383	50    	3796.76	2975.2	5285.6
1384	50    	3692.54	2584.4	5473.6
1385	50    	3891.48	1737.6	5679.6
1386	50    	3883.8 	1937.2	6298.8
1387	50    	3757.79	2606.8	5662.8
1388	50    	4061.69	2070.8	6064  
1389	50    	3800.7 	1050  	5235.2
1390	50    	3723.01	1392.4	5473.2
1391	50    	3942.68	2174.8	5198  
1392	50    	3887.62	2412.4	5805.6
1393	50    	3865.44	2529.2	5750.4
1394	50    	3908.24	2740.8	5712.4
1395	50    	4004.61	2622.8	5231.6
1396	50    	3917.41	2506.4	5734  
1397	50    	3824.92	2383.6	5113.6
1398	50    	4002.26	2227.6	6485.2
1399	50    	3770.73	2121.6	5971.2
1400	50    	3696.33	1813.6	5309.6
1401	50    	3861.03	1317.2	5770.4
1402	50    	3970.87	1989.2	5768.4
1403	50    	3967.1 	2496  	5777.6
1404	50    	3865.47	2457.2	5248.8
1405	50    	3745.52	2417.2	5019.6
1406	50    	3791.66	2258.4	5905.2
1407	50    	3710.39	1244  	5315.2
1408	50    	3881.3 	1742.4	5571.6
1409	50    	3970.02	1648.4	5480.8
1410	50    	3844.7 	2450.8	5252.8
1411	50    	3863.03	2251.2	5552.4
1412	50    	3878.67	2300  	5766.4
1413	50    	3909.1 	2491.6	5349.6
1414	50    	3937.51	1934  	5393.6
1415	50    	3707.23	825.2 	5160  
1416	50    	3927.18	2300  	5875.6
1417	50    	3669.25	1956  	5214.4
1418	50    	3805.46	2558  	5298.8
1419	50    	3812.73	2288.4	5417.6
1420	50    	3929.32	2743.6	5284  
1421	50    	3919.27	2224.8	5490.4
1422	50    	3802.62	2359.2	5065.2
1423	50    	3909.43	1673.2	5384  
1424	50    	4074.78	3089.6	6434.4
1425	50    	3849.87	1333.2	5145.6
1426	50    	3972.92	2307.6	5453.6
1427	50    	3892.78	2525.2	5414.8
1428	50    	3746.06	1174  	5796  
1429	50    	4027.42	2720.4	5756  
1430	50    	4125.9 	2338.8	5798  
1431	50    	3886.89	2574.8	5734  
1432	50    	3967.78	2484.8	5644.4
1433	50    	4031.29	2765.2	5482.4
1434	50    	3971.34	2621.2	6930  
1435	50    	3836.08	1542  	5478.4
1436	50    	3823.48	2251.2	5427.2
1437	50    	3768.91	2143.2	5284.4
1438	50    	3859.38	2112  	4988.4
1439	50    	3766.91	2034  	4944  
1440	50    	3862.78	2034.8	5228  
1441	50    	3813.66	2384.4	5905.2
1442	50    	3976.27	2264  	5282.4
1443	50    	4070.7 	2547.2	5976.4
1444	50    	3905.36	2101.6	5627.6
1445	50    	3839.46	1940.4	5686  
1446	50    	3861.53	2356  	5742.8
1447	50    	3848.78	2626.4	5545.6
1448	50    	3833.46	2338.8	5045.2
1449	50    	3839.81	2081.2	5129.6
1450	50    	3919.78	1762.4	6185.6