gen	nevals	avg      	min     	max     
0  	10    	-7.46377 	-7.59888	-7.44263
1  	10    	-7.45645 	-7.52563	-7.44263
2  	10    	-5.47109 	-7.52563	8.95923 
3  	10    	-3.9426  	-7.52563	8.95923 
4  	10    	-3.43425 	-7.52563	9.46802 
5  	10    	-3.42666 	-7.44971	9.46802 
6  	10    	-3.35237 	-7.44971	9.70215 
7  	10    	-1.97288 	-7.44971	18.8738 
8  	10    	-1.8612  	-7.44971	18.8738 
9  	10    	-0.223485	-7.44971	18.8738 
10 	10    	8.01885  	-7.44971	51.9053 
11 	10    	8.85935  	-7.44971	51.9053 
12 	10    	9.22773  	-7.44971	51.9053 
13 	10    	13.0259  	-7.44971	70.8428 
14 	10    	23.2564  	-7.44971	152.029 
15 	10    	25.86    	-7.44971	152.029 
16 	10    	26.7488  	-7.44971	152.029 
17 	10    	28.9689  	-3.99292	152.029 
18 	10    	36.3562  	-3.99292	152.029 
19 	10    	36.3702  	-3.99292	152.029 
20 	10    	37.2625  	-3.5293 	152.029 
21 	10    	42.938   	-3.5293 	152.029 
22 	10    	58.9257  	-3.5293 	216.704 
23 	10    	94.2412  	-1.00781	357.482 
24 	10    	94.8143  	-1.00781	357.482 
25 	10    	94.8519  	-1.00781	357.482 
26 	10    	95.8485  	6.14575 	357.482 
27 	10    	114.61   	9.67407 	357.482 
28 	10    	119.899  	9.67407 	357.482 
29 	10    	126.863  	18.4717 	357.482 
30 	10    	126.863  	18.4717 	357.482 
31 	10    	126.863  	18.4717 	357.482 
32 	10    	126.863  	18.4717 	357.482 
33 	10    	127.753  	18.4717 	357.482 
34 	10    	127.753  	18.4717 	357.482 
35 	10    	128.591  	20.6846 	357.482 
36 	10    	128.591  	20.6846 	357.482 
37 	10    	128.591  	20.6846 	357.482 
38 	10    	128.591  	20.6846 	357.482 
39 	10    	154.868  	24.8064 	357.482 
40 	10    	154.868  	24.8064 	357.482 
41 	10    	154.868  	24.8064 	357.482 
42 	10    	154.868  	24.8064 	357.482 
43 	10    	154.868  	24.8064 	357.482 
44 	10    	162.622  	53.7776 	357.482 
45 	10    	162.622  	53.7776 	357.482 
46 	10    	162.622  	53.7776 	357.482 
47 	10    	163.957  	67.1316 	357.482 
48 	10    	163.957  	67.1316 	357.482 
49 	10    	163.957  	67.1316 	357.482 
50 	10    	163.957  	67.1316 	357.482 
51 	10    	163.957  	67.1316 	357.482 
52 	10    	163.957  	67.1316 	357.482 
53 	10    	163.957  	67.1316 	357.482 
54 	10    	163.957  	67.1316 	357.482 
55 	10    	163.957  	67.1316 	357.482 
56 	10    	163.957  	67.1316 	357.482 
57 	10    	163.957  	67.1316 	357.482 
58 	10    	163.957  	67.1316 	357.482 
59 	10    	193.234  	67.1316 	578.269 
60 	10    	193.234  	67.1316 	578.269 
61 	10    	241.586  	67.1316 	578.269 
62 	10    	242.877  	67.1316 	578.269 
63 	10    	242.877  	67.1316 	578.269 
64 	10    	242.877  	67.1316 	578.269 
65 	10    	242.877  	67.1316 	578.269 
66 	10    	242.877  	67.1316 	578.269 
67 	10    	247.044  	67.1316 	578.269 
68 	10    	247.044  	67.1316 	578.269 
69 	10    	251.437  	79.3193 	578.269 
70 	10    	264.731  	79.3193 	578.269 
71 	10    	289.381  	79.3193 	578.269 
72 	10    	289.381  	79.3193 	578.269 
73 	10    	289.381  	79.3193 	578.269 
74 	10    	289.381  	79.3193 	578.269 
75 	10    	289.381  	79.3193 	578.269 
76 	10    	289.381  	79.3193 	578.269 
77 	10    	289.381  	79.3193 	578.269 
78 	10    	289.381  	79.3193 	578.269 
79 	10    	289.381  	79.3193 	578.269 
80 	10    	289.381  	79.3193 	578.269 
81 	10    	311.953  	79.3193 	578.269 
82 	10    	314.935  	79.3193 	578.269 
83 	10    	314.935  	79.3193 	578.269 
84 	10    	324.065  	79.3193 	578.269 
85 	10    	349.036  	152.029 	578.269 
86 	10    	364.774  	152.029 	578.269 
87 	10    	364.774  	152.029 	578.269 
88 	10    	366.197  	152.029 	592.084 
89 	10    	366.197  	152.029 	592.084 
90 	10    	366.197  	152.029 	592.084 
91 	10    	366.197  	152.029 	592.084 
92 	10    	368.276  	152.029 	612.869 
93 	10    	368.276  	152.029 	612.869 
94 	10    	368.276  	152.029 	612.869 
95 	10    	368.276  	152.029 	612.869 
96 	10    	368.276  	152.029 	612.869 
97 	10    	368.276  	152.029 	612.869 
98 	10    	368.276  	152.029 	612.869 
99 	10    	377.712  	152.029 	641.48  
100	10    	377.712  	152.029 	641.48  
101	10    	377.712  	152.029 	641.48  
102	10    	377.712  	152.029 	641.48  
103	10    	377.712  	152.029 	641.48  
104	10    	380.423  	179.135 	641.48  
105	10    	392.818  	266.039 	641.48  
106	10    	392.818  	266.039 	641.48  
107	10    	392.818  	266.039 	641.48  
108	10    	392.818  	266.039 	641.48  
109	10    	392.818  	266.039 	641.48  
110	10    	404.065  	266.039 	641.48  
111	10    	404.065  	266.039 	641.48  
112	10    	404.065  	266.039 	641.48  
113	10    	404.065  	266.039 	641.48  
114	10    	404.065  	266.039 	641.48  
115	10    	404.065  	266.039 	641.48  
116	10    	440.41   	266.039 	641.48  
117	10    	440.41   	266.039 	641.48  
118	10    	440.41   	266.039 	641.48  
119	10    	440.41   	266.039 	641.48  
120	10    	440.41   	266.039 	641.48  
121	10    	440.41   	266.039 	641.48  
122	10    	440.41   	266.039 	641.48  
123	10    	440.41   	266.039 	641.48  
124	10    	440.41   	266.039 	641.48  
125	10    	440.41   	266.039 	641.48  
126	10    	461.387  	266.039 	641.48  
127	10    	469.192  	266.039 	711.089 
128	10    	469.192  	266.039 	711.089 
129	10    	469.192  	266.039 	711.089 
130	10    	519.037  	303.088 	711.089 
131	10    	519.037  	303.088 	711.089 
132	10    	585.181  	335.119 	964.534 
133	10    	585.181  	335.119 	964.534 
134	10    	585.181  	335.119 	964.534 
135	10    	585.181  	335.119 	964.534 
136	10    	632.202  	351.727 	964.534 
137	10    	700.229  	351.727 	1321.75 
138	10    	700.229  	351.727 	1321.75 
139	10    	720.066  	351.727 	1321.75 
140	10    	720.066  	351.727 	1321.75 
141	10    	744.543  	390.503 	1321.75 
142	10    	744.543  	390.503 	1321.75 
143	10    	744.543  	390.503 	1321.75 
144	10    	744.543  	390.503 	1321.75 
145	10    	764.853  	390.503 	1321.75 
146	10    	764.853  	390.503 	1321.75 
147	10    	776.89   	449.252 	1321.75 
148	10    	778.836  	449.252 	1321.75 
149	10    	778.836  	449.252 	1321.75 
150	10    	780.346  	449.252 	1321.75 
151	10    	780.346  	449.252 	1321.75 
152	10    	780.346  	449.252 	1321.75 
153	10    	780.346  	449.252 	1321.75 
154	10    	780.346  	449.252 	1321.75 
155	10    	780.346  	449.252 	1321.75 
156	10    	780.346  	449.252 	1321.75 
157	10    	811.171  	480.971 	1321.75 
158	10    	811.171  	480.971 	1321.75 
159	10    	811.171  	480.971 	1321.75 
160	10    	811.171  	480.971 	1321.75 
161	10    	811.171  	480.971 	1321.75 
162	10    	811.171  	480.971 	1321.75 
163	10    	811.171  	480.971 	1321.75 
164	10    	814.936  	480.971 	1321.75 
165	10    	814.936  	480.971 	1321.75 
166	10    	818.148  	480.971 	1321.75 
167	10    	822.182  	480.971 	1321.75 
168	10    	822.182  	480.971 	1321.75 
169	10    	822.182  	480.971 	1321.75 
170	10    	822.182  	480.971 	1321.75 
171	10    	822.182  	480.971 	1321.75 
172	10    	822.182  	480.971 	1321.75 
173	10    	822.182  	480.971 	1321.75 
174	10    	822.182  	480.971 	1321.75 
175	10    	822.182  	480.971 	1321.75 
176	10    	822.182  	480.971 	1321.75 
177	10    	822.182  	480.971 	1321.75 
178	10    	822.182  	480.971 	1321.75 
179	10    	822.182  	480.971 	1321.75 
180	10    	822.182  	480.971 	1321.75 
181	10    	822.182  	480.971 	1321.75 
182	10    	879.839  	480.971 	1488.19 
183	10    	879.839  	480.971 	1488.19 
184	10    	879.839  	480.971 	1488.19 
185	10    	879.839  	480.971 	1488.19 
186	10    	879.839  	480.971 	1488.19 
187	10    	879.839  	480.971 	1488.19 
188	10    	879.839  	480.971 	1488.19 
189	10    	912.139  	480.971 	1488.19 
190	10    	912.139  	480.971 	1488.19 
191	10    	912.139  	480.971 	1488.19 
192	10    	912.139  	480.971 	1488.19 
193	10    	912.139  	480.971 	1488.19 
194	10    	912.139  	480.971 	1488.19 
195	10    	912.139  	480.971 	1488.19 
196	10    	943.879  	480.971 	1488.19 
197	10    	948.496  	480.971 	1488.19 
198	10    	948.496  	480.971 	1488.19 
199	10    	948.496  	480.971 	1488.19 
200	10    	948.496  	480.971 	1488.19 
201	10    	978.629  	480.971 	1488.19 
202	10    	978.629  	480.971 	1488.19 
203	10    	978.629  	480.971 	1488.19 
204	10    	978.629  	480.971 	1488.19 
205	10    	978.629  	480.971 	1488.19 
206	10    	978.629  	480.971 	1488.19 
207	10    	978.629  	480.971 	1488.19 
208	10    	978.629  	480.971 	1488.19 
209	10    	978.629  	480.971 	1488.19 
210	10    	978.629  	480.971 	1488.19 
211	10    	978.629  	480.971 	1488.19 
212	10    	978.629  	480.971 	1488.19 
213	10    	978.629  	480.971 	1488.19 
214	10    	978.629  	480.971 	1488.19 
215	10    	978.629  	480.971 	1488.19 
216	10    	978.629  	480.971 	1488.19 
217	10    	978.629  	480.971 	1488.19 
218	10    	978.629  	480.971 	1488.19 
219	10    	980.53   	480.971 	1488.19 
220	10    	980.53   	480.971 	1488.19 
221	10    	980.53   	480.971 	1488.19 
222	10    	980.53   	480.971 	1488.19 
223	10    	980.53   	480.971 	1488.19 
224	10    	980.53   	480.971 	1488.19 
225	10    	980.53   	480.971 	1488.19 
226	10    	980.53   	480.971 	1488.19 
227	10    	980.53   	480.971 	1488.19 
228	10    	1024.17  	480.971 	1677.51 
229	10    	1024.17  	480.971 	1677.51 
230	10    	1024.17  	480.971 	1677.51 
231	10    	1024.17  	480.971 	1677.51 
232	10    	1024.17  	480.971 	1677.51 
233	10    	1024.17  	480.971 	1677.51 
234	10    	1024.17  	480.971 	1677.51 
235	10    	1024.17  	480.971 	1677.51 
236	10    	1024.17  	480.971 	1677.51 
237	10    	1024.17  	480.971 	1677.51 
238	10    	1024.17  	480.971 	1677.51 
239	10    	1024.17  	480.971 	1677.51 
240	10    	1024.17  	480.971 	1677.51 
241	10    	1024.17  	480.971 	1677.51 
242	10    	1024.17  	480.971 	1677.51 
243	10    	1024.17  	480.971 	1677.51 
244	10    	1024.17  	480.971 	1677.51 
245	10    	1024.17  	480.971 	1677.51 
246	10    	1024.17  	480.971 	1677.51 
247	10    	1024.17  	480.971 	1677.51 
248	10    	1024.17  	480.971 	1677.51 
249	10    	1042.6   	578.269 	1677.51 
250	10    	1042.6   	578.269 	1677.51 
251	10    	1042.6   	578.269 	1677.51 
252	10    	1042.6   	578.269 	1677.51 
253	10    	1042.6   	578.269 	1677.51 
254	10    	1042.6   	578.269 	1677.51 
255	10    	1042.6   	578.269 	1677.51 
256	10    	1042.6   	578.269 	1677.51 
257	10    	1042.6   	578.269 	1677.51 
258	10    	1042.6   	578.269 	1677.51 
259	10    	1042.6   	578.269 	1677.51 
260	10    	1042.6   	578.269 	1677.51 
261	10    	1052.59  	578.269 	1677.51 
262	10    	1052.59  	578.269 	1677.51 
263	10    	1052.59  	578.269 	1677.51 
264	10    	1052.59  	578.269 	1677.51 
265	10    	1061.67  	578.269 	1677.51 
266	10    	1061.67  	578.269 	1677.51 
267	10    	1061.67  	578.269 	1677.51 
268	10    	1061.67  	578.269 	1677.51 
269	10    	1079.82  	578.269 	1859.05 
270	10    	1102.17  	578.269 	1859.05 
271	10    	1102.17  	578.269 	1859.05 
272	10    	1102.17  	578.269 	1859.05 
273	10    	1102.17  	578.269 	1859.05 
274	10    	1102.17  	578.269 	1859.05 
275	10    	1102.17  	578.269 	1859.05 
276	10    	1102.17  	578.269 	1859.05 
277	10    	1102.17  	578.269 	1859.05 
278	10    	1102.17  	578.269 	1859.05 
279	10    	1107.46  	578.269 	1859.05 
280	10    	1107.46  	578.269 	1859.05 
281	10    	1107.46  	578.269 	1859.05 
282	10    	1119.81  	578.269 	1982.61 
283	10    	1119.81  	578.269 	1982.61 
284	10    	1119.81  	578.269 	1982.61 
285	10    	1119.81  	578.269 	1982.61 
286	10    	1119.81  	578.269 	1982.61 
287	10    	1119.81  	578.269 	1982.61 
288	10    	1119.81  	578.269 	1982.61 
289	10    	1119.81  	578.269 	1982.61 
290	10    	1119.81  	578.269 	1982.61 
291	10    	1119.81  	578.269 	1982.61 
292	10    	1125.59  	578.269 	1982.61 
293	10    	1125.59  	578.269 	1982.61 
294	10    	1125.59  	578.269 	1982.61 
295	10    	1125.59  	578.269 	1982.61 
296	10    	1125.59  	578.269 	1982.61 
297	10    	1125.59  	578.269 	1982.61 
298	10    	1125.59  	578.269 	1982.61 
299	10    	1125.59  	578.269 	1982.61 
300	10    	1125.59  	578.269 	1982.61 
301	10    	1125.59  	578.269 	1982.61 
302	10    	1125.59  	578.269 	1982.61 
303	10    	1125.59  	578.269 	1982.61 
304	10    	1125.59  	578.269 	1982.61 
305	10    	1125.59  	578.269 	1982.61 
306	10    	1125.59  	578.269 	1982.61 
307	10    	1125.59  	578.269 	1982.61 
308	10    	1125.59  	578.269 	1982.61 
309	10    	1125.59  	578.269 	1982.61 
310	10    	1125.59  	578.269 	1982.61 
311	10    	1125.59  	578.269 	1982.61 
312	10    	1125.59  	578.269 	1982.61 
313	10    	1125.59  	578.269 	1982.61 
314	10    	1134.61  	578.269 	1982.61 
315	10    	1134.61  	578.269 	1982.61 
316	10    	1134.61  	578.269 	1982.61 
317	10    	1134.61  	578.269 	1982.61 
318	10    	1134.61  	578.269 	1982.61 
319	10    	1134.61  	578.269 	1982.61 
320	10    	1134.61  	578.269 	1982.61 
321	10    	1144.98  	578.269 	1982.61 
322	10    	1144.98  	578.269 	1982.61 
323	10    	1152.21  	578.269 	1982.61 
324	10    	1182.04  	578.269 	1982.61 
325	10    	1182.04  	578.269 	1982.61 
326	10    	1193.96  	578.269 	1982.61 
327	10    	1193.96  	578.269 	1982.61 
328	10    	1193.96  	578.269 	1982.61 
329	10    	1193.96  	578.269 	1982.61 
330	10    	1193.96  	578.269 	1982.61 
331	10    	1193.96  	578.269 	1982.61 
332	10    	1193.96  	578.269 	1982.61 
333	10    	1193.96  	578.269 	1982.61 
334	10    	1193.96  	578.269 	1982.61 
335	10    	1193.96  	578.269 	1982.61 
336	10    	1193.96  	578.269 	1982.61 
337	10    	1193.96  	578.269 	1982.61 
338	10    	1200     	578.269 	1982.61 
339	10    	1200     	578.269 	1982.61 
340	10    	1200     	578.269 	1982.61 
341	10    	1200     	578.269 	1982.61 
342	10    	1200     	578.269 	1982.61 
343	10    	1200     	578.269 	1982.61 
344	10    	1200     	578.269 	1982.61 
345	10    	1200     	578.269 	1982.61 
346	10    	1200     	578.269 	1982.61 
347	10    	1200     	578.269 	1982.61 
348	10    	1223.4   	578.269 	1982.61 
349	10    	1231.53  	578.269 	1982.61 
350	10    	1231.53  	578.269 	1982.61 