gen	nevals	avg    	min     	max    
0  	10    	13.542 	-8.75244	125.852
1  	10    	15.3567	-2.88672	125.852
2  	10    	16.2275	-2.88672	125.852
3  	10    	24.1548	-2.55933	125.852
4  	10    	24.6146	-2.22729	125.852
5  	10    	43.0313	-2.22729	309.483
6  	10    	62.1876	-2.22729	493.781
7  	10    	63.7096	-2.22729	493.781
8  	10    	69.6835	-2.22729	493.781
9  	10    	102.642	-2.22729	493.781
10 	10    	104.239	-2.22729	493.781
11 	10    	104.285	-2.22729	493.781
12 	10    	105.611	6.78198 	493.781
13 	10    	105.611	6.78198 	493.781
14 	10    	105.711	7.78882 	493.781
15 	10    	105.817	8.11255 	493.781
16 	10    	105.817	8.11255 	493.781
17 	10    	106.846	8.58813 	493.781
18 	10    	121.175	15.5654 	493.781
19 	10    	132.712	15.5654 	493.781
20 	10    	146.878	15.5654 	493.781
21 	10    	146.878	15.5654 	493.781
22 	10    	147.162	17.1729 	493.781
23 	10    	148.965	17.1729 	503.041
24 	10    	148.965	17.1729 	503.041
25 	10    	148.965	17.1729 	503.041
26 	10    	151.047	17.1729 	503.041
27 	10    	151.047	17.1729 	503.041
28 	10    	171.409	27.1763 	503.041
29 	10    	171.409	27.1763 	503.041
30 	10    	182.564	27.1763 	503.041
31 	10    	189.688	38.8049 	503.041
32 	10    	189.688	38.8049 	503.041
33 	10    	189.688	38.8049 	503.041
34 	10    	189.688	38.8049 	503.041
35 	10    	201.92 	38.8049 	503.041
36 	10    	201.92 	38.8049 	503.041
37 	10    	201.92 	38.8049 	503.041
38 	10    	201.92 	38.8049 	503.041
39 	10    	201.92 	38.8049 	503.041
40 	10    	202.262	38.8049 	503.041
41 	10    	202.262	38.8049 	503.041
42 	10    	202.262	38.8049 	503.041
43 	10    	202.262	38.8049 	503.041
44 	10    	202.262	38.8049 	503.041
45 	10    	202.262	38.8049 	503.041
46 	10    	202.262	38.8049 	503.041
47 	10    	202.262	38.8049 	503.041
48 	10    	202.262	38.8049 	503.041
49 	10    	246.089	38.8049 	672.344
50 	10    	246.089	38.8049 	672.344
51 	10    	246.089	38.8049 	672.344
52 	10    	246.089	38.8049 	672.344
53 	10    	256.846	38.8049 	672.344
54 	10    	257.286	38.8049 	672.344
55 	10    	257.286	38.8049 	672.344
56 	10    	257.286	38.8049 	672.344
57 	10    	257.286	38.8049 	672.344
58 	10    	257.286	38.8049 	672.344
59 	10    	257.286	38.8049 	672.344
60 	10    	257.286	38.8049 	672.344
61 	10    	257.286	38.8049 	672.344
62 	10    	269.854	38.8049 	672.344
63 	10    	282.967	38.8049 	672.344
64 	10    	282.967	38.8049 	672.344
65 	10    	285.792	38.8049 	672.344
66 	10    	285.792	38.8049 	672.344
67 	10    	285.792	38.8049 	672.344
68 	10    	285.792	38.8049 	672.344
69 	10    	304.875	38.8049 	672.344
70 	10    	304.875	38.8049 	672.344
71 	10    	304.875	38.8049 	672.344
72 	10    	304.875	38.8049 	672.344
73 	10    	304.875	38.8049 	672.344
74 	10    	304.875	38.8049 	672.344
75 	10    	335.378	38.8049 	672.344
76 	10    	350.272	55.4639 	706.205
77 	10    	350.272	55.4639 	706.205
78 	10    	350.272	55.4639 	706.205
79 	10    	350.272	55.4639 	706.205
80 	10    	350.272	55.4639 	706.205
81 	10    	350.272	55.4639 	706.205
82 	10    	350.272	55.4639 	706.205
83 	10    	350.272	55.4639 	706.205
84 	10    	350.272	55.4639 	706.205
85 	10    	350.272	55.4639 	706.205
86 	10    	350.272	55.4639 	706.205
87 	10    	373.722	55.4639 	706.205
88 	10    	373.722	55.4639 	706.205
89 	10    	373.722	55.4639 	706.205
90 	10    	373.722	55.4639 	706.205
91 	10    	384.061	55.4639 	706.205
92 	10    	384.061	55.4639 	706.205
93 	10    	384.061	55.4639 	706.205
94 	10    	384.061	55.4639 	706.205
95 	10    	384.061	55.4639 	706.205
96 	10    	384.061	55.4639 	706.205
97 	10    	384.061	55.4639 	706.205
98 	10    	384.061	55.4639 	706.205
99 	10    	384.061	55.4639 	706.205
100	10    	402.242	201.824 	706.205
101	10    	402.242	201.824 	706.205
102	10    	402.242	201.824 	706.205
103	10    	402.242	201.824 	706.205
104	10    	402.242	201.824 	706.205
105	10    	402.242	201.824 	706.205
106	10    	402.242	201.824 	706.205
107	10    	402.242	201.824 	706.205
108	10    	402.242	201.824 	706.205
109	10    	402.242	201.824 	706.205
110	10    	414.567	201.824 	829.456
111	10    	414.797	201.824 	829.456
112	10    	414.797	201.824 	829.456
113	10    	433.626	201.824 	829.456
114	10    	433.626	201.824 	829.456
115	10    	433.626	201.824 	829.456
116	10    	433.626	201.824 	829.456
117	10    	433.626	201.824 	829.456
118	10    	445.691	201.824 	829.456
119	10    	445.691	201.824 	829.456
120	10    	445.691	201.824 	829.456
121	10    	445.691	201.824 	829.456
122	10    	445.691	201.824 	829.456
123	10    	445.691	201.824 	829.456
124	10    	445.691	201.824 	829.456
125	10    	445.691	201.824 	829.456
126	10    	445.691	201.824 	829.456
127	10    	445.691	201.824 	829.456
128	10    	445.691	201.824 	829.456
129	10    	445.691	201.824 	829.456
130	10    	445.691	201.824 	829.456
131	10    	445.691	201.824 	829.456
132	10    	445.691	201.824 	829.456
133	10    	445.691	201.824 	829.456
134	10    	453.298	201.824 	829.456
135	10    	453.298	201.824 	829.456
136	10    	453.298	201.824 	829.456
137	10    	453.298	201.824 	829.456
138	10    	453.298	201.824 	829.456
139	10    	453.298	201.824 	829.456
140	10    	453.298	201.824 	829.456
141	10    	453.298	201.824 	829.456
142	10    	453.298	201.824 	829.456
143	10    	453.298	201.824 	829.456
144	10    	453.298	201.824 	829.456
145	10    	463.329	201.824 	829.456
146	10    	463.329	201.824 	829.456
147	10    	463.734	201.824 	829.456
148	10    	472.876	201.824 	829.456
149	10    	472.876	201.824 	829.456
150	10    	472.876	201.824 	829.456
151	10    	472.876	201.824 	829.456
152	10    	472.876	201.824 	829.456
153	10    	479.181	201.824 	829.456
154	10    	481.503	225.046 	829.456
155	10    	481.503	225.046 	829.456
156	10    	481.503	225.046 	829.456
157	10    	481.503	225.046 	829.456
158	10    	481.503	225.046 	829.456
159	10    	481.503	225.046 	829.456
160	10    	481.503	225.046 	829.456
161	10    	504.084	225.046 	829.456
162	10    	504.084	225.046 	829.456
163	10    	504.084	225.046 	829.456
164	10    	504.084	225.046 	829.456
165	10    	504.084	225.046 	829.456
166	10    	544.68 	279.655 	829.456
167	10    	557.03 	279.655 	829.456
168	10    	557.988	289.238 	829.456
169	10    	560.215	311.504 	829.456
170	10    	571.99 	426.356 	829.456
171	10    	571.99 	426.356 	829.456
172	10    	571.99 	426.356 	829.456
173	10    	571.99 	426.356 	829.456
174	10    	571.99 	426.356 	829.456
175	10    	571.99 	426.356 	829.456
176	10    	596.374	426.356 	874.838
177	10    	596.374	426.356 	874.838
178	10    	596.374	426.356 	874.838
179	10    	596.374	426.356 	874.838
180	10    	596.374	426.356 	874.838
181	10    	596.374	426.356 	874.838
182	10    	596.374	426.356 	874.838
183	10    	601.144	426.356 	874.838
184	10    	601.144	426.356 	874.838
185	10    	601.144	426.356 	874.838
186	10    	601.144	426.356 	874.838
187	10    	601.144	426.356 	874.838
188	10    	601.144	426.356 	874.838
189	10    	601.144	426.356 	874.838
190	10    	647.246	426.356 	964.068
191	10    	647.246	426.356 	964.068
192	10    	647.246	426.356 	964.068
193	10    	647.246	426.356 	964.068
194	10    	647.246	426.356 	964.068
195	10    	647.246	426.356 	964.068
196	10    	647.246	426.356 	964.068
197	10    	647.246	426.356 	964.068
198	10    	647.246	426.356 	964.068
199	10    	651.174	426.356 	964.068
200	10    	651.174	426.356 	964.068
201	10    	651.174	426.356 	964.068
202	10    	651.174	426.356 	964.068
203	10    	655.093	426.356 	964.068
204	10    	655.093	426.356 	964.068
205	10    	655.093	426.356 	964.068
206	10    	664.332	426.356 	964.068
207	10    	664.332	426.356 	964.068
208	10    	664.332	426.356 	964.068
209	10    	664.332	426.356 	964.068
210	10    	664.332	426.356 	964.068
211	10    	672.015	426.356 	1040.9 
212	10    	672.015	426.356 	1040.9 
213	10    	672.015	426.356 	1040.9 
214	10    	672.015	426.356 	1040.9 
215	10    	672.015	426.356 	1040.9 
216	10    	672.015	426.356 	1040.9 
217	10    	672.015	426.356 	1040.9 
218	10    	672.015	426.356 	1040.9 
219	10    	672.015	426.356 	1040.9 
220	10    	672.015	426.356 	1040.9 
221	10    	672.015	426.356 	1040.9 
222	10    	672.015	426.356 	1040.9 
223	10    	672.015	426.356 	1040.9 
224	10    	672.015	426.356 	1040.9 
225	10    	672.015	426.356 	1040.9 
226	10    	672.015	426.356 	1040.9 
227	10    	672.015	426.356 	1040.9 
228	10    	672.015	426.356 	1040.9 
229	10    	672.015	426.356 	1040.9 
230	10    	681.621	426.356 	1136.96
231	10    	681.621	426.356 	1136.96
232	10    	681.621	426.356 	1136.96
233	10    	681.621	426.356 	1136.96
234	10    	681.621	426.356 	1136.96
235	10    	681.621	426.356 	1136.96
236	10    	681.621	426.356 	1136.96
237	10    	682.284	426.356 	1136.96
238	10    	682.284	426.356 	1136.96
239	10    	682.284	426.356 	1136.96
240	10    	683.938	426.356 	1136.96
241	10    	683.938	426.356 	1136.96
242	10    	683.938	426.356 	1136.96
243	10    	683.938	426.356 	1136.96
244	10    	696.858	426.356 	1136.96
245	10    	712.717	536.148 	1136.96
246	10    	712.717	536.148 	1136.96
247	10    	712.717	536.148 	1136.96
248	10    	712.717	536.148 	1136.96
249	10    	720.482	536.148 	1136.96
250	10    	720.482	536.148 	1136.96
251	10    	720.482	536.148 	1136.96
252	10    	720.482	536.148 	1136.96
253	10    	720.482	536.148 	1136.96
254	10    	720.482	536.148 	1136.96
255	10    	720.482	536.148 	1136.96
256	10    	720.482	536.148 	1136.96
257	10    	720.482	536.148 	1136.96
258	10    	720.482	536.148 	1136.96
259	10    	720.482	536.148 	1136.96
260	10    	720.482	536.148 	1136.96
261	10    	720.482	536.148 	1136.96
262	10    	720.482	536.148 	1136.96
263	10    	720.482	536.148 	1136.96
264	10    	720.482	536.148 	1136.96
265	10    	720.482	536.148 	1136.96
266	10    	720.482	536.148 	1136.96
267	10    	720.482	536.148 	1136.96
268	10    	720.482	536.148 	1136.96
269	10    	720.482	536.148 	1136.96
270	10    	720.482	536.148 	1136.96
271	10    	720.482	536.148 	1136.96
272	10    	720.482	536.148 	1136.96
273	10    	720.482	536.148 	1136.96
274	10    	720.482	536.148 	1136.96
275	10    	720.482	536.148 	1136.96
276	10    	720.482	536.148 	1136.96
277	10    	720.482	536.148 	1136.96
278	10    	720.482	536.148 	1136.96
279	10    	720.482	536.148 	1136.96
280	10    	720.482	536.148 	1136.96
281	10    	720.482	536.148 	1136.96
282	10    	720.482	536.148 	1136.96
283	10    	720.482	536.148 	1136.96
284	10    	720.482	536.148 	1136.96
285	10    	727.587	536.148 	1136.96
286	10    	727.587	536.148 	1136.96
287	10    	727.587	536.148 	1136.96
288	10    	727.587	536.148 	1136.96
289	10    	727.587	536.148 	1136.96
290	10    	727.587	536.148 	1136.96
291	10    	727.587	536.148 	1136.96
292	10    	727.587	536.148 	1136.96
293	10    	742.141	579.168 	1136.96
294	10    	757.668	579.168 	1136.96
295	10    	766.413	584.943 	1136.96
296	10    	779.021	584.943 	1136.96
297	10    	800.317	584.943 	1136.96
298	10    	800.317	584.943 	1136.96
299	10    	819.99 	584.943 	1136.96
300	10    	819.99 	584.943 	1136.96
301	10    	819.99 	584.943 	1136.96
302	10    	819.99 	584.943 	1136.96
303	10    	819.99 	584.943 	1136.96
304	10    	831.501	584.943 	1136.96
305	10    	831.501	584.943 	1136.96
306	10    	831.501	584.943 	1136.96
307	10    	831.501	584.943 	1136.96
308	10    	831.501	584.943 	1136.96
309	10    	831.501	584.943 	1136.96
310	10    	852.142	584.943 	1136.96
311	10    	852.142	584.943 	1136.96
312	10    	852.142	584.943 	1136.96
313	10    	852.142	584.943 	1136.96
314	10    	852.142	584.943 	1136.96
315	10    	854.197	584.943 	1136.96
316	10    	859.228	584.943 	1136.96
317	10    	859.228	584.943 	1136.96
318	10    	897.574	658.977 	1136.96
319	10    	897.574	658.977 	1136.96
320	10    	897.574	658.977 	1136.96
321	10    	897.574	658.977 	1136.96
322	10    	897.574	658.977 	1136.96
323	10    	897.574	658.977 	1136.96
324	10    	897.574	658.977 	1136.96
325	10    	920.739	658.977 	1136.96
326	10    	920.739	658.977 	1136.96
327	10    	920.739	658.977 	1136.96
328	10    	920.739	658.977 	1136.96
329	10    	942.062	658.977 	1181.64
330	10    	947.076	709.114 	1181.64
331	10    	971.728	709.114 	1428.16
332	10    	971.728	709.114 	1428.16
333	10    	978.968	709.114 	1500.56
334	10    	978.968	709.114 	1500.56
335	10    	978.968	709.114 	1500.56
336	10    	978.968	709.114 	1500.56
337	10    	1001.54	709.114 	1500.56
338	10    	1001.54	709.114 	1500.56
339	10    	1001.54	709.114 	1500.56
340	10    	1001.54	709.114 	1500.56
341	10    	1009.07	784.36  	1500.56
342	10    	1009.07	784.36  	1500.56
343	10    	1009.07	784.36  	1500.56
344	10    	1009.07	784.36  	1500.56
345	10    	1009.07	784.36  	1500.56
346	10    	1009.07	784.36  	1500.56
347	10    	1009.07	784.36  	1500.56
348	10    	1009.07	784.36  	1500.56
349	10    	1009.07	784.36  	1500.56
350	10    	1009.07	784.36  	1500.56