gen	nevals	avg    	min      	max    
0  	15    	159.562	-17.9266 	2245.82
1  	15    	848.873	-32.288  	5403.24
2  	15    	1540.28	-104.34  	5846.86
3  	15    	2434.47	-0.964844	5843.68
4  	15    	4743.9 	1516.19  	5845.16
5  	15    	4791.37	-14.4163 	5848.06
6  	15    	3888.92	1.85791  	5847.4 
7  	15    	5752.07	5381.82  	5845.25
8  	15    	5027.88	2249.58  	5846.5 
9  	15    	4239.23	-2437.73 	5844.84
10 	15    	4820.58	-5.34375 	5845.6 
11 	15    	4672.32	-12.8379 	5848.21
12 	15    	4840.16	-24.1577 	5846.61
13 	15    	4645.77	11.7175  	5846.7 
14 	15    	4302.6 	-0.997437	5844.12
15 	15    	4666.76	35.649   	5846.48
16 	15    	5164.85	-1376.43 	5848.43
17 	15    	5623.84	2633.42  	5846.71
18 	15    	5396.27	-7.57568 	5845.92
19 	15    	5201.04	103.265  	5845.48
20 	15    	5179.46	22.2098  	5846.97
21 	15    	5195.54	-2.23132 	5848.76
22 	15    	5212.69	2.52307  	5848.44
23 	15    	5811.07	5435.7   	5844.78
24 	15    	5254.77	120.726  	5846.17
25 	15    	5426.75	65.1089  	5846.28
26 	15    	5421.06	-1.91528 	5845.03
27 	15    	4814.93	-14.4358 	5843.77
28 	15    	5209.93	-5.02441 	5845.48
29 	15    	5284.43	1550.94  	5846.78
30 	15    	5425   	48.1903  	5846.8 
31 	15    	5576.69	2534.29  	5844.16
32 	15    	5574.95	2244.76  	5847.69
33 	15    	5061.92	2242.92  	5843.13
34 	15    	5813.1 	5430.57  	5848.33
35 	15    	5209.89	-11.1986 	5847.5 
36 	15    	5112.17	36.1776  	5845.77
37 	15    	5123.55	-9.58252 	5848.3 
38 	15    	4822.85	-10.1165 	5847.59
39 	15    	4521.31	76.7645  	5849.38
40 	15    	5838.24	5826.19  	5846.66
41 	15    	5182.99	16.1455  	5847.33
42 	15    	5214.85	46.9589  	5847.27
43 	15    	5154.52	-7.29712 	5846.52
44 	15    	5457.87	2622.03  	5847.37
45 	15    	5568.6 	2246.57  	5845.87
46 	15    	5256.28	-3.97046 	5844.42
47 	15    	5767.29	4832.03  	5846.6 
48 	15    	4450.89	35.9574  	5846.71
49 	15    	5055.28	199.368  	5846.42
50 	15    	5421.27	8.06128  	5843.63
51 	15    	5569.04	2649.4   	5845.91
52 	15    	5142.41	2244.51  	5844.85
53 	15    	5180.25	-13.9236 	5845.71
54 	15    	5598.07	2246.49  	5846.87
55 	15    	5779.66	5400.45  	5846.14
56 	15    	4217.26	-3.33838 	5847.47
57 	15    	5329.01	2177.22  	5847.48
58 	15    	4778.75	-8.01245 	5846.59
59 	15    	5057.06	-131.099 	5845.46
60 	15    	5754.01	5412.45  	5848.64
61 	15    	4777.71	57.4303  	5847.61
62 	15    	5423.54	2.74573  	5850.4 
63 	15    	5037.69	40.9901  	5857.56
64 	15    	4734   	33.5178  	5863.49
65 	15    	3712.02	39.3721  	5860.61
66 	15    	4795.83	-10.0804 	5862.63
67 	15    	5076.76	75.7106  	5864.08
68 	15    	5845.08	5824.92  	5862.27
69 	15    	5453.24	63.2428  	5844.28
70 	15    	5843.48	5827.79  	5856.32
71 	15    	5845.66	5825.93  	5862.15
72 	15    	4679.02	-2.94336 	5857.47
73 	15    	5848.14	5836.7   	5862.12
74 	15    	5459.72	49.0665  	5854   
75 	15    	5078.76	64.4133  	5860.28
76 	15    	5843.96	5826.26  	5863.11
77 	15    	5841.7 	5824.86  	5857.55
78 	15    	5847.95	5825.43  	5863.68
79 	15    	5841.47	5827.86  	5857.95
80 	15    	5470.53	231.721  	5864.34
81 	15    	5070.6 	11.111   	5862.55
82 	15    	3995.67	48.9948  	5847.07
83 	15    	5844.31	5825.7   	5858.99
84 	15    	5462.85	57.4514  	5862.52
85 	15    	5066.82	34.6504  	5863.43
86 	15    	4679.84	11.9352  	5861.26
87 	15    	5093.59	19.601   	5858.24
88 	15    	4729.8 	20.6108  	5860.93
89 	15    	5370.24	2215.1   	5861.62
90 	15    	4300.95	28.6509  	5857.4 
91 	15    	4306.69	-4.89075 	5862.85
92 	15    	5203.37	-83.5667 	5862.92
93 	15    	5460.71	60.6622  	5861.96
94 	15    	5079.27	60.8748  	5861.19
95 	15    	5845.31	5826.72  	5861.84
96 	15    	5843.16	5826.08  	5863.12
97 	15    	5067.86	-2.32153 	5855.28
98 	15    	5843.94	5829.4   	5860.92
99 	15    	4984.81	61.0439  	5862.21
100	15    	5457.1 	20.5737  	5862.05
101	15    	5842.14	5824.85  	5861.88
102	15    	5125.61	50.9019  	5861.67
103	15    	4685.82	3.43457  	5862.27
104	15    	4976.6 	-1340.2  	5861.34
105	15    	5455.7 	21.1339  	5858.7 
106	15    	4681.21	-5.49414 	5859.71
107	15    	5844.39	5826.76  	5856.55
108	15    	5848.17	5825.1   	5862.39
109	15    	5462.21	86.0188  	5857.79
110	15    	5071.42	64.9205  	5857.68
111	15    	5458.68	34.5901  	5859.14
112	15    	5458.28	-2.21021 	5864.86
113	15    	5455.48	-4.60486 	5861.43
114	15    	5453.85	-9.44238 	5862.88
115	15    	5073.02	17.1338  	5863.66
116	15    	5077.1 	62.7317  	5864.67
117	15    	5450.87	-3.32776 	5861.74
118	15    	5456.03	80.0261  	5858.26
119	15    	5222.37	-3507.68 	5859.39
120	15    	5069.24	18.5558  	5860.71
121	15    	5458.04	52.8815  	5857.13
122	15    	5461.9 	34.9492  	5860.51
123	15    	5455.78	31.4567  	5862.17
124	15    	5458.32	36.2681  	5860.85
125	15    	5456.08	-8.28113 	5862.45
126	15    	5076.07	29.1954  	5861.74
127	15    	4687.65	-9.27026 	5857.06
128	15    	4685.81	3.70801  	5861.72
129	15    	5843.31	5826.34  	5862.21
130	15    	5072.66	60.6639  	5862.61
131	15    	5841.7 	5828.64  	5856.3 
132	15    	5454.57	54.0035  	5860.96
133	15    	5072.54	27.1602  	5856.41
134	15    	4192.29	30.7424  	5856.68
135	15    	4687.84	53.4434  	5862.28
136	15    	4682.55	-21.2109 	5860.42
137	15    	5065.12	-21.9827 	5853.08
138	15    	5072.44	6.86304  	5860.46
139	15    	5451.54	9.3739   	5860.67
140	15    	4682.01	13.4683  	5860.66
141	15    	5846.95	5828.21  	5863.6 
142	15    	5754.78	4511.34  	5860.84
143	15    	5843.09	5826.98  	5862.05
144	15    	5069.24	40.0999  	5861.34
145	15    	4665.82	-126.255 	5858.15
146	15    	4691.91	49.3328  	5860.99
147	15    	5446.74	-137.845 	5863.17
148	15    	5071.49	63.074   	5857.56
149	15    	5452.86	8.9436   	5861.86
150	15    	4298.15	34.3269  	5855.13
151	15    	5627.71	2658.78  	5857.06
152	15    	5651.06	2953.32  	5856.4 
153	15    	4687.03	-7.75061 	5864.81
154	15    	4696.4 	37.959   	5862.38
155	15    	5839.58	5829.94  	5859.63
156	15    	5447.32	27.1724  	5855   
157	15    	5453.72	33.9344  	5851.8 
158	15    	5078.08	72.0785  	5862.53
159	15    	5455.82	1.54492  	5863.06
160	15    	5463.21	84.8191  	5860.59
161	15    	5846.29	5829.57  	5858.36
162	15    	4689.21	42.5094  	5862.21
163	15    	5071.82	67.9904  	5855.96
164	15    	5460.68	53.6907  	5862.02
165	15    	5847.75	5830.9   	5861.2 
166	15    	5457.18	65.5004  	5861.39
167	15    	5847.87	5825.25  	5858.62
168	15    	5459.15	19.4945  	5857.44
169	15    	5459.09	29.0848  	5860.51
170	15    	5065.16	-16.3875 	5857.41
171	15    	5460.16	47.6687  	5861.93
172	15    	5846.52	5826.6   	5860.88
173	15    	5456.36	-8.87732 	5860.87
174	15    	5461.18	91.6809  	5862.22
175	15    	5848.37	5830.84  	5859.54
176	15    	5454.54	-3.91187 	5854.08
177	15    	5455.92	60.1151  	5861.82
178	15    	5463.96	91.0492  	5861.09
179	15    	4686.47	19.5336  	5861.63
180	15    	5454.75	-0.428101	5860.13
181	15    	5069.7 	-20.3235 	5862.09
182	15    	5457.45	59.7667  	5855.36
183	15    	5843.72	5826.83  	5860.17
184	15    	5843.86	5824.8   	5855.12
185	15    	5427.88	-441.014 	5858.23
186	15    	5847.27	5827.92  	5860.7 
187	15    	5844.86	5828.32  	5864.83
188	15    	5459.61	2.08972  	5863.01
189	15    	5846.8 	5827.73  	5859.08
190	15    	5063.68	-36.9595 	5861.1 
191	15    	4682.5 	21.3013  	5859.96
192	15    	4679.43	0.362549 	5857.85
193	15    	5458.76	81.5056  	5862.5 
194	15    	5441.9 	-249.475 	5858.5 
195	15    	5458.16	76.4742  	5861.44
196	15    	5850.27	5826.23  	5863.98
197	15    	5458.56	-5.94629 	5858.5 
198	15    	5844.1 	5826.95  	5865.08
199	15    	5843.12	5825.61  	5858.27
200	15    	4798.74	56.2736  	5861.55
201	15    	5454.98	-17.8458 	5861.38
202	15    	5844.15	5828.08  	5862.33
203	15    	5075.1 	44.9139  	5859.07
204	15    	5454.19	2.28125  	5861   
205	15    	5458.93	26.2317  	5860.61
206	15    	5455.04	-4.82861 	5858.19
207	15    	5847.58	5827.73  	5860.61
208	15    	5842.35	5827.26  	5859.12
209	15    	5067.81	5.70947  	5856.62
210	15    	4387.96	-5.00293 	5856.78
211	15    	4684.23	14.8885  	5860.37
212	15    	5456.28	0.45813  	5861.97
213	15    	5460.48	32.6193  	5859.96
214	15    	5841.06	5824.69  	5861.37
215	15    	5464.49	106.681  	5857.8 
216	15    	5451.9 	-29.4935 	5856.06
217	15    	5459.01	78.001   	5854.53
218	15    	5075.95	6.81519  	5863.33
219	15    	5457.38	-3.80273 	5859.09
220	15    	5844.96	5826     	5859.26
221	15    	5838.81	5825.99  	5854.02
222	15    	5849.5 	5826.08  	5860.21
223	15    	5846.22	5824.91  	5862.68
224	15    	4433.62	14.9863  	5859.29
225	15    	4294.35	-7.4613  	5863.06
226	15    	5459.33	66.7233  	5861.08
227	15    	5844.24	5832.88  	5858.01
228	15    	5457.66	45.0316  	5858.17
229	15    	5842.29	5825.28  	5858.17
230	15    	4676.42	-17.8932 	5855.03
231	15    	5845.38	5826.47  	5860.93
232	15    	5459.1 	-3.91284 	5864.1 
233	15    	5456.84	8.0061   	5861.11
234	15    	5071.15	-13.416  	5858.05
235	15    	5207.28	-6.00549 	5858.62
236	15    	5721.41	3914.75  	5862.65
237	15    	5452.94	-20.5365 	5862.78
238	15    	4769.27	50.0568  	5860.53
239	15    	5076.48	40.135   	5862.86
240	15    	5070.77	-21.4436 	5861.68
241	15    	5073.3 	22.0327  	5861.93
242	15    	4246.74	55.6293  	5856.87
243	15    	5212.26	48.6162  	5861.02
244	15    	4681.8 	-4.2146  	5861.55
245	15    	5847.51	5825.03  	5862.29
246	15    	5851.4 	5835.26  	5860.56
247	15    	5845.95	5832.51  	5861.17
248	15    	5846.13	5825.49  	5861.29
249	15    	5208.06	-2.56042 	5858.95
250	15    	5077.63	45.0835  	5860.21
251	15    	5453.86	11.9197  	5861.38
252	15    	5077.24	-0.860474	5862.1 
253	15    	5074.92	47.7168  	5861.05
254	15    	5844.84	5824.81  	5856.81
255	15    	4296.93	-7.45654 	5860.75
256	15    	5851.28	5829.11  	5862.28
257	15    	5849.68	5833.04  	5861.32
258	15    	5813.98	5292.57  	5860.8 
259	15    	5066.16	-8.44434 	5858.28
260	15    	5845   	5825.44  	5861.33
261	15    	5069.77	5.98816  	5862.37
262	15    	5840.6 	5824.97  	5860.9 
263	15    	5847.82	5826.13  	5860.3 
264	15    	5459.79	80.5405  	5860.72
265	15    	5841.77	5824.67  	5863.05
266	15    	5846.2 	5826.32  	5862.48
267	15    	5844.97	5825.5   	5863.97
268	15    	5845.26	5825.2   	5858.96
269	15    	5076.56	58.9484  	5863.56
270	15    	5457.41	27.6339  	5857.46
271	15    	5847.96	5828.88  	5862.03
272	15    	5065.21	-3.08557 	5863.56
273	15    	5069.77	40.0731  	5855.92
274	15    	4447.43	13.2328  	5861.86
275	15    	5071.39	1.68945  	5864.87
276	15    	5069.04	27.3063  	5855.79
277	15    	5846.17	5827.06  	5856.74
278	15    	5199.97	10.793   	5859.67
279	15    	5462.17	50.8419  	5861.96
280	15    	5458.74	3.87671  	5857.59
281	15    	5851.7 	5835.64  	5863.83
282	15    	5561.56	1598.65  	5861.64
283	15    	5447.37	-148.182 	5863.02
284	15    	5464.61	78.3433  	5865.18
285	15    	5844.22	5824.93  	5858.18
286	15    	5465.03	68.8351  	5862.01
287	15    	4690.71	-5.84705 	5861.4 
288	15    	5849.52	5826.88  	5862.44
289	15    	5457.55	15.2466  	5860.73
290	15    	5457.03	0.882568 	5862.38
291	15    	5465.77	61.4076  	5862.14
292	15    	5077.28	2.44287  	5861.91
293	15    	5844.62	5826.06  	5858.19
294	15    	5844.23	5827.2   	5859.03
295	15    	5078.32	46.6901  	5860.99
296	15    	5067.16	-8.80237 	5859.87
297	15    	5220.7 	88.4841  	5859.65
298	15    	5845.1 	5827.79  	5859.85
299	15    	5443.34	2248.27  	5860.77
300	15    	5463.64	59.4939  	5863.5 
301	15    	5068.32	24.7538  	5858.93
302	15    	5090.56	41.0586  	5860.5 
303	15    	4847.12	-28.6301 	5856.06
304	15    	5458.07	45.826   	5857.06
305	15    	5846.31	5825.1   	5864.68
306	15    	5460.15	89.7217  	5862.61
307	15    	5060.34	-142.314 	5860   
308	15    	5452.91	-2.69165 	5859.5 
309	15    	5105.58	40.6606  	5855.48
310	15    	5460.89	66.1576  	5859.64
311	15    	5453.3 	16.7721  	5855.97
312	15    	4298.57	21.3929  	5862.12
313	15    	5069.69	-5.17041 	5857.74
314	15    	5537.35	1185.37  	5864.2 
315	15    	5845.6 	5828.61  	5855.18
316	15    	5064.88	16.3187  	5852.73
317	15    	5845.53	5826.62  	5861.68
318	15    	5072.39	31.0334  	5857.33
319	15    	5845.44	5824.69  	5861.13
320	15    	5463.23	46.2666  	5863.08
321	15    	5846.31	5827.18  	5862.58
322	15    	5459.75	-7.74353 	5861.52
323	15    	4679.52	-9.06262 	5860.08
324	15    	5841.25	5825.47  	5855.71
325	15    	5448.02	-71.3269 	5859.91
326	15    	5847.9 	5826.98  	5864.2 
327	15    	5462.11	100.522  	5860.7 
328	15    	5454.42	42.1188  	5859.39
329	15    	5847.88	5826.68  	5860.51
330	15    	5844.35	5827.54  	5861.18
331	15    	5844.79	5828.75  	5859.25
332	15    	5844.02	5825.77  	5861.09
333	15    	5072.7 	3.40784  	5863.45
334	15    	5072.43	-8.76013 	5862.9 
335	15    	5460.68	37.3795  	5861.44
336	15    	5459.44	4.82971  	5864.57
337	15    	5459.97	18.334   	5857.76
338	15    	5060.87	-24.2568 	5853.03
339	15    	5066.67	-79.2159 	5864.67
340	15    	5461.31	57.1825  	5862.52
341	15    	5245.49	24.55    	5863.82
342	15    	5173.15	-27.1866 	5864.26
343	15    	5067.68	38.3153  	5861.69
344	15    	5071.86	12.28    	5857.9 
345	15    	4672.29	1.97009  	5851.43
346	15    	5840.2 	5829.22  	5855.97
347	15    	4676.94	-115.202 	5860.21
348	15    	5453.92	45.91    	5860   
349	15    	4685.22	34.494   	5855.5 
350	15    	4670.5 	-6.21704 	5852.24
351	15    	5070.44	36.0475  	5860.96
352	15    	5456.02	45.288   	5863   
353	15    	5076.63	35.5012  	5860.18
354	15    	5846.31	5825.55  	5857.71
355	15    	5845.28	5825.15  	5860.55
356	15    	5066.84	21.7693  	5856.61
357	15    	5456.84	54.052   	5862.1 
358	15    	4678.02	-11.6794 	5864.05
359	15    	5839.2 	5824.6   	5860.34
360	15    	5845.86	5824.82  	5861.13
361	15    	5464.13	114.455  	5860.21
362	15    	5526.09	1052.64  	5860.88
363	15    	4914.57	81.2479  	5861.64
364	15    	4307.43	51.2258  	5857.3 
365	15    	5135.32	152.109  	5863.82
366	15    	5460.3 	45.806   	5863.23
367	15    	5065.98	-33.0498 	5861.77
368	15    	5845.15	5825.14  	5858.77
369	15    	5559.17	1516.97  	5861.3 
370	15    	5695.01	3534.66  	5861.89
371	15    	4684.5 	11.6387  	5860.9 
372	15    	5095.84	93.5018  	5857.57
373	15    	5460.17	45.5549  	5858.02
374	15    	5851.59	5829.61  	5859.77
375	15    	5848.24	5833.28  	5864.8 
376	15    	5067.66	12.4192  	5862.43
377	15    	5842.47	5827.44  	5860.51
378	15    	5842.51	5824.64  	5857.19
379	15    	5452.86	-2.43188 	5855.14
380	15    	5073.52	59.6711  	5862.44
381	15    	5072.87	23.8733  	5864.12
382	15    	5180.77	32.2424  	5861.65
383	15    	4685.27	48.6088  	5856.41
384	15    	3542.46	-3.92834 	5855.1 
385	15    	5101.6 	149.965  	5856.52
386	15    	5156.81	-1281.74 	5855.66
387	15    	5148.67	53.4635  	5856.48
388	15    	5020.92	-769.15  	5855.98
389	15    	5073.6 	26.1085  	5854.68
390	15    	5070.78	21.063   	5856.82
391	15    	5072.98	48.1166  	5857.69
392	15    	5463.27	36.968   	5855.46
393	15    	4683.65	-9.53357 	5854.01
394	15    	5458.32	22.8715  	5856.21
395	15    	5073.33	4.94312  	5854.91
396	15    	5850   	5825.88  	5857.09
397	15    	5459.79	-9.89587 	5856.95
398	15    	5458.88	66.0096  	5855   
399	15    	4681.11	-2.95044 	5855.45
400	15    	5461.09	-2.31348 	5856.06
401	15    	4767.39	38.7177  	5856.29
402	15    	5848.72	5824.72  	5855.84
403	15    	5847.17	5825.52  	5856.74
404	15    	5846.84	5825.28  	5855.34
405	15    	5066.04	3.33154  	5854.96
406	15    	5456.76	-4.85339 	5855.21
407	15    	5458.1 	48.2001  	5855.54
408	15    	5459.86	56.3085  	5855.57
409	15    	5461.16	34.0415  	5856.69
410	15    	5084.01	30.467   	5856.14
411	15    	5846.18	5824.71  	5856.68
412	15    	5462.63	3.59375  	5854.49
413	15    	5073.4 	-2.84607 	5855.65
414	15    	5848.2 	5825.23  	5855.48
415	15    	5213.42	5.89539  	5856.8 
416	15    	5848.9 	5826.08  	5856.53
417	15    	5464.45	75.6958  	5855.98
418	15    	5461.71	99.3857  	5856.71
419	15    	5459.78	13.7523  	5856.15
420	15    	5848.03	5826.36  	5854.15
421	15    	5458.77	49.5338  	5856.68
422	15    	5461.11	80.0885  	5856.31
423	15    	5459.39	61.3568  	5855.97
424	15    	5849.67	5825.06  	5856.42
425	15    	5464.55	41.071   	5855.67
426	15    	5069   	-10.1821 	5856.13
427	15    	5067.57	-5.70007 	5856   
428	15    	5459.55	40.4792  	5854.78
429	15    	5845.6 	5825.98  	5856.01
430	15    	5456.13	9.7135   	5856.23
431	15    	5848.41	5825.36  	5857.06
432	15    	5460.5 	3.02246  	5856.96
433	15    	5849.69	5825.38  	5856.5 
434	15    	5850.04	5825.54  	5856.63
435	15    	5458.86	29.1353  	5856.17
436	15    	4298.55	-59.6084 	5855.32
437	15    	4292.74	-3.69067 	5857.06
438	15    	5848.58	5827.13  	5854.42
439	15    	5077.07	49.2465  	5857.38
440	15    	5844.26	5825.48  	5855.07
441	15    	5075.37	25.9034  	5856.66
442	15    	5076.93	-7.02759 	5855.83
443	15    	5490.86	555.093  	5854.91
444	15    	5129.26	35.2495  	5855.69
445	15    	4683.98	1.15747  	5857.03
446	15    	5067.81	-5.63977 	5856.24
447	15    	5449.65	-103.623 	5857.19
448	15    	5464.03	59.8468  	5855.26
449	15    	5456.65	22.7898  	5856.4 
450	15    	5846.37	5825.1   	5856.42
451	15    	5460.2 	91.3406  	5857.12
452	15    	5071.51	0.122314 	5856.59
453	15    	5071.65	29.5228  	5855.13
454	15    	4832.69	47.8842  	5856.92
455	15    	5436.33	-293.599 	5854.62
456	15    	5083.57	0.716797 	5856.3 
457	15    	5462.24	96.5623  	5855.3 
458	15    	5459.27	-8.15259 	5856.67
459	15    	5845.56	5824.94  	5857   
460	15    	5455.53	19.6788  	5856.73
461	15    	5072.18	-3.22107 	5855.76
462	15    	5450.97	-103.569 	5854.8 
463	15    	5063.31	17.2751  	5855.76
464	15    	5070.07	-5.39368 	5856.09
465	15    	5456.6 	12.0258  	5855.65
466	15    	5613.07	2363.91  	5856.08
467	15    	5460.45	49.8044  	5855.52
468	15    	5849.53	5825.13  	5856.48
469	15    	5616.45	2331.37  	5856.03
470	15    	5458.14	15.6348  	5856.28