gen	nevals	avg      	min       	max     
0  	25    	0.0336875	0         	0.175781
1  	25    	0.0597188	0         	0.198437
2  	25    	0.092625 	0         	0.397656
3  	25    	0.15525  	0.003125  	0.505469
4  	25    	0.207687 	0         	0.45    
5  	25    	0.290469 	0         	0.549219
6  	25    	0.311938 	0.0976562 	0.505469
7  	25    	0.30125  	0         	0.580469
8  	25    	0.363688 	0.009375  	0.607812
9  	25    	0.418938 	0.00625   	0.651563
10 	25    	0.444469 	0         	0.6625  
11 	25    	0.45075  	0.303125  	0.653906
12 	25    	0.404719 	0.0289063 	0.677344
13 	25    	0.429219 	0.009375  	0.592969
14 	25    	0.418187 	0.0078125 	0.624219
15 	25    	0.450094 	0.034375  	0.763281
16 	25    	0.3945   	0.00546875	0.817969
17 	25    	0.491938 	0.367188  	0.675   
18 	25    	0.520344 	0.354687  	0.704688
19 	25    	0.531094 	0.342969  	0.739844
20 	25    	0.5315   	0.349219  	0.722656
21 	25    	0.523875 	0.135937  	0.746094
22 	25    	0.578375 	0.258594  	0.765625
23 	25    	0.535125 	0.13125   	0.694531
24 	25    	0.488094 	0.115625  	0.721094
25 	25    	0.513    	0.0140625 	0.734375
26 	25    	0.546469 	0.4       	0.760156
27 	25    	0.525906 	0.208594  	0.805469
28 	25    	0.540344 	0.196094  	0.710156
29 	25    	0.553531 	0.366406  	0.788281
30 	25    	0.56875  	0         	0.807813
31 	25    	0.540281 	0.134375  	0.763281
32 	25    	0.574313 	0.388281  	0.771875
33 	25    	0.571156 	0.344531  	0.750781
34 	25    	0.594094 	0.367188  	0.814844
35 	25    	0.55775  	0.360938  	0.752344
36 	25    	0.573281 	0.0148437 	0.780469
37 	25    	0.549812 	0.0960938 	0.757812
38 	25    	0.596844 	0.2875    	0.767188
39 	25    	0.593688 	0.3375    	0.846094
40 	25    	0.583187 	0.380469  	0.759375
41 	25    	0.595844 	0.360156  	0.871094
42 	25    	0.573906 	0.247656  	0.739844
43 	25    	0.585594 	0.44375   	0.8     
44 	25    	0.579656 	0.432031  	0.732031
45 	25    	0.600875 	0.39375   	0.84375 
46 	25    	0.567312 	0.0703125 	0.771875
47 	25    	0.617219 	0.324219  	0.828906
48 	25    	0.620844 	0.451562  	0.835938
49 	25    	0.589031 	0.389062  	0.817969
50 	25    	0.607719 	0.371094  	0.819531
51 	25    	0.614375 	0.392188  	0.851562
52 	25    	0.563281 	0.0664062 	0.810156
53 	25    	0.588969 	0.172656  	0.815625
54 	25    	0.562656 	0.0148437 	0.828125
55 	25    	0.533531 	0.0984375 	0.748437
56 	25    	0.59925  	0.353125  	0.83125 
57 	25    	0.550469 	0.24375   	0.744531
58 	25    	0.590313 	0.349219  	0.927344
59 	25    	0.543844 	0.185938  	0.749219
60 	25    	0.563594 	0.075     	0.748437
61 	25    	0.578969 	0.365625  	0.815625
62 	25    	0.596    	0.128125  	0.885938
63 	25    	0.56975  	0.1       	0.822656
64 	25    	0.598719 	0.0890625 	0.846094
65 	25    	0.608625 	0.29375   	0.840625
66 	25    	0.626906 	0.353125  	0.821094
67 	25    	0.595938 	0.348438  	0.825781
68 	25    	0.588406 	0.34375   	0.817187
69 	25    	0.567531 	0.228125  	0.767188
70 	25    	0.622031 	0.413281  	0.871875
71 	25    	0.597125 	0.164844  	0.771094
72 	25    	0.568531 	0.0617188 	0.709375
73 	25    	0.598062 	0.199219  	0.774219
74 	25    	0.564656 	0.0429688 	0.775781
75 	25    	0.592625 	0.35      	0.774219
76 	25    	0.617625 	0.161719  	0.808594
77 	25    	0.595188 	0.221094  	0.825   
78 	25    	0.655062 	0.480469  	0.880469
79 	25    	0.617    	0.0859375 	0.930469
80 	25    	0.5815   	0         	0.81875 
81 	25    	0.519594 	0.0890625 	0.788281
82 	25    	0.563562 	0.177344  	0.830469
83 	25    	0.566438 	0.0640625 	0.753125
84 	25    	0.610844 	0.0226562 	0.840625
85 	25    	0.612187 	0.374219  	0.8875  
86 	25    	0.573    	0.0929688 	0.789844
87 	25    	0.60125  	0.204687  	0.814844
88 	25    	0.600719 	0.416406  	0.915625
89 	25    	0.643531 	0.435937  	0.875   
90 	25    	0.582125 	0.282813  	0.766406
91 	25    	0.594031 	0.248438  	0.88125 
92 	25    	0.567469 	0.332813  	0.807031
93 	25    	0.615969 	0.430469  	0.830469
94 	25    	0.601719 	0.379688  	0.853906
95 	25    	0.567625 	0         	0.758594
96 	25    	0.568344 	0.269531  	0.70625 
97 	25    	0.639188 	0.419531  	0.775781
98 	25    	0.556063 	0.0976562 	0.766406
99 	25    	0.583469 	0.342187  	0.7375  
100	25    	0.595875 	0.397656  	0.735938
101	25    	0.605938 	0.110937  	0.822656
102	25    	0.603281 	0.417187  	0.921094
103	25    	0.60425  	0.447656  	0.917188
104	25    	0.550719 	0.0703125 	0.71875 
105	25    	0.564781 	0.0609375 	0.804688
106	25    	0.602969 	0.430469  	0.838281
107	25    	0.659313 	0.423438  	0.842969
108	25    	0.629563 	0.374219  	0.864844
109	25    	0.621031 	0.0273438 	0.789062
110	25    	0.603031 	0.427344  	0.790625
111	25    	0.633781 	0.0515625 	0.859375
112	25    	0.595281 	0.059375  	0.771094
113	25    	0.589187 	0.182031  	0.771875
114	25    	0.587125 	0.358594  	0.725781
115	25    	0.620625 	0.4375    	0.79375 
116	25    	0.584063 	0.435156  	0.899219
117	25    	0.543187 	0.184375  	0.747656
118	25    	0.579531 	0         	0.892188
119	25    	0.608875 	0.336719  	0.791406
120	25    	0.617625 	0.191406  	0.867969
121	25    	0.570281 	0.277344  	0.8     
122	25    	0.606812 	0.367969  	0.933594
123	25    	0.610687 	0.347656  	0.777344
124	25    	0.566531 	0.344531  	0.749219
125	25    	0.622687 	0.414062  	0.833594
126	25    	0.590062 	0.35625   	0.810937
127	25    	0.630938 	0         	0.874219
128	25    	0.636062 	0.479687  	0.764844
129	25    	0.612937 	0.0867187 	0.825781
130	25    	0.569875 	0.282813  	0.783594
131	25    	0.589313 	0.4       	0.852344
132	25    	0.547625 	0         	0.751563
133	25    	0.591531 	0.384375  	0.785156
134	25    	0.549781 	0.321875  	0.700781
135	25    	0.587031 	0.385156  	0.747656
136	25    	0.597562 	0.358594  	0.792188
137	25    	0.591875 	0.408594  	0.939844
138	25    	0.610219 	0.4       	0.836719
139	25    	0.612469 	0.402344  	0.786719
140	25    	0.568375 	0.400781  	0.788281
141	25    	0.569    	0.0367188 	0.842187
142	25    	0.598531 	0.449219  	0.757812
143	25    	0.573562 	0.197656  	0.7625  
144	25    	0.640781 	0.472656  	0.892969
145	25    	0.602438 	0.3625    	0.834375
146	25    	0.579375 	0.416406  	0.800781
147	25    	0.593688 	0.407031  	0.788281
148	25    	0.542188 	0.0601563 	0.96875 
149	25    	0.623844 	0.41875   	0.814844
150	25    	0.625812 	0.410938  	0.9625  
151	25    	0.609688 	0.034375  	0.807031
152	25    	0.575125 	0.129688  	0.819531
153	25    	0.626281 	0.466406  	0.811719
154	25    	0.598594 	0.38125   	0.791406
155	25    	0.573906 	0.359375  	0.776563
156	25    	0.568375 	0.0804688 	0.766406
157	25    	0.593594 	0.420312  	0.739062
158	25    	0.614688 	0.398438  	0.876563
159	25    	0.569594 	0.113281  	0.774219
160	25    	0.5725   	0.090625  	0.825781
161	25    	0.636156 	0.367969  	0.850781
162	25    	0.607187 	0.41875   	0.863281
163	25    	0.651219 	0.510938  	0.85    
164	25    	0.5735   	0.084375  	0.796875
165	25    	0.558969 	0.353125  	0.680469
166	25    	0.616656 	0.399219  	0.878906
167	25    	0.593688 	0.425781  	0.847656
168	25    	0.562406 	0         	0.85625 
169	25    	0.596875 	0.40625   	0.800781
170	25    	0.578812 	0.157031  	0.834375
171	25    	0.593875 	0.330469  	0.885938
172	25    	0.598031 	0.40625   	0.777344
173	25    	0.57175  	0.309375  	0.764062
174	25    	0.573906 	0.371094  	0.746094
175	25    	0.571906 	0.477344  	0.714063
176	25    	0.603687 	0.361719  	0.855469
177	25    	0.569594 	0.0820312 	0.81875 
178	25    	0.598281 	0.463281  	0.751563
179	25    	0.631438 	0.450781  	0.814063
180	25    	0.608656 	0.382031  	0.825781
181	25    	0.622219 	0.438281  	0.817969
182	25    	0.616406 	0.413281  	0.832031
183	25    	0.637469 	0.367188  	0.853906
184	25    	0.616313 	0.426563  	0.810937
185	25    	0.615438 	0.422656  	0.926562
186	25    	0.583187 	0.357812  	0.797656
187	25    	0.570844 	0.009375  	0.796094
188	25    	0.615875 	0.413281  	0.870313
189	25    	0.58025  	0.06875   	0.972656
190	25    	0.572156 	0.349219  	0.717969
191	25    	0.566719 	0.280469  	0.789062
192	25    	0.596437 	0.295312  	0.879687
193	25    	0.621344 	0.332813  	0.758594
194	25    	0.565781 	0.167969  	0.800781
195	25    	0.611594 	0.354687  	0.817969
196	25    	0.622219 	0.448437  	0.790625
197	25    	0.601125 	0.446094  	0.871875
198	25    	0.610281 	0.427344  	0.791406
199	25    	0.626969 	0.435937  	0.916406
200	25    	0.610469 	0.4125    	0.917969
201	25    	0.63525  	0.453906  	0.814063
202	25    	0.567031 	0         	0.780469
203	25    	0.578281 	0.0242188 	0.797656
204	25    	0.624563 	0.400781  	0.800781
205	25    	0.600406 	0.392188  	0.871875
206	25    	0.582594 	0.408594  	0.810937
207	25    	0.587375 	0.388281  	0.825   
208	25    	0.568312 	0.403906  	0.770312
209	25    	0.5985   	0.460156  	0.786719
210	25    	0.591687 	0.408594  	0.734375
211	25    	0.560063 	0.314844  	0.708594
212	25    	0.584406 	0.0078125 	0.884375
213	25    	0.579875 	0.359375  	0.828125
214	25    	0.627375 	0.345313  	0.848437
215	25    	0.584781 	0.199219  	0.785156
216	25    	0.581875 	0.394531  	0.727344
217	25    	0.584594 	0.453906  	0.767969
218	25    	0.565781 	0.00390625	0.792188
219	25    	0.574594 	0.392969  	0.763281
220	25    	0.592594 	0.246094  	0.84375 
221	25    	0.619125 	0.465625  	0.81875 
222	25    	0.616125 	0.196094  	0.800781
223	25    	0.625    	0         	0.771094
224	25    	0.597562 	0.00546875	0.859375
225	25    	0.576219 	0.0078125 	0.798438
226	25    	0.659031 	0.426563  	0.905469
227	25    	0.665219 	0.46875   	0.905469
228	25    	0.614406 	0.339062  	0.857031
229	25    	0.55275  	0.009375  	0.75    
230	25    	0.565687 	0         	0.798438
231	25    	0.604    	0.424219  	0.7625  
232	25    	0.573125 	0.0210938 	0.771094
233	25    	0.581656 	0.402344  	0.75    
234	25    	0.58875  	0.403906  	0.771094
235	25    	0.577    	0.371094  	0.844531
236	25    	0.554344 	0.0359375 	0.821094
237	25    	0.642844 	0.467969  	0.844531
238	25    	0.593    	0         	0.839844
239	25    	0.567094 	0         	0.789062
240	25    	0.603344 	0.199219  	0.83125 
241	25    	0.582281 	0.009375  	0.821875
242	25    	0.562531 	0.0875    	0.851562
243	25    	0.611187 	0.326562  	0.783594
244	25    	0.587469 	0.146094  	0.797656
245	25    	0.596594 	0.378125  	0.7875  
246	25    	0.495094 	0.009375  	0.732812
247	25    	0.593063 	0         	0.803906
248	25    	0.581625 	0.407031  	0.784375
249	25    	0.543156 	0         	0.773438
250	25    	0.5855   	0.25625   	0.786719
251	25    	0.475406 	0         	0.803906
252	25    	0.524937 	0         	0.728125
253	25    	0.592    	0         	0.867188
254	25    	0.614156 	0.396875  	0.779687
255	25    	0.579844 	0.346875  	0.785156
256	25    	0.60625  	0.433594  	0.770312
257	25    	0.596094 	0.34375   	0.942187
258	25    	0.514062 	0         	0.765625
259	25    	0.641062 	0.458594  	0.911719
260	25    	0.607094 	0.00703125	0.800781
261	25    	0.63675  	0.444531  	0.86875 
262	25    	0.634375 	0.407813  	0.820312
263	25    	0.578719 	0         	0.780469
264	25    	0.596969 	0         	0.857031
265	25    	0.635156 	0.403125  	0.971094
266	25    	0.601812 	0.255469  	0.932031
267	25    	0.581937 	0         	0.814844
268	25    	0.601187 	0.472656  	0.857031
269	25    	0.574625 	0.366406  	0.7875  
270	25    	0.589719 	0.454688  	0.764844
271	25    	0.582656 	0.08125   	0.922656
272	25    	0.569438 	0.0664062 	0.70625 
273	25    	0.517188 	0.0625    	0.757812
274	25    	0.592844 	0.0625    	0.775781
275	25    	0.603406 	0.382812  	0.84375 
276	25    	0.597375 	0.404687  	0.8     
277	25    	0.586188 	0.0273438 	0.8     
278	25    	0.606344 	0.210938  	0.88125 
279	25    	0.547063 	0.0125    	0.766406
280	25    	0.601781 	0.464844  	0.835156
281	25    	0.580031 	0.0320312 	0.73125 
282	25    	0.608344 	0.45625   	0.796875
283	25    	0.607031 	0.396875  	0.85    
284	25    	0.505719 	0         	0.832031
285	25    	0.527906 	0.05      	0.717969
286	25    	0.493219 	0         	0.810937
287	25    	0.573594 	0.347656  	0.832812
288	25    	0.587281 	0.436719  	0.760938
289	25    	0.600094 	0.411719  	0.83125 
290	25    	0.553156 	0.0484375 	0.723437
291	25    	0.582781 	0.251563  	0.76875 
292	25    	0.622344 	0.433594  	0.909375
293	25    	0.585406 	0.129688  	0.838281
294	25    	0.611719 	0.392188  	0.867969
295	25    	0.569875 	0.142969  	0.7875  
296	25    	0.589719 	0         	0.840625
297	25    	0.606469 	0.41875   	0.782031
298	25    	0.578344 	0.0523438 	0.822656
299	25    	0.539906 	0.00234375	0.775781
300	25    	0.5745   	0.435156  	0.859375
301	25    	0.586531 	0.419531  	0.757031
302	25    	0.625094 	0.378125  	0.833594
303	25    	0.61925  	0.3375    	0.884375
304	25    	0.577344 	0.428125  	0.736719
305	25    	0.571313 	0.392969  	0.717969
306	25    	0.612969 	0.478125  	0.833594
307	25    	0.559906 	0.219531  	0.739062
308	25    	0.574469 	0.0515625 	0.866406
309	25    	0.686344 	0.475     	0.963281
310	25    	0.580969 	0.071875  	0.840625
311	25    	0.614156 	0.391406  	0.796875
312	25    	0.588094 	0.389062  	0.852344
313	25    	0.584063 	0.242188  	0.765625
314	25    	0.584906 	0.411719  	0.821094
315	25    	0.55875  	0.294531  	0.790625
316	25    	0.601469 	0.0898438 	0.914062
317	25    	0.583813 	0.432812  	0.864844
318	25    	0.607406 	0.446094  	0.883594
319	25    	0.615187 	0.427344  	0.832031
320	25    	0.631906 	0.371875  	0.750781
321	25    	0.626594 	0.259375  	0.840625
322	25    	0.624062 	0.410156  	0.817969
323	25    	0.589719 	0         	0.811719
324	25    	0.598531 	0.0234375 	0.827344
325	25    	0.631781 	0         	0.849219
326	25    	0.627469 	0.476562  	0.849219
327	25    	0.594313 	0         	0.877344
328	25    	0.616531 	0.201563  	0.830469
329	25    	0.640625 	0.425781  	0.915625
330	25    	0.583094 	0         	0.803125
331	25    	0.549656 	0.0898438 	0.864062
332	25    	0.531687 	0         	0.817187
333	25    	0.595281 	0.41875   	0.910937
334	25    	0.62475  	0.489063  	0.797656
335	25    	0.598719 	0.0359375 	0.821094
336	25    	0.564125 	0.321875  	0.857812
337	25    	0.56375  	0         	0.834375
338	25    	0.533375 	0         	0.908594
339	25    	0.600063 	0.285938  	0.800781
340	25    	0.597312 	0.457813  	0.859375
341	25    	0.561406 	0         	0.775781
342	25    	0.612562 	0.371094  	0.817969
343	25    	0.591406 	0.0140625 	0.767969
344	25    	0.544656 	0         	0.860938
345	25    	0.591656 	0.299219  	0.803906
346	25    	0.5245   	0         	0.820312
347	25    	0.544437 	0         	0.85    
348	25    	0.607937 	0.0679687 	0.825   
349	25    	0.644906 	0.451562  	0.827344
350	25    	0.620031 	0         	0.974219
351	25    	0.629687 	0.461719  	0.825781
352	25    	0.600156 	0         	0.789844
353	25    	0.561344 	0         	0.80625 
354	25    	0.619469 	0.366406  	0.859375
355	25    	0.55225  	0         	0.827344
356	25    	0.573313 	0         	0.839063
357	25    	0.548625 	0.0179687 	0.759375
358	25    	0.619594 	0.101562  	0.844531
359	25    	0.590063 	0         	0.864844
360	25    	0.635188 	0.438281  	0.883594
361	25    	0.517875 	0         	0.757812
362	25    	0.635062 	0.423438  	0.896875
363	25    	0.623031 	0.464844  	0.828125
364	25    	0.56375  	0.071875  	0.757812
365	25    	0.590438 	0.245312  	0.901563
366	25    	0.601938 	0.0460938 	0.774219
367	25    	0.554844 	0.0796875 	0.775   
368	25    	0.577625 	0.432031  	0.833594
369	25    	0.574562 	0         	0.746875
370	25    	0.604219 	0.448437  	0.810156
371	25    	0.615719 	0.354687  	0.798438
372	25    	0.599594 	0.390625  	0.772656
373	25    	0.586906 	0.245312  	0.807031
374	25    	0.584188 	0.040625  	0.829688
375	25    	0.638625 	0.442188  	0.925781
376	25    	0.589031 	0.0125    	0.798438
377	25    	0.620281 	0.448437  	0.798438
378	25    	0.575375 	0         	0.767188
379	25    	0.613906 	0.354687  	0.775781
380	25    	0.606375 	0.319531  	0.798438
381	25    	0.64225  	0.544531  	0.763281
382	25    	0.660656 	0.269531  	0.920312
383	25    	0.628063 	0.407813  	0.802344
384	25    	0.604    	0.43125   	0.865625
385	25    	0.631875 	0.486719  	0.85625 
386	25    	0.617906 	0.442969  	0.766406
387	25    	0.6105   	0.407813  	0.86875 
388	25    	0.601781 	0.441406  	0.878906
389	25    	0.611094 	0.154688  	0.911719
390	25    	0.580063 	0.0203125 	0.788281
391	25    	0.628375 	0.416406  	0.917188
392	25    	0.610031 	0         	0.814844
393	25    	0.600563 	0.4       	0.771875
394	25    	0.635125 	0.403125  	0.84375 
395	25    	0.613687 	0.336719  	0.849219
396	25    	0.517313 	0         	0.766406
397	25    	0.521    	0         	0.763281
398	25    	0.57125  	0         	0.772656
399	25    	0.558188 	0.146094  	0.71875 
400	25    	0.572281 	0.00390625	0.736719
401	25    	0.591094 	0.315625  	0.803906
402	25    	0.564094 	0.0242188 	0.782031
403	25    	0.615031 	0.441406  	0.799219
404	25    	0.549469 	0         	0.803125
405	25    	0.573125 	0.328125  	0.857812
406	25    	0.555438 	0         	0.866406
407	25    	0.6045   	0.435937  	0.760156
408	25    	0.590344 	0         	0.9125  
409	25    	0.613531 	0.410938  	0.810937
410	25    	0.528813 	0.009375  	0.866406
411	25    	0.561469 	0         	0.760938
412	25    	0.572469 	0.0882813 	0.807031
413	25    	0.553781 	0         	0.777344
414	25    	0.539594 	0.328125  	0.741406
415	25    	0.615219 	0.43125   	0.8     
416	25    	0.583625 	0.034375  	0.866406
417	25    	0.559375 	0         	0.689844
418	25    	0.630969 	0.403906  	0.815625
419	25    	0.607844 	0         	0.8125  
420	25    	0.590563 	0         	0.734375
421	25    	0.601344 	0         	0.889062
422	25    	0.643281 	0.422656  	0.854688
423	25    	0.598906 	0.442969  	0.764844
424	25    	0.61125  	0.383594  	0.777344
425	25    	0.594219 	0.317969  	0.816406
426	25    	0.593656 	0.239063  	0.885156
427	25    	0.573063 	0.383594  	0.785156
428	25    	0.591094 	0.214062  	0.801562
429	25    	0.612563 	0.360938  	0.761719
430	25    	0.582375 	0.151562  	0.827344
431	25    	0.604594 	0.386719  	0.880469
432	25    	0.597125 	0.357812  	0.776563
433	25    	0.598813 	0.3       	0.852344
434	25    	0.603469 	0.401562  	0.878906
435	25    	0.615063 	0.407813  	0.807813
436	25    	0.637469 	0.439063  	0.832812
437	25    	0.636719 	0.430469  	0.861719
438	25    	0.564    	0.0625    	0.724219
439	25    	0.566187 	0.275781  	0.725   
440	25    	0.563625 	0.401562  	0.728906
441	25    	0.62375  	0.215625  	0.845313
442	25    	0.587906 	0.326562  	0.832031
443	25    	0.623812 	0.33125   	0.857031
444	25    	0.592188 	0.221875  	0.789844
445	25    	0.552656 	0.164844  	0.767969
446	25    	0.548344 	0         	0.75625 
447	25    	0.581969 	0.382031  	0.725781
448	25    	0.603844 	0.173437  	0.830469
449	25    	0.581469 	0         	0.860156
450	25    	0.615438 	0.421094  	0.852344
451	25    	0.609313 	0.414062  	0.760156
452	25    	0.560031 	0         	0.85    
453	25    	0.606469 	0.207031  	0.796875
454	25    	0.562375 	0.442969  	0.705469
455	25    	0.562844 	0.388281  	0.717969
456	25    	0.578063 	0         	0.792969
457	25    	0.575313 	0.397656  	0.885938
458	25    	0.613063 	0.448437  	0.788281
459	25    	0.605125 	0.452344  	0.832812
460	25    	0.592031 	0         	0.807031
461	25    	0.630625 	0.132031  	0.8875  
462	25    	0.592688 	0.396094  	0.785156
463	25    	0.620188 	0.392969  	0.828125
464	25    	0.595156 	0.389844  	0.792969
465	25    	0.624281 	0.464062  	0.772656
466	25    	0.591906 	0.367188  	0.708594
467	25    	0.627094 	0.452344  	0.790625
468	25    	0.587781 	0.480469  	0.845313
469	25    	0.5475   	0.0289063 	0.817187
470	25    	0.547438 	0         	0.796094
471	25    	0.580469 	0.389062  	0.704688
472	25    	0.593625 	0.360156  	0.920312
473	25    	0.587094 	0         	0.857031
474	25    	0.600281 	0.401562  	0.814844
475	25    	0.572438 	0.0890625 	0.754687
476	25    	0.607281 	0.449219  	0.83125 
477	25    	0.579844 	0.370312  	0.736719
478	25    	0.555406 	0         	0.869531
479	25    	0.601562 	0.364063  	0.866406
480	25    	0.560812 	0.382812  	0.810156
481	25    	0.54425  	0.397656  	0.70625 
482	25    	0.622469 	0.432812  	0.91875 
483	25    	0.636062 	0.497656  	0.900781
484	25    	0.611844 	0.420312  	0.771094
485	25    	0.593844 	0.402344  	0.817969
486	25    	0.587219 	0.373437  	0.833594
487	25    	0.572281 	0.452344  	0.829688
488	25    	0.613844 	0.415625  	0.729688
489	25    	0.600031 	0.188281  	0.807813
490	25    	0.594469 	0.3375    	0.83125 
491	25    	0.624094 	0.460938  	0.786719
492	25    	0.611938 	0.486719  	0.857812
493	25    	0.584688 	0.347656  	0.789062
494	25    	0.597719 	0.463281  	0.829688
495	25    	0.622969 	0.43125   	0.921875
496	25    	0.607469 	0.439844  	0.85625 
497	25    	0.613656 	0.446094  	0.867969
498	25    	0.643688 	0.417969  	0.913281
499	25    	0.592125 	0         	0.738281
500	25    	0.586937 	0.399219  	0.755469