gen	nevals	avg      	min        	max     
0  	10    	0.0253465	-0.170487  	0.503038
1  	10    	0.455586 	-1.15353   	5.42947 
2  	10    	2.13639  	-0.00551304	7.74241 
3  	10    	3.75419  	0.0386388  	10.5717 
4  	10    	5.66342  	0.850358   	11.2198 
5  	10    	8.15618  	3.54952    	10.6339 
6  	10    	9.58192  	8.21467    	11.6098 
7  	10    	8.30952  	0.765191   	11.1111 
8  	10    	8.95527  	0.199481   	11.2311 
9  	10    	7.73762  	0.046472   	11.7335 
10 	10    	8.60342  	0.229863   	11.1322 
11 	10    	9.06692  	-0.00254848	11.5778 
12 	10    	9.91775  	8.41215    	11.1722 
13 	10    	8.97017  	7.26521    	11.0841 
14 	10    	8.11248  	1.47348    	11.257  
15 	10    	9.99856  	8.31126    	11.1555 
16 	10    	8.60421  	0.472354   	10.9799 
17 	10    	8.89506  	7.86842    	9.3115  
18 	10    	9.47088  	8.16237    	11.3836 
19 	10    	7.73817  	0.180081   	10.9713 
20 	10    	8.74634  	1.71242    	11.2828 
21 	10    	8.05086  	2.36893    	11.2774 
22 	10    	10.1059  	8.47949    	11.4718 
23 	10    	9.2794   	-0.00627908	11.1696 
24 	10    	9.32797  	2.79441    	11.1331 
25 	10    	9.04818  	0.391113   	11.0734 
26 	10    	9.15516  	1.13751    	12.8162 
27 	10    	11.1793  	8.27945    	12.9945 
28 	10    	11.1632  	1.92119    	14.5535 
29 	10    	12.0826  	7.38735    	14.4397 
30 	10    	10.8057  	1.91918    	14.4371 
31 	10    	8.95505  	2.36504    	14.5708 
32 	10    	9.50551  	5.31641    	14.5799 
33 	10    	9.35823  	2.19542    	14.4397 
34 	10    	10.9992  	3.22459    	14.44   
35 	10    	12.5852  	6.82957    	14.597  
36 	10    	14.4644  	14.3698    	14.7529 
37 	10    	14.4327  	14.3096    	14.5419 
38 	10    	14.475   	14.4054    	14.5848 
39 	10    	13.1652  	2.2161     	14.4823 
40 	10    	13.1292  	1.74878    	14.4917 
41 	10    	11.4986  	2.21164    	14.5708 
42 	10    	13.3174  	3.23183    	14.5926 
43 	10    	14.3753  	14.1415    	14.5035 
44 	10    	14.4395  	14.3153    	14.5778 
45 	10    	13.433   	4.5425     	14.543  
46 	10    	13.9422  	9.20452    	14.6027 
47 	10    	12.977   	0.450777   	14.5987 
48 	10    	12.1766  	3.15589    	14.6082 
49 	10    	13.8123  	7.91836    	14.6708 
50 	10    	13.4055  	3.64646    	14.6575 
51 	10    	13.54    	5.49926    	14.6192 
52 	10    	14.4036  	14.2719    	14.4664 
53 	10    	14.4581  	14.3704    	14.5511 
54 	10    	13.5652  	5.92774    	14.6023 
55 	10    	14.4101  	14.0615    	14.5781 
56 	10    	14.4473  	14.3734    	14.529  
57 	10    	12.7614  	3.37558    	14.5214 
58 	10    	13.4428  	4.79804    	14.4656 
59 	10    	13.988   	9.732      	14.6246 
60 	10    	13.4759  	4.90968    	14.4797 
61 	10    	14.4075  	14.2627    	14.4702 
62 	10    	14.4117  	14.3127    	14.4975 
63 	10    	13.1748  	1.95693    	14.4888 
64 	10    	13.564   	5.82328    	14.4816 
65 	10    	14.453   	14.3693    	14.5427 
66 	10    	14.4325  	14.3738    	14.4728 
67 	10    	13.4773  	4.96241    	14.4982 
68 	10    	14.4277  	14.2454    	14.5729 
69 	10    	14.4112  	14.169     	14.5381 
70 	10    	13.5571  	5.65624    	14.6082 
71 	10    	14.0342  	10.0737    	14.6289 
72 	10    	14.4459  	14.3272    	14.5216 
73 	10    	14.3942  	14.2132    	14.5612 
74 	10    	13.378   	4.16621    	14.5221 
75 	10    	13.3334  	3.43186    	14.5399 
76 	10    	13.1626  	1.8543     	14.4465 
77 	10    	14.4358  	14.1927    	14.5227 
78 	10    	12.5372  	4.66709    	14.4887 
79 	10    	14.4341  	14.3157    	14.4829 
80 	10    	14.4168  	14.3455    	14.4729 
81 	10    	12.0299  	2.17525    	14.4817 
82 	10    	14.4086  	14.1141    	14.5095 
83 	10    	13.4788  	5.01261    	14.479  
84 	10    	14.4362  	14.2454    	14.6266 
85 	10    	13.0831  	1.5567     	14.5621 
86 	10    	13.0037  	0.366379   	14.4995 
87 	10    	13.0679  	0.954071   	14.5713 
88 	10    	12.198   	3.02591    	14.487  
89 	10    	14.4148  	14.3008    	14.5609 
90 	10    	14.4944  	14.2782    	14.7637 
91 	10    	13.6044  	6.05091    	14.6688 
92 	10    	13.0806  	1.03966    	14.5484 
93 	10    	13.0032  	0.374225   	14.4926 
94 	10    	14.4358  	14.3041    	14.631  
95 	10    	13.6907  	7.03343    	14.635  
96 	10    	13.2567  	2.39881    	14.5327 
97 	10    	13.2169  	2.25287    	14.6115 
98 	10    	12.6472  	4.92163    	14.4651 
99 	10    	14.4372  	14.237     	14.6147 
100	10    	13.9279  	9.26861    	14.6694 
101	10    	14.4232  	14.2911    	14.5641 
102	10    	14.4057  	14.3011    	14.5495 
103	10    	14.4507  	14.3221    	14.5633 
104	10    	12.149   	1.03059    	14.55   
105	10    	13.8671  	8.67315    	14.5615 
106	10    	13.3903  	4.08502    	14.5363 
107	10    	14.4031  	13.7734    	14.699  
108	10    	14.433   	14.178     	14.6663 
109	10    	11.7663  	0.200012   	14.5994 
110	10    	14.4087  	14.2034    	14.5417 
111	10    	14.4482  	14.2915    	14.6982 
112	10    	12.6798  	2.05833    	14.5427 
113	10    	13.9326  	9.21938    	14.6046 
114	10    	12.9848  	-0.0294806 	14.571  
115	10    	13.353   	4.36991    	14.6223 
116	10    	14.4836  	14.1922    	14.7302 
117	10    	13.3385  	7.67016    	14.6044 
118	10    	13.4996  	5.17909    	14.583  
119	10    	11.5888  	-0.0141408 	14.6205 
120	10    	14.4643  	14.3483    	14.6393 
121	10    	13.2781  	2.79654    	14.6035 
122	10    	13.6483  	6.27201    	14.6609 
123	10    	14.4317  	14.2242    	14.5464 
124	10    	14.3756  	14.2105    	14.4562 
125	10    	14.4487  	14.3971    	14.5329 
126	10    	14.4127  	14.2188    	14.5018 
127	10    	14.407   	14.3036    	14.4645 
128	10    	14.3954  	14.3019    	14.5022 
129	10    	13.9319  	9.42295    	14.4943 
130	10    	11.9997  	0.00107544 	14.4809 
131	10    	12.1136  	0.500859   	14.4484 
132	10    	14.462   	14.3694    	14.6012 
133	10    	14.3871  	14.2096    	14.4401 
134	10    	13.0709  	0.740485   	14.5732 
135	10    	12.9834  	0.246433   	14.4503 
136	10    	14.4405  	14.3979    	14.5302 
137	10    	14.4347  	14.3811    	14.5056 
138	10    	12.0015  	2.0575     	14.4948 
139	10    	14.3843  	14.1441    	14.4458 
140	10    	12.7522  	3.34784    	14.4399 
141	10    	14.4527  	14.3788    	14.5279 
142	10    	14.398   	14.2986    	14.4576 
143	10    	14.4407  	14.2523    	14.6628 
144	10    	13.2103  	2.40131    	14.518  
145	10    	13.1537  	2.33957    	14.518  
146	10    	14.3801  	14.1616    	14.5266 
147	10    	12.4341  	3.17698    	14.5867 
148	10    	13.2943  	3.40976    	14.4599 
149	10    	11.8573  	0.997996   	14.556  
150	10    	14.4801  	14.3883    	14.5984 
151	10    	14.4412  	14.2896    	14.5679 
152	10    	14.4544  	14.3093    	14.6742 
153	10    	14.4242  	14.3514    	14.6011 
154	10    	11.8112  	1.2646     	14.7014 
155	10    	11.4858  	0.908546   	14.5787 
156	10    	14.3928  	14.208     	14.5409 
157	10    	14.4275  	14.2185    	14.6044 
158	10    	11.7262  	0.258928   	14.4613 
159	10    	14.4095  	14.1634    	14.5299 
160	10    	13.2453  	2.53602    	14.5369 
161	10    	14.392   	14.2336    	14.5201 
162	10    	11.8839  	0.00498246 	14.6735 
163	10    	13.1847  	1.94129    	14.4588 
164	10    	11.9805  	1.36271    	14.5302 
165	10    	14.4253  	14.3561    	14.5233 
166	10    	14.3998  	14.1242    	14.5159 
167	10    	13.4923  	4.665      	14.5605 
168	10    	13.3868  	3.65025    	14.5813 
169	10    	13.389   	3.94041    	14.6107 
170	10    	14.3843  	14.2708    	14.5083 
171	10    	12.483   	2.41595    	14.6342 
172	10    	14.4274  	14.286     	14.6808 
173	10    	14.409   	14.2608    	14.6025 
174	10    	12.9506  	-0.278833  	14.4997 
175	10    	14.4415  	14.3641    	14.5443 
176	10    	14.4148  	14.2355    	14.5589 
177	10    	14.3651  	14.089     	14.5571 
178	10    	14.3511  	14.188     	14.4884 
179	10    	14.4255  	14.1827    	14.5642 
180	10    	14.4486  	14.3692    	14.5729 
181	10    	14.4397  	14.3027    	14.5427 
182	10    	14.4036  	14.3395    	14.478  
183	10    	14.4072  	14.3692    	14.4406 
184	10    	13.1201  	1.64781    	14.4397 
185	10    	14.3894  	13.8574    	14.4902 
186	10    	13.2716  	2.6746     	14.558  
187	10    	14.4466  	14.339     	14.5366 
188	10    	14.4904  	14.4464    	14.6183 
189	10    	13.651   	6.37962    	14.5738 
190	10    	12.1308  	2.8825     	14.5592 
191	10    	14.4425  	14.3647    	14.565  
192	10    	14.426   	14.1038    	14.6174 
193	10    	10.8775  	0.0482351  	14.5382 
194	10    	13.147   	3.30771    	14.4423 
195	10    	12.5334  	3.01743    	14.7061 
196	10    	13.0094  	0.000266726	14.5735 
197	10    	13.3989  	4.26313    	14.6063 
198	10    	14.4282  	14.3279    	14.66   
199	10    	12.1412  	0.00058253 	14.4924 
200	10    	11.1072  	2.09364    	14.4717 