gen	nevals	avg    	min    	max    
0  	25    	2138.83	1919.76	2555.68
1  	25    	2210.98	1919.76	2555.68
2  	25    	2269.98	1919.76	2555.68
3  	25    	2316.56	2038.64	2555.68
4  	25    	2336.38	2038.64	2555.68
5  	25    	2344.67	2077.92	2555.68
6  	25    	2355.41	2172.56	2555.68
7  	25    	2364.59	2184.08	2555.68
8  	25    	2365.06	2184.08	2555.68
9  	25    	2379.54	2184.08	2555.68
10 	25    	2397.52	2193.76	2568.64
11 	25    	2418.26	2251.44	2589.2 
12 	25    	2424.72	2251.44	2589.2 
13 	25    	2434.56	2251.44	2589.2 
14 	25    	2448.25	2251.44	2605.52
15 	25    	2487.67	2297.28	2936.08
16 	25    	2497.54	2297.28	2936.08
17 	25    	2497.54	2297.28	2936.08
18 	25    	2502.9 	2297.28	2936.08
19 	25    	2510.7 	2297.28	2936.08
20 	25    	2521.63	2297.28	2936.08
21 	25    	2521.63	2297.28	2936.08
22 	25    	2524.31	2297.28	2936.08
23 	25    	2533.54	2362.08	2936.08
24 	25    	2533.54	2362.08	2936.08
25 	25    	2533.54	2362.08	2936.08
26 	25    	2533.54	2362.08	2936.08
27 	25    	2534.2 	2362.08	2936.08
28 	25    	2537.09	2362.08	2936.08
29 	25    	2549.95	2362.08	2936.08
30 	25    	2549.95	2362.08	2936.08
31 	25    	2570.4 	2362.08	2936.08
32 	25    	2570.51	2362.08	2936.08
33 	25    	2573.46	2362.08	2936.08
34 	25    	2577.35	2362.08	2936.08
35 	25    	2586.29	2411.04	2936.08
36 	25    	2595.82	2411.04	2936.08
37 	25    	2609.32	2411.04	2996.32
38 	25    	2609.32	2411.04	2996.32
39 	25    	2612.53	2411.04	2996.32
40 	25    	2613.75	2411.04	2996.32
41 	25    	2613.88	2411.04	2996.32
42 	25    	2622.79	2411.04	2996.32
43 	25    	2641.4 	2420.88	2996.32
44 	25    	2644.33	2420.88	2996.32
45 	25    	2644.33	2420.88	2996.32
46 	25    	2654.37	2420.88	2996.32
47 	25    	2654.37	2420.88	2996.32
48 	25    	2654.37	2420.88	2996.32
49 	25    	2655.82	2420.88	2996.32
50 	25    	2657.4 	2420.88	2996.32
51 	25    	2671.06	2420.88	2996.32
52 	25    	2684.46	2420.88	2996.32
53 	25    	2694.99	2420.88	2996.32
54 	25    	2701.04	2420.88	2996.32
55 	25    	2714.09	2420.88	2996.32
56 	25    	2747.12	2420.88	3389.12
57 	25    	2747.12	2420.88	3389.12
58 	25    	2751.64	2420.88	3389.12
59 	25    	2762.66	2513.36	3389.12
60 	25    	2769.91	2513.36	3389.12
61 	25    	2770.34	2513.36	3389.12
62 	25    	2773.79	2513.36	3389.12
63 	25    	2821.54	2513.36	3389.12
64 	25    	2825.12	2513.36	3389.12
65 	25    	2847.8 	2513.36	3563.28
66 	25    	2863.31	2513.36	3563.28
67 	25    	2863.31	2513.36	3563.28
68 	25    	2863.46	2513.36	3563.28
69 	25    	2875.69	2513.36	3563.28
70 	25    	2890.31	2513.36	3563.28
71 	25    	2896.49	2513.36	3563.28
72 	25    	2896.49	2513.36	3563.28
73 	25    	2910.82	2524.48	3563.28
74 	25    	2912.61	2524.48	3563.28
75 	25    	2921.95	2524.48	3563.28
76 	25    	2934.13	2524.48	3563.28
77 	25    	2934.13	2524.48	3563.28
78 	25    	2945.21	2524.48	3563.28
79 	25    	2945.21	2524.48	3563.28
80 	25    	2945.21	2524.48	3563.28
81 	25    	2957.11	2524.48	3563.28
82 	25    	2961.16	2524.48	3563.28
83 	25    	2986.5 	2524.48	3679.36
84 	25    	3005.02	2524.48	3679.36
85 	25    	3005.02	2524.48	3679.36
86 	25    	3005.02	2524.48	3679.36
87 	25    	3005.02	2524.48	3679.36
88 	25    	3005.02	2524.48	3679.36
89 	25    	3005.02	2524.48	3679.36
90 	25    	3005.02	2524.48	3679.36
91 	25    	3010.95	2524.48	3679.36
92 	25    	3010.95	2524.48	3679.36
93 	25    	3023.68	2524.48	3679.36
94 	25    	3024.63	2524.48	3679.36
95 	25    	3024.63	2524.48	3679.36
96 	25    	3024.63	2524.48	3679.36
97 	25    	3024.63	2524.48	3679.36
98 	25    	3024.63	2524.48	3679.36
99 	25    	3030.81	2524.48	3679.36
100	25    	3030.81	2524.48	3679.36
101	25    	3042.61	2524.48	3679.36
102	25    	3051.83	2524.48	3679.36
103	25    	3051.83	2524.48	3679.36
104	25    	3051.83	2524.48	3679.36
105	25    	3054.93	2524.48	3679.36
106	25    	3068.66	2524.48	3679.36
107	25    	3068.66	2524.48	3679.36
108	25    	3068.81	2524.48	3679.36
109	25    	3069.06	2524.48	3679.36
110	25    	3079.37	2524.48	3679.36
111	25    	3079.37	2524.48	3679.36
112	25    	3081.14	2524.48	3679.36
113	25    	3093.85	2524.48	3679.36
114	25    	3093.85	2524.48	3679.36
115	25    	3122.42	2524.48	3679.36
116	25    	3122.42	2524.48	3679.36
117	25    	3124.31	2524.48	3679.36
118	25    	3124.31	2524.48	3679.36
119	25    	3124.31	2524.48	3679.36
120	25    	3128.59	2524.48	3679.36
121	25    	3132.24	2524.48	3679.36
122	25    	3159.7 	2524.48	3788.4 
123	25    	3159.7 	2524.48	3788.4 
124	25    	3159.7 	2524.48	3788.4 
125	25    	3169   	2524.48	3788.4 
126	25    	3169   	2524.48	3788.4 
127	25    	3169   	2524.48	3788.4 
128	25    	3169   	2524.48	3788.4 
129	25    	3169   	2524.48	3788.4 
130	25    	3169   	2524.48	3788.4 
131	25    	3169   	2524.48	3788.4 
132	25    	3169   	2524.48	3788.4 
133	25    	3177.26	2524.48	3788.4 
134	25    	3180.1 	2524.48	3788.4 
135	25    	3180.1 	2524.48	3788.4 
136	25    	3180.1 	2524.48	3788.4 
137	25    	3180.1 	2524.48	3788.4 
138	25    	3180.1 	2524.48	3788.4 
139	25    	3180.68	2524.48	3788.4 
140	25    	3201.74	2524.48	3788.4 
141	25    	3206.07	2524.48	3788.4 
142	25    	3206.07	2524.48	3788.4 
143	25    	3206.07	2524.48	3788.4 
144	25    	3206.07	2524.48	3788.4 
145	25    	3232.63	2524.48	3887.28
146	25    	3245.18	2524.48	3887.28
147	25    	3258.63	2524.48	3887.28
148	25    	3258.63	2524.48	3887.28
149	25    	3258.63	2524.48	3887.28
150	25    	3259.2 	2524.48	3887.28
151	25    	3263.81	2524.48	3887.28
152	25    	3263.81	2524.48	3887.28
153	25    	3263.81	2524.48	3887.28
154	25    	3284.3 	2524.48	3887.28
155	25    	3284.3 	2524.48	3887.28
156	25    	3290.91	2524.48	3887.28
157	25    	3304.08	2524.48	4091.12
158	25    	3304.08	2524.48	4091.12
159	25    	3304.08	2524.48	4091.12
160	25    	3304.08	2524.48	4091.12
161	25    	3306.2 	2577.6 	4091.12
162	25    	3306.2 	2577.6 	4091.12
163	25    	3312.69	2577.6 	4091.12
164	25    	3312.69	2577.6 	4091.12
165	25    	3312.69	2577.6 	4091.12
166	25    	3312.69	2577.6 	4091.12
167	25    	3315.87	2577.6 	4091.12
168	25    	3315.87	2577.6 	4091.12
169	25    	3315.87	2577.6 	4091.12
170	25    	3315.87	2577.6 	4091.12
171	25    	3324.01	2577.6 	4091.12
172	25    	3324.01	2577.6 	4091.12
173	25    	3350.74	2577.6 	4091.12
174	25    	3350.74	2577.6 	4091.12
175	25    	3373.5 	2580   	4091.12
176	25    	3385.4 	2580   	4091.12
177	25    	3385.4 	2580   	4091.12
178	25    	3385.4 	2580   	4091.12
179	25    	3385.4 	2580   	4091.12
180	25    	3387.6 	2634.96	4091.12
181	25    	3387.6 	2634.96	4091.12
182	25    	3396.85	2770.72	4091.12
183	25    	3418.3 	2866.24	4091.12
184	25    	3419.01	2866.24	4091.12
185	25    	3427.79	2866.24	4091.12
186	25    	3428.35	2866.24	4091.12
187	25    	3428.35	2866.24	4091.12
188	25    	3432.81	2866.24	4091.12
189	25    	3432.81	2866.24	4091.12
190	25    	3451.51	2866.24	4091.12
191	25    	3451.51	2866.24	4091.12
192	25    	3468.33	3035.84	4091.12
193	25    	3468.33	3035.84	4091.12
194	25    	3468.33	3035.84	4091.12
195	25    	3468.33	3035.84	4091.12
196	25    	3468.33	3035.84	4091.12
197	25    	3468.33	3035.84	4091.12
198	25    	3471.35	3041.04	4091.12
199	25    	3477.45	3041.04	4091.12
200	25    	3477.45	3041.04	4091.12
201	25    	3496.49	3041.04	4091.12
202	25    	3497.69	3041.04	4091.12
203	25    	3497.69	3041.04	4091.12
204	25    	3531.52	3041.04	4091.12
205	25    	3585.57	3041.04	4091.12
206	25    	3585.57	3041.04	4091.12
207	25    	3585.57	3041.04	4091.12
208	25    	3590.23	3041.04	4091.12
209	25    	3590.23	3041.04	4091.12
210	25    	3591.91	3041.04	4091.12
211	25    	3591.91	3041.04	4091.12
212	25    	3591.91	3041.04	4091.12
213	25    	3591.91	3041.04	4091.12
214	25    	3591.91	3041.04	4091.12
215	25    	3591.91	3041.04	4091.12
216	25    	3591.91	3041.04	4091.12
217	25    	3591.91	3041.04	4091.12
218	25    	3591.91	3041.04	4091.12
219	25    	3591.91	3041.04	4091.12
220	25    	3591.91	3041.04	4091.12
221	25    	3591.91	3041.04	4091.12
222	25    	3591.91	3041.04	4091.12
223	25    	3599.02	3041.04	4091.12
224	25    	3599.02	3041.04	4091.12
225	25    	3610.07	3041.04	4091.12
226	25    	3610.07	3041.04	4091.12
227	25    	3614.77	3041.04	4091.12
228	25    	3618.26	3128.24	4091.12
229	25    	3618.26	3128.24	4091.12
230	25    	3621.64	3128.24	4091.12
231	25    	3621.64	3128.24	4091.12
232	25    	3621.64	3128.24	4091.12
233	25    	3621.64	3128.24	4091.12
234	25    	3629.76	3128.24	4091.12
235	25    	3684.52	3128.24	4393.44
236	25    	3684.52	3128.24	4393.44
237	25    	3695.6 	3256.32	4393.44
238	25    	3700.95	3256.32	4393.44
239	25    	3700.95	3256.32	4393.44
240	25    	3700.95	3256.32	4393.44
241	25    	3700.95	3256.32	4393.44
242	25    	3700.95	3256.32	4393.44
243	25    	3700.95	3256.32	4393.44
244	25    	3700.95	3256.32	4393.44
245	25    	3713.48	3301.36	4393.44
246	25    	3713.48	3301.36	4393.44
247	25    	3713.48	3301.36	4393.44
248	25    	3713.48	3301.36	4393.44
249	25    	3713.48	3301.36	4393.44
250	25    	3713.48	3301.36	4393.44
251	25    	3713.48	3301.36	4393.44
252	25    	3718.82	3301.36	4393.44
253	25    	3720.07	3301.36	4393.44
254	25    	3720.07	3301.36	4393.44
255	25    	3720.07	3301.36	4393.44
256	25    	3720.07	3301.36	4393.44
257	25    	3725.17	3301.36	4393.44
258	25    	3725.17	3301.36	4393.44
259	25    	3725.17	3301.36	4393.44
260	25    	3730.88	3301.36	4393.44
261	25    	3730.88	3301.36	4393.44
262	25    	3730.88	3301.36	4393.44
263	25    	3738.19	3301.36	4393.44
264	25    	3751.63	3301.36	4393.44
265	25    	3760.61	3399.52	4393.44
266	25    	3764.65	3399.52	4393.44
267	25    	3764.65	3399.52	4393.44
268	25    	3774.51	3399.52	4393.44
269	25    	3774.51	3399.52	4393.44
270	25    	3774.51	3399.52	4393.44
271	25    	3774.51	3399.52	4393.44
272	25    	3774.51	3399.52	4393.44
273	25    	3775.11	3399.52	4393.44
274	25    	3775.11	3399.52	4393.44
275	25    	3777.15	3399.52	4393.44
276	25    	3787.22	3399.52	4393.44
277	25    	3787.22	3399.52	4393.44
278	25    	3787.22	3399.52	4393.44
279	25    	3787.68	3399.52	4393.44
280	25    	3787.68	3399.52	4393.44
281	25    	3787.68	3399.52	4393.44
282	25    	3810.95	3399.52	4393.44
283	25    	3810.95	3399.52	4393.44
284	25    	3810.95	3399.52	4393.44
285	25    	3810.95	3399.52	4393.44
286	25    	3811.58	3399.52	4393.44
287	25    	3811.58	3399.52	4393.44
288	25    	3811.58	3399.52	4393.44
289	25    	3823.15	3399.52	4393.44
290	25    	3823.15	3399.52	4393.44
291	25    	3823.15	3399.52	4393.44
292	25    	3823.15	3399.52	4393.44
293	25    	3827.16	3399.52	4393.44
294	25    	3827.16	3399.52	4393.44
295	25    	3830.41	3399.52	4393.44
296	25    	3830.41	3399.52	4393.44
297	25    	3830.41	3399.52	4393.44
298	25    	3830.41	3399.52	4393.44
299	25    	3830.41	3399.52	4393.44
300	25    	3830.41	3399.52	4393.44
301	25    	3830.41	3399.52	4393.44
302	25    	3830.41	3399.52	4393.44
303	25    	3831.64	3399.52	4393.44
304	25    	3831.64	3399.52	4393.44
305	25    	3841.31	3399.52	4393.44
306	25    	3841.31	3399.52	4393.44
307	25    	3844.45	3399.52	4393.44
308	25    	3844.45	3399.52	4393.44
309	25    	3844.45	3399.52	4393.44
310	25    	3844.45	3399.52	4393.44
311	25    	3844.45	3399.52	4393.44
312	25    	3844.45	3399.52	4393.44
313	25    	3844.45	3399.52	4393.44
314	25    	3844.45	3399.52	4393.44
315	25    	3844.45	3399.52	4393.44
316	25    	3844.45	3399.52	4393.44
317	25    	3844.45	3399.52	4393.44
318	25    	3844.45	3399.52	4393.44
319	25    	3844.45	3399.52	4393.44
320	25    	3844.45	3399.52	4393.44
321	25    	3844.45	3399.52	4393.44
322	25    	3844.45	3399.52	4393.44
323	25    	3844.45	3399.52	4393.44
324	25    	3844.45	3399.52	4393.44
325	25    	3846.78	3399.52	4393.44
326	25    	3846.78	3399.52	4393.44
327	25    	3846.78	3399.52	4393.44
328	25    	3846.78	3399.52	4393.44
329	25    	3846.78	3399.52	4393.44
330	25    	3846.78	3399.52	4393.44
331	25    	3846.78	3399.52	4393.44
332	25    	3846.78	3399.52	4393.44
333	25    	3846.78	3399.52	4393.44
334	25    	3846.78	3399.52	4393.44
335	25    	3846.78	3399.52	4393.44
336	25    	3846.78	3399.52	4393.44
337	25    	3846.78	3399.52	4393.44
338	25    	3846.78	3399.52	4393.44
339	25    	3846.78	3399.52	4393.44
340	25    	3846.78	3399.52	4393.44
341	25    	3846.78	3399.52	4393.44
342	25    	3846.78	3399.52	4393.44
343	25    	3847.56	3399.52	4393.44
344	25    	3847.56	3399.52	4393.44
345	25    	3847.56	3399.52	4393.44
346	25    	3847.56	3399.52	4393.44
347	25    	3847.56	3399.52	4393.44
348	25    	3847.56	3399.52	4393.44
349	25    	3847.56	3399.52	4393.44
350	25    	3847.56	3399.52	4393.44
351	25    	3847.56	3399.52	4393.44
352	25    	3861.98	3399.52	4393.44
353	25    	3861.98	3399.52	4393.44
354	25    	3871.58	3399.52	4393.44
355	25    	3871.58	3399.52	4393.44
356	25    	3871.58	3399.52	4393.44
357	25    	3872   	3399.52	4393.44
358	25    	3872   	3399.52	4393.44
359	25    	3872   	3399.52	4393.44
360	25    	3873.58	3399.52	4393.44
361	25    	3873.58	3399.52	4393.44
362	25    	3873.58	3399.52	4393.44
363	25    	3873.58	3399.52	4393.44
364	25    	3873.58	3399.52	4393.44
365	25    	3873.58	3399.52	4393.44
366	25    	3873.58	3399.52	4393.44
367	25    	3873.58	3399.52	4393.44
368	25    	3873.58	3399.52	4393.44
369	25    	3873.58	3399.52	4393.44
370	25    	3873.58	3399.52	4393.44
371	25    	3873.58	3399.52	4393.44
372	25    	3873.58	3399.52	4393.44
373	25    	3873.58	3399.52	4393.44
374	25    	3873.58	3399.52	4393.44
375	25    	3879.37	3399.52	4393.44
376	25    	3885.39	3441.36	4393.44
377	25    	3885.39	3441.36	4393.44
378	25    	3885.39	3441.36	4393.44
379	25    	3885.39	3441.36	4393.44
380	25    	3885.39	3441.36	4393.44
381	25    	3885.39	3441.36	4393.44
382	25    	3885.39	3441.36	4393.44
383	25    	3893.58	3441.36	4393.44
384	25    	3897.59	3441.36	4393.44
385	25    	3897.59	3441.36	4393.44
386	25    	3897.59	3441.36	4393.44
387	25    	3897.59	3441.36	4393.44
388	25    	3897.59	3441.36	4393.44
389	25    	3903.15	3441.36	4393.44
390	25    	3903.15	3441.36	4393.44
391	25    	3903.15	3441.36	4393.44
392	25    	3903.15	3441.36	4393.44
393	25    	3903.15	3441.36	4393.44
394	25    	3918.2 	3563.28	4393.44
395	25    	3918.2 	3563.28	4393.44
396	25    	3918.2 	3563.28	4393.44
397	25    	3918.2 	3563.28	4393.44
398	25    	3918.2 	3563.28	4393.44
399	25    	3918.2 	3563.28	4393.44
400	25    	3918.2 	3563.28	4393.44
401	25    	3920.38	3563.28	4393.44
402	25    	3920.38	3563.28	4393.44
403	25    	3920.38	3563.28	4393.44
404	25    	3920.38	3563.28	4393.44
405	25    	3920.38	3563.28	4393.44
406	25    	3920.38	3563.28	4393.44
407	25    	3920.38	3563.28	4393.44
408	25    	3920.38	3563.28	4393.44
409	25    	3920.38	3563.28	4393.44
410	25    	3920.38	3563.28	4393.44
411	25    	3920.38	3563.28	4393.44
412	25    	3920.38	3563.28	4393.44
413	25    	3920.38	3563.28	4393.44
414	25    	3920.38	3563.28	4393.44
415	25    	3920.38	3563.28	4393.44
416	25    	3920.38	3563.28	4393.44
417	25    	3920.38	3563.28	4393.44
418	25    	3920.38	3563.28	4393.44
419	25    	3920.38	3563.28	4393.44
420	25    	3949.24	3563.28	4393.44
421	25    	3949.24	3563.28	4393.44
422	25    	3949.24	3563.28	4393.44
423	25    	3952.34	3563.28	4393.44
424	25    	3952.34	3563.28	4393.44
425	25    	3952.34	3563.28	4393.44
426	25    	3952.34	3563.28	4393.44
427	25    	3952.34	3563.28	4393.44
428	25    	3952.34	3563.28	4393.44
429	25    	3952.34	3563.28	4393.44
430	25    	3961.59	3563.28	4393.44
431	25    	3961.59	3563.28	4393.44
432	25    	3961.59	3563.28	4393.44
433	25    	3961.59	3563.28	4393.44
434	25    	3961.59	3563.28	4393.44
435	25    	3961.59	3563.28	4393.44
436	25    	3961.59	3563.28	4393.44
437	25    	3961.59	3563.28	4393.44
438	25    	3961.59	3563.28	4393.44
439	25    	3961.59	3563.28	4393.44
440	25    	3961.59	3563.28	4393.44
441	25    	3961.59	3563.28	4393.44
442	25    	3961.59	3563.28	4393.44
443	25    	3961.59	3563.28	4393.44
444	25    	3965.58	3563.28	4393.44
445	25    	3965.58	3563.28	4393.44
446	25    	3965.58	3563.28	4393.44
447	25    	3965.58	3563.28	4393.44
448	25    	3965.58	3563.28	4393.44
449	25    	3965.58	3563.28	4393.44
450	25    	3968.82	3563.28	4393.44
451	25    	3968.82	3563.28	4393.44
452	25    	3968.82	3563.28	4393.44
453	25    	3968.82	3563.28	4393.44
454	25    	3968.82	3563.28	4393.44
455	25    	3974.71	3563.28	4393.44
456	25    	3974.71	3563.28	4393.44
457	25    	3980.77	3563.28	4393.44
458	25    	3980.77	3563.28	4393.44
459	25    	3980.77	3563.28	4393.44
460	25    	3980.77	3563.28	4393.44
461	25    	3980.77	3563.28	4393.44
462	25    	3980.77	3563.28	4393.44
463	25    	3980.77	3563.28	4393.44
464	25    	3980.77	3563.28	4393.44
465	25    	3980.77	3563.28	4393.44
466	25    	3980.77	3563.28	4393.44
467	25    	3980.77	3563.28	4393.44
468	25    	3990.16	3563.28	4393.44
469	25    	3990.16	3563.28	4393.44
470	25    	3990.16	3563.28	4393.44
471	25    	3990.16	3563.28	4393.44
472	25    	3990.16	3563.28	4393.44
473	25    	3990.16	3563.28	4393.44
474	25    	3990.16	3563.28	4393.44
475	25    	3990.16	3563.28	4393.44
476	25    	3990.16	3563.28	4393.44
477	25    	3990.16	3563.28	4393.44
478	25    	3990.16	3563.28	4393.44
479	25    	3990.16	3563.28	4393.44
480	25    	3990.33	3563.28	4393.44
481	25    	3990.33	3563.28	4393.44
482	25    	3990.33	3563.28	4393.44
483	25    	3990.33	3563.28	4393.44
484	25    	3997.86	3563.28	4393.44
485	25    	3997.86	3563.28	4393.44
486	25    	3997.86	3563.28	4393.44
487	25    	3997.86	3563.28	4393.44
488	25    	3997.86	3563.28	4393.44
489	25    	4006.48	3563.28	4393.44
490	25    	4008.59	3563.28	4393.44
491	25    	4008.59	3563.28	4393.44
492	25    	4008.59	3563.28	4393.44
493	25    	4008.59	3563.28	4393.44
494	25    	4008.59	3563.28	4393.44
495	25    	4008.59	3563.28	4393.44
496	25    	4008.59	3563.28	4393.44
497	25    	4008.59	3563.28	4393.44
498	25    	4008.59	3563.28	4393.44
499	25    	4008.59	3563.28	4393.44
500	25    	4008.59	3563.28	4393.44
501	25    	4008.59	3563.28	4393.44
502	25    	4008.59	3563.28	4393.44
503	25    	4008.59	3563.28	4393.44
504	25    	4008.59	3563.28	4393.44
505	25    	4008.59	3563.28	4393.44
506	25    	4008.59	3563.28	4393.44
507	25    	4008.59	3563.28	4393.44
508	25    	4008.59	3563.28	4393.44
509	25    	4008.59	3563.28	4393.44
510	25    	4008.59	3563.28	4393.44
511	25    	4008.59	3563.28	4393.44
512	25    	4008.59	3563.28	4393.44
513	25    	4008.59	3563.28	4393.44
514	25    	4008.59	3563.28	4393.44
515	25    	4008.59	3563.28	4393.44
516	25    	4008.59	3563.28	4393.44
517	25    	4008.59	3563.28	4393.44
518	25    	4013.1 	3563.28	4393.44
519	25    	4013.1 	3563.28	4393.44
520	25    	4013.1 	3563.28	4393.44
521	25    	4013.1 	3563.28	4393.44
522	25    	4013.1 	3563.28	4393.44
523	25    	4013.1 	3563.28	4393.44
524	25    	4013.1 	3563.28	4393.44
525	25    	4013.1 	3563.28	4393.44
526	25    	4013.1 	3563.28	4393.44
527	25    	4022.12	3563.28	4393.44
528	25    	4025.26	3563.28	4393.44
529	25    	4025.26	3563.28	4393.44
530	25    	4025.26	3563.28	4393.44
531	25    	4025.26	3563.28	4393.44
532	25    	4025.26	3563.28	4393.44
533	25    	4035.45	3563.28	4444.4 
534	25    	4039.94	3563.28	4444.4 
535	25    	4039.94	3563.28	4444.4 
536	25    	4039.94	3563.28	4444.4 
537	25    	4039.94	3563.28	4444.4 
538	25    	4039.94	3563.28	4444.4 
539	25    	4039.94	3563.28	4444.4 
540	25    	4039.94	3563.28	4444.4 
541	25    	4039.94	3563.28	4444.4 
542	25    	4039.94	3563.28	4444.4 
543	25    	4039.94	3563.28	4444.4 
544	25    	4039.94	3563.28	4444.4 
545	25    	4039.94	3563.28	4444.4 
546	25    	4039.94	3563.28	4444.4 
547	25    	4039.94	3563.28	4444.4 
548	25    	4039.94	3563.28	4444.4 
549	25    	4039.94	3563.28	4444.4 
550	25    	4039.94	3563.28	4444.4 
551	25    	4039.94	3563.28	4444.4 
552	25    	4039.94	3563.28	4444.4 
553	25    	4039.94	3563.28	4444.4 
554	25    	4039.94	3563.28	4444.4 
555	25    	4039.94	3563.28	4444.4 
556	25    	4039.94	3563.28	4444.4 
557	25    	4039.94	3563.28	4444.4 
558	25    	4039.94	3563.28	4444.4 
559	25    	4039.94	3563.28	4444.4 
560	25    	4039.94	3563.28	4444.4 
561	25    	4039.94	3563.28	4444.4 
562	25    	4039.94	3563.28	4444.4 
563	25    	4039.94	3563.28	4444.4 
564	25    	4039.94	3563.28	4444.4 
565	25    	4039.94	3563.28	4444.4 
566	25    	4039.94	3563.28	4444.4 
567	25    	4039.94	3563.28	4444.4 
568	25    	4039.94	3563.28	4444.4 
569	25    	4039.94	3563.28	4444.4 
570	25    	4039.94	3563.28	4444.4 
571	25    	4039.94	3563.28	4444.4 
572	25    	4039.94	3563.28	4444.4 
573	25    	4039.94	3563.28	4444.4 
574	25    	4039.94	3563.28	4444.4 
575	25    	4039.94	3563.28	4444.4 
576	25    	4039.94	3563.28	4444.4 
577	25    	4039.94	3563.28	4444.4 
578	25    	4039.94	3563.28	4444.4 
579	25    	4039.94	3563.28	4444.4 
580	25    	4039.94	3563.28	4444.4 
581	25    	4039.94	3563.28	4444.4 
582	25    	4039.94	3563.28	4444.4 
583	25    	4039.94	3563.28	4444.4 
584	25    	4039.94	3563.28	4444.4 
585	25    	4039.94	3563.28	4444.4 
586	25    	4039.94	3563.28	4444.4 
587	25    	4039.94	3563.28	4444.4 
588	25    	4039.94	3563.28	4444.4 
589	25    	4048.55	3563.28	4444.4 
590	25    	4048.55	3563.28	4444.4 
591	25    	4048.55	3563.28	4444.4 
592	25    	4048.55	3563.28	4444.4 
593	25    	4048.55	3563.28	4444.4 
594	25    	4048.55	3563.28	4444.4 
595	25    	4048.55	3563.28	4444.4 
596	25    	4048.55	3563.28	4444.4 
597	25    	4048.55	3563.28	4444.4 
598	25    	4048.55	3563.28	4444.4 
599	25    	4048.55	3563.28	4444.4 
600	25    	4048.55	3563.28	4444.4 
601	25    	4048.55	3563.28	4444.4 
602	25    	4048.55	3563.28	4444.4 
603	25    	4049.18	3563.28	4444.4 
604	25    	4049.18	3563.28	4444.4 
605	25    	4049.18	3563.28	4444.4 
606	25    	4049.18	3563.28	4444.4 
607	25    	4061.67	3563.28	4444.4 
608	25    	4061.67	3563.28	4444.4 
609	25    	4061.67	3563.28	4444.4 
610	25    	4061.67	3563.28	4444.4 
611	25    	4061.67	3563.28	4444.4 
612	25    	4061.67	3563.28	4444.4 
613	25    	4061.67	3563.28	4444.4 
614	25    	4061.67	3563.28	4444.4 
615	25    	4061.67	3563.28	4444.4 
616	25    	4061.67	3563.28	4444.4 
617	25    	4061.67	3563.28	4444.4 
618	25    	4061.67	3563.28	4444.4 
619	25    	4061.67	3563.28	4444.4 
620	25    	4061.67	3563.28	4444.4 
621	25    	4061.67	3563.28	4444.4 
622	25    	4062.76	3563.28	4444.4 
623	25    	4062.76	3563.28	4444.4 
624	25    	4062.76	3563.28	4444.4 
625	25    	4062.76	3563.28	4444.4 
626	25    	4062.76	3563.28	4444.4 
627	25    	4062.76	3563.28	4444.4 
628	25    	4062.76	3563.28	4444.4 
629	25    	4062.76	3563.28	4444.4 
630	25    	4062.76	3563.28	4444.4 
631	25    	4062.76	3563.28	4444.4 
632	25    	4062.76	3563.28	4444.4 
633	25    	4062.76	3563.28	4444.4 
634	25    	4062.76	3563.28	4444.4 
635	25    	4062.76	3563.28	4444.4 
636	25    	4062.76	3563.28	4444.4 
637	25    	4062.76	3563.28	4444.4 
638	25    	4062.76	3563.28	4444.4 
639	25    	4062.76	3563.28	4444.4 
640	25    	4062.76	3563.28	4444.4 
641	25    	4062.76	3563.28	4444.4 
642	25    	4062.76	3563.28	4444.4 
643	25    	4062.76	3563.28	4444.4 
644	25    	4062.76	3563.28	4444.4 
645	25    	4062.76	3563.28	4444.4 
646	25    	4062.76	3563.28	4444.4 
647	25    	4062.76	3563.28	4444.4 
648	25    	4062.76	3563.28	4444.4 
649	25    	4068.17	3563.28	4444.4 
650	25    	4068.17	3563.28	4444.4 
651	25    	4069.12	3563.28	4444.4 
652	25    	4069.12	3563.28	4444.4 
653	25    	4069.12	3563.28	4444.4 
654	25    	4069.12	3563.28	4444.4 
655	25    	4072.42	3563.28	4444.4 
656	25    	4072.42	3563.28	4444.4 
657	25    	4072.42	3563.28	4444.4 
658	25    	4072.42	3563.28	4444.4 
659	25    	4072.42	3563.28	4444.4 
660	25    	4072.42	3563.28	4444.4 
661	25    	4072.42	3563.28	4444.4 
662	25    	4074.82	3563.28	4444.4 
663	25    	4074.82	3563.28	4444.4 
664	25    	4074.82	3563.28	4444.4 
665	25    	4074.82	3563.28	4444.4 
666	25    	4086.58	3563.28	4444.4 
667	25    	4086.58	3563.28	4444.4 
668	25    	4086.58	3563.28	4444.4 
669	25    	4086.58	3563.28	4444.4 
670	25    	4086.58	3563.28	4444.4 
671	25    	4086.58	3563.28	4444.4 
672	25    	4086.58	3563.28	4444.4 
673	25    	4086.58	3563.28	4444.4 
674	25    	4086.58	3563.28	4444.4 
675	25    	4086.58	3563.28	4444.4 
676	25    	4086.58	3563.28	4444.4 
677	25    	4086.58	3563.28	4444.4 
678	25    	4086.58	3563.28	4444.4 
679	25    	4086.58	3563.28	4444.4 
680	25    	4086.58	3563.28	4444.4 
681	25    	4086.58	3563.28	4444.4 
682	25    	4086.58	3563.28	4444.4 
683	25    	4086.58	3563.28	4444.4 
684	25    	4086.58	3563.28	4444.4 
685	25    	4086.58	3563.28	4444.4 
686	25    	4086.58	3563.28	4444.4 
687	25    	4086.58	3563.28	4444.4 
688	25    	4086.58	3563.28	4444.4 
689	25    	4086.58	3563.28	4444.4 
690	25    	4086.58	3563.28	4444.4 
691	25    	4096.62	3563.28	4502   
692	25    	4101.63	3563.28	4502   
693	25    	4101.63	3563.28	4502   
694	25    	4101.63	3563.28	4502   
695	25    	4101.63	3563.28	4502   
696	25    	4101.63	3563.28	4502   
697	25    	4101.63	3563.28	4502   
698	25    	4101.63	3563.28	4502   
699	25    	4101.63	3563.28	4502   
700	25    	4101.63	3563.28	4502   
701	25    	4101.63	3563.28	4502   
702	25    	4101.63	3563.28	4502   
703	25    	4101.63	3563.28	4502   
704	25    	4101.63	3563.28	4502   
705	25    	4109.35	3563.28	4502   
706	25    	4109.35	3563.28	4502   
707	25    	4109.35	3563.28	4502   
708	25    	4109.35	3563.28	4502   
709	25    	4109.35	3563.28	4502   
710	25    	4109.35	3563.28	4502   
711	25    	4109.35	3563.28	4502   
712	25    	4109.35	3563.28	4502   
713	25    	4109.35	3563.28	4502   
714	25    	4109.35	3563.28	4502   
715	25    	4109.35	3563.28	4502   
716	25    	4109.35	3563.28	4502   
717	25    	4109.35	3563.28	4502   
718	25    	4109.35	3563.28	4502   
719	25    	4109.35	3563.28	4502   
720	25    	4109.35	3563.28	4502   
721	25    	4109.35	3563.28	4502   
722	25    	4109.35	3563.28	4502   
723	25    	4109.35	3563.28	4502   
724	25    	4109.35	3563.28	4502   
725	25    	4109.35	3563.28	4502   
726	25    	4109.35	3563.28	4502   
727	25    	4109.35	3563.28	4502   
728	25    	4109.35	3563.28	4502   
729	25    	4109.35	3563.28	4502   
730	25    	4109.35	3563.28	4502   
731	25    	4109.35	3563.28	4502   
732	25    	4109.35	3563.28	4502   
733	25    	4109.35	3563.28	4502   
734	25    	4109.35	3563.28	4502   
735	25    	4109.35	3563.28	4502   
736	25    	4109.35	3563.28	4502   
737	25    	4109.35	3563.28	4502   
738	25    	4109.35	3563.28	4502   
739	25    	4109.35	3563.28	4502   
740	25    	4109.35	3563.28	4502   