gen	nevals	avg    	min     	max    
0  	10    	2.14966	-6.01392	9.40698
1  	10    	7.43372	-1.26416	25.1094
2  	10    	15.1059	-1.26416	64.5195
3  	10    	16.6742	-1.26416	64.5195
4  	10    	19.7551	-1.26416	64.5195
5  	10    	28.9833	-1.26416	64.5195
6  	10    	33.6753	-1.26416	77.1528
7  	10    	35.6704	-1.26416	77.1528
8  	10    	38.4811	-1.26416	77.1528
9  	10    	40.1264	-1.26416	77.1528
10 	10    	40.1264	-1.26416	77.1528
11 	10    	40.1264	-1.26416	77.1528
12 	10    	47.7812	-1.26416	77.1528
13 	10    	47.7812	-1.26416	77.1528
14 	10    	47.7812	-1.26416	77.1528
15 	10    	47.7812	-1.26416	77.1528
16 	10    	47.997 	0.254395	77.1528
17 	10    	47.997 	0.254395	77.1528
18 	10    	48.7146	0.254395	77.1528
19 	10    	93.6414	10.949  	310.539
20 	10    	93.7308	11.8428 	310.539
21 	10    	94.1059	11.8428 	310.539
22 	10    	94.1059	11.8428 	310.539
23 	10    	94.1059	11.8428 	310.539
24 	10    	106.403	11.8428 	310.539
25 	10    	114.87 	11.8428 	310.539
26 	10    	147.946	11.8428 	310.539
27 	10    	147.946	11.8428 	310.539
28 	10    	147.946	11.8428 	310.539
29 	10    	148.23 	14.6816 	310.539
30 	10    	177.765	23.9895 	537.761
31 	10    	178.743	23.9895 	537.761
32 	10    	191.026	23.9895 	537.761
33 	10    	191.026	23.9895 	537.761
34 	10    	199.58 	39.1902 	537.761
35 	10    	199.58 	39.1902 	537.761
36 	10    	199.58 	39.1902 	537.761
37 	10    	199.58 	39.1902 	537.761
38 	10    	199.58 	39.1902 	537.761
39 	10    	225.335	39.1902 	537.761
40 	10    	225.335	39.1902 	537.761
41 	10    	240.399	39.1902 	557.794
42 	10    	247.491	39.1902 	557.794
43 	10    	257.422	68.9648 	557.794
44 	10    	257.422	68.9648 	557.794
45 	10    	257.422	68.9648 	557.794
46 	10    	275.141	109.537 	557.794
47 	10    	280.712	109.537 	557.794
48 	10    	280.712	109.537 	557.794
49 	10    	283.985	109.537 	557.794
50 	10    	284.658	109.537 	557.794
51 	10    	294.294	109.537 	557.794
52 	10    	294.294	109.537 	557.794
53 	10    	298.623	109.537 	557.794
54 	10    	302.785	109.537 	557.794
55 	10    	302.785	109.537 	557.794
56 	10    	302.785	109.537 	557.794
57 	10    	336.77 	157.465 	557.794
58 	10    	343.599	167.976 	557.794
59 	10    	343.599	167.976 	557.794
60 	10    	380.984	167.976 	557.794
61 	10    	380.984	167.976 	557.794
62 	10    	380.984	167.976 	557.794
63 	10    	398.054	198.797 	557.794
64 	10    	398.054	198.797 	557.794
65 	10    	398.054	198.797 	557.794
66 	10    	398.054	198.797 	557.794
67 	10    	403.364	198.797 	557.794
68 	10    	403.364	198.797 	557.794
69 	10    	446.86 	198.797 	584.558
70 	10    	446.86 	198.797 	584.558
71 	10    	446.86 	198.797 	584.558
72 	10    	446.86 	198.797 	584.558
73 	10    	453.193	198.797 	601.096
74 	10    	453.193	198.797 	601.096
75 	10    	489.442	198.797 	752.674
76 	10    	489.442	198.797 	752.674
77 	10    	501.204	224.51  	752.674
78 	10    	501.204	224.51  	752.674
79 	10    	501.204	224.51  	752.674
80 	10    	501.204	224.51  	752.674
81 	10    	501.204	224.51  	752.674
82 	10    	512.559	224.51  	752.674
83 	10    	539.638	224.51  	855.34 
84 	10    	539.638	224.51  	855.34 
85 	10    	539.638	224.51  	855.34 
86 	10    	539.638	224.51  	855.34 
87 	10    	539.638	224.51  	855.34 
88 	10    	559.88 	224.51  	955.093
89 	10    	559.88 	224.51  	955.093
90 	10    	559.88 	224.51  	955.093
91 	10    	559.88 	224.51  	955.093
92 	10    	562.367	224.51  	955.093
93 	10    	583.213	224.51  	955.093
94 	10    	583.213	224.51  	955.093
95 	10    	583.213	224.51  	955.093
96 	10    	583.213	224.51  	955.093
97 	10    	583.213	224.51  	955.093
98 	10    	658.172	224.51  	1262.65
99 	10    	658.172	224.51  	1262.65
100	10    	658.172	224.51  	1262.65
101	10    	658.172	224.51  	1262.65
102	10    	658.172	224.51  	1262.65
103	10    	707.947	224.51  	1262.65
104	10    	707.947	224.51  	1262.65
105	10    	707.947	224.51  	1262.65
106	10    	707.947	224.51  	1262.65
107	10    	812.711	224.51  	1908.95
108	10    	812.711	224.51  	1908.95
109	10    	812.711	224.51  	1908.95
110	10    	813.974	224.51  	1908.95
111	10    	822.431	224.51  	1908.95
112	10    	839.904	224.51  	1908.95
113	10    	839.904	224.51  	1908.95
114	10    	839.904	224.51  	1908.95
115	10    	839.904	224.51  	1908.95
116	10    	846.744	224.51  	1908.95
117	10    	846.744	224.51  	1908.95
118	10    	853.87 	224.51  	1908.95
119	10    	853.87 	224.51  	1908.95
120	10    	853.87 	224.51  	1908.95
121	10    	880.51 	224.51  	1908.95
122	10    	880.51 	224.51  	1908.95
123	10    	880.51 	224.51  	1908.95
124	10    	880.51 	224.51  	1908.95
125	10    	936.629	224.51  	1908.95
126	10    	936.629	224.51  	1908.95
127	10    	936.629	224.51  	1908.95
128	10    	945.671	314.934 	1908.95
129	10    	945.671	314.934 	1908.95
130	10    	945.671	314.934 	1908.95
131	10    	968.586	501.643 	1908.95
132	10    	968.586	501.643 	1908.95
133	10    	968.586	501.643 	1908.95
134	10    	968.586	501.643 	1908.95
135	10    	968.586	501.643 	1908.95
136	10    	968.586	501.643 	1908.95
137	10    	968.967	501.643 	1908.95
138	10    	968.967	501.643 	1908.95
139	10    	968.967	501.643 	1908.95
140	10    	968.967	501.643 	1908.95
141	10    	985.148	501.643 	1908.95
142	10    	985.148	501.643 	1908.95
143	10    	985.148	501.643 	1908.95
144	10    	985.148	501.643 	1908.95
145	10    	985.148	501.643 	1908.95
146	10    	985.148	501.643 	1908.95
147	10    	985.148	501.643 	1908.95
148	10    	985.148	501.643 	1908.95
149	10    	986.225	501.643 	1908.95
150	10    	986.225	501.643 	1908.95
151	10    	986.225	501.643 	1908.95
152	10    	986.225	501.643 	1908.95
153	10    	986.225	501.643 	1908.95
154	10    	995.874	501.643 	1908.95
155	10    	995.874	501.643 	1908.95
156	10    	995.874	501.643 	1908.95
157	10    	995.874	501.643 	1908.95
158	10    	995.874	501.643 	1908.95
159	10    	995.874	501.643 	1908.95
160	10    	995.874	501.643 	1908.95
161	10    	995.874	501.643 	1908.95
162	10    	995.874	501.643 	1908.95
163	10    	995.874	501.643 	1908.95
164	10    	995.874	501.643 	1908.95
165	10    	995.874	501.643 	1908.95
166	10    	1024.18	554.802 	1908.95
167	10    	1028.25	554.802 	1908.95
168	10    	1028.25	554.802 	1908.95
169	10    	1028.25	554.802 	1908.95
170	10    	1028.25	554.802 	1908.95
171	10    	1028.25	554.802 	1908.95
172	10    	1028.25	554.802 	1908.95
173	10    	1028.25	554.802 	1908.95
174	10    	1028.25	554.802 	1908.95
175	10    	1028.25	554.802 	1908.95
176	10    	1028.25	554.802 	1908.95
177	10    	1028.25	554.802 	1908.95
178	10    	1028.25	554.802 	1908.95
179	10    	1028.25	554.802 	1908.95
180	10    	1028.25	554.802 	1908.95
181	10    	1028.25	554.802 	1908.95
182	10    	1028.59	554.802 	1908.95
183	10    	1028.59	554.802 	1908.95
184	10    	1028.59	554.802 	1908.95
185	10    	1028.59	554.802 	1908.95
186	10    	1028.59	554.802 	1908.95
187	10    	1028.59	554.802 	1908.95
188	10    	1028.59	554.802 	1908.95
189	10    	1028.59	554.802 	1908.95
190	10    	1028.59	554.802 	1908.95
191	10    	1028.59	554.802 	1908.95
192	10    	1028.59	554.802 	1908.95
193	10    	1028.59	554.802 	1908.95
194	10    	1028.59	554.802 	1908.95
195	10    	1073.85	670.727 	1908.95
196	10    	1073.85	670.727 	1908.95
197	10    	1073.85	670.727 	1908.95
198	10    	1073.85	670.727 	1908.95
199	10    	1099.59	681.582 	1908.95
200	10    	1109.11	731.057 	1908.95
201	10    	1109.11	731.057 	1908.95
202	10    	1109.11	731.057 	1908.95
203	10    	1114.29	731.057 	1908.95
204	10    	1114.29	731.057 	1908.95
205	10    	1114.29	731.057 	1908.95
206	10    	1114.29	731.057 	1908.95
207	10    	1114.29	731.057 	1908.95
208	10    	1114.29	731.057 	1908.95
209	10    	1120.19	731.057 	1908.95
210	10    	1120.19	731.057 	1908.95
211	10    	1120.19	731.057 	1908.95
212	10    	1134.6 	731.057 	1908.95
213	10    	1134.6 	731.057 	1908.95
214	10    	1134.6 	731.057 	1908.95
215	10    	1134.6 	731.057 	1908.95
216	10    	1134.6 	731.057 	1908.95
217	10    	1134.6 	731.057 	1908.95
218	10    	1134.6 	731.057 	1908.95
219	10    	1137.29	731.057 	1908.95
220	10    	1137.29	731.057 	1908.95
221	10    	1137.29	731.057 	1908.95
222	10    	1137.29	731.057 	1908.95
223	10    	1137.29	731.057 	1908.95
224	10    	1137.29	731.057 	1908.95
225	10    	1137.29	731.057 	1908.95
226	10    	1137.29	731.057 	1908.95
227	10    	1137.29	731.057 	1908.95
228	10    	1137.29	731.057 	1908.95
229	10    	1137.29	731.057 	1908.95
230	10    	1137.29	731.057 	1908.95
231	10    	1137.29	731.057 	1908.95
232	10    	1137.29	731.057 	1908.95
233	10    	1137.29	731.057 	1908.95
234	10    	1137.29	731.057 	1908.95
235	10    	1137.29	731.057 	1908.95
236	10    	1137.29	731.057 	1908.95
237	10    	1152.38	731.057 	1908.95
238	10    	1152.38	731.057 	1908.95
239	10    	1152.38	731.057 	1908.95
240	10    	1152.38	731.057 	1908.95
241	10    	1152.38	731.057 	1908.95
242	10    	1152.38	731.057 	1908.95
243	10    	1152.38	731.057 	1908.95
244	10    	1152.38	731.057 	1908.95
245	10    	1152.38	731.057 	1908.95
246	10    	1152.38	731.057 	1908.95
247	10    	1152.38	731.057 	1908.95
248	10    	1157.17	731.057 	1908.95
249	10    	1157.17	731.057 	1908.95
250	10    	1157.17	731.057 	1908.95
251	10    	1157.17	731.057 	1908.95
252	10    	1157.17	731.057 	1908.95
253	10    	1157.17	731.057 	1908.95
254	10    	1157.17	731.057 	1908.95
255	10    	1157.17	731.057 	1908.95
256	10    	1157.17	731.057 	1908.95
257	10    	1157.17	731.057 	1908.95
258	10    	1157.17	731.057 	1908.95
259	10    	1157.17	731.057 	1908.95
260	10    	1157.17	731.057 	1908.95
261	10    	1157.17	731.057 	1908.95
262	10    	1157.17	731.057 	1908.95
263	10    	1157.17	731.057 	1908.95
264	10    	1157.17	731.057 	1908.95
265	10    	1157.17	731.057 	1908.95
266	10    	1157.17	731.057 	1908.95
267	10    	1157.17	731.057 	1908.95
268	10    	1157.17	731.057 	1908.95
269	10    	1157.17	731.057 	1908.95
270	10    	1157.17	731.057 	1908.95
271	10    	1157.17	731.057 	1908.95
272	10    	1157.17	731.057 	1908.95
273	10    	1157.17	731.057 	1908.95
274	10    	1157.17	731.057 	1908.95
275	10    	1157.17	731.057 	1908.95
276	10    	1157.17	731.057 	1908.95
277	10    	1184.66	731.057 	1908.95
278	10    	1184.66	731.057 	1908.95
279	10    	1184.66	731.057 	1908.95
280	10    	1184.66	731.057 	1908.95
281	10    	1184.66	731.057 	1908.95
282	10    	1184.66	731.057 	1908.95
283	10    	1184.66	731.057 	1908.95
284	10    	1184.66	731.057 	1908.95
285	10    	1184.66	731.057 	1908.95
286	10    	1184.66	731.057 	1908.95
287	10    	1200.26	731.057 	1908.95
288	10    	1221.25	731.057 	1908.95
289	10    	1221.25	731.057 	1908.95
290	10    	1221.25	731.057 	1908.95
291	10    	1221.25	731.057 	1908.95
292	10    	1221.25	731.057 	1908.95
293	10    	1221.25	731.057 	1908.95
294	10    	1221.25	731.057 	1908.95
295	10    	1221.25	731.057 	1908.95
296	10    	1221.25	731.057 	1908.95
297	10    	1221.25	731.057 	1908.95
298	10    	1221.25	731.057 	1908.95
299	10    	1221.25	731.057 	1908.95
300	10    	1221.25	731.057 	1908.95
301	10    	1221.25	731.057 	1908.95
302	10    	1221.25	731.057 	1908.95
303	10    	1221.25	731.057 	1908.95
304	10    	1221.25	731.057 	1908.95
305	10    	1221.25	731.057 	1908.95
306	10    	1221.25	731.057 	1908.95
307	10    	1221.25	731.057 	1908.95
308	10    	1221.25	731.057 	1908.95
309	10    	1221.25	731.057 	1908.95
310	10    	1221.25	731.057 	1908.95
311	10    	1221.25	731.057 	1908.95
312	10    	1221.25	731.057 	1908.95
313	10    	1221.25	731.057 	1908.95
314	10    	1221.25	731.057 	1908.95
315	10    	1221.25	731.057 	1908.95
316	10    	1221.25	731.057 	1908.95
317	10    	1221.25	731.057 	1908.95
318	10    	1221.25	731.057 	1908.95
319	10    	1221.25	731.057 	1908.95
320	10    	1221.25	731.057 	1908.95
321	10    	1221.25	731.057 	1908.95
322	10    	1221.25	731.057 	1908.95
323	10    	1221.25	731.057 	1908.95
324	10    	1221.25	731.057 	1908.95
325	10    	1221.25	731.057 	1908.95
326	10    	1221.25	731.057 	1908.95
327	10    	1221.25	731.057 	1908.95
328	10    	1221.25	731.057 	1908.95
329	10    	1267.43	731.057 	1908.95
330	10    	1267.43	731.057 	1908.95
331	10    	1267.43	731.057 	1908.95
332	10    	1267.43	731.057 	1908.95
333	10    	1272.5 	731.057 	1908.95
334	10    	1272.5 	731.057 	1908.95
335	10    	1272.5 	731.057 	1908.95
336	10    	1272.5 	731.057 	1908.95
337	10    	1272.5 	731.057 	1908.95
338	10    	1272.5 	731.057 	1908.95
339	10    	1272.5 	731.057 	1908.95
340	10    	1272.5 	731.057 	1908.95
341	10    	1272.5 	731.057 	1908.95
342	10    	1272.5 	731.057 	1908.95
343	10    	1272.5 	731.057 	1908.95
344	10    	1272.5 	731.057 	1908.95
345	10    	1272.5 	731.057 	1908.95