gen	nevals	avg    	min 	max  
0  	50    	2010   	160 	5448 
1  	50    	1890.48	48  	5004 
2  	50    	2292.4 	180 	6644 
3  	50    	2288.64	240 	5700 
4  	50    	2319.52	656 	4432 
5  	50    	2421.44	136 	6236 
6  	50    	2429.76	236 	4276 
7  	50    	2247.92	312 	4512 
8  	50    	2490   	256 	5888 
9  	50    	2685.36	564 	6236 
10 	50    	2302.96	548 	5060 
11 	50    	2698.4 	488 	8204 
12 	50    	2235.2 	312 	5904 
13 	50    	2299.12	772 	6500 
14 	50    	2503.92	304 	6908 
15 	50    	2691.28	672 	6488 
16 	50    	2429.2 	180 	6812 
17 	50    	2569.52	404 	6104 
18 	50    	2319.92	780 	5544 
19 	50    	2428.72	296 	6296 
20 	50    	2467.68	344 	6572 
21 	50    	2296.08	820 	4340 
22 	50    	2430.8 	1032	6464 
23 	50    	2412.8 	368 	6080 
24 	50    	2325.52	476 	4040 
25 	50    	2598.16	352 	6476 
26 	50    	2904.96	688 	6544 
27 	50    	2471.76	724 	7456 
28 	50    	2518.56	512 	6056 
29 	50    	2224.4 	276 	6264 
30 	50    	2396.72	564 	5756 
31 	50    	2588.32	692 	7356 
32 	50    	2275.6 	456 	6820 
33 	50    	2418.8 	488 	5700 
34 	50    	2667.44	364 	7080 
35 	50    	2744.72	388 	7600 
36 	50    	2281.52	736 	4552 
37 	50    	2577.44	740 	4464 
38 	50    	2377.92	556 	4488 
39 	50    	2212.4 	376 	5964 
40 	50    	2197.76	264 	5088 
41 	50    	2686.8 	584 	6900 
42 	50    	2652.8 	652 	6420 
43 	50    	2666   	540 	6508 
44 	50    	2297.92	380 	5792 
45 	50    	2555.36	360 	6436 
46 	50    	2583.76	856 	6480 
47 	50    	2434.96	216 	5116 
48 	50    	2268.56	560 	4632 
49 	50    	2174.96	660 	4244 
50 	50    	2665.28	732 	5464 
51 	50    	2118.48	628 	4576 
52 	50    	2799.2 	696 	6536 
53 	50    	2299.84	576 	4260 
54 	50    	2564.48	704 	5680 
55 	50    	2289.92	708 	5440 
56 	50    	2338.24	612 	4088 
57 	50    	2428   	328 	4648 
58 	50    	2642.4 	652 	6576 
59 	50    	2219.2 	796 	4392 
60 	50    	2521.68	596 	6180 
61 	50    	2465.68	788 	4280 
62 	50    	2305.68	432 	7188 
63 	50    	2347.36	584 	5760 
64 	50    	2612.8 	484 	7616 
65 	50    	2445.84	624 	6208 
66 	50    	2389.6 	256 	6484 
67 	50    	2667.2 	412 	6800 
68 	50    	2641.84	388 	6468 
69 	50    	2546.24	416 	7912 
70 	50    	2498.08	480 	7324 
71 	50    	2415.76	920 	6176 
72 	50    	2654.88	688 	4444 
73 	50    	2399.6 	732 	6384 
74 	50    	2784.8 	976 	5704 
75 	50    	2420.56	260 	4788 
76 	50    	2452.56	216 	5716 
77 	50    	2171.2 	188 	6308 
78 	50    	2401.28	576 	5668 
79 	50    	2556.08	720 	7616 
80 	50    	2250.96	576 	5756 
81 	50    	2207.92	208 	5664 
82 	50    	2620.16	528 	7040 
83 	50    	2264.24	660 	5384 
84 	50    	2494.96	356 	4248 
85 	50    	2164.08	480 	5856 
86 	50    	2538.56	444 	7092 
87 	50    	2378.32	540 	6488 
88 	50    	2213.52	136 	7088 
89 	50    	2551.52	276 	5056 
90 	50    	2325.2 	408 	5648 
91 	50    	2493.28	300 	6388 
92 	50    	2134.96	508 	6792 
93 	50    	2471.2 	500 	5096 
94 	50    	2199.2 	296 	5260 
95 	50    	2546.8 	412 	6620 
96 	50    	2392.8 	592 	7464 
97 	50    	2318.48	576 	5984 
98 	50    	2268.72	384 	6496 
99 	50    	2689.36	636 	5628 
100	50    	2450.16	616 	6212 
101	50    	2382   	424 	5756 
102	50    	2396.64	564 	6480 
103	50    	2553.28	756 	5724 
104	50    	2351.2 	408 	6320 
105	50    	2664.16	176 	10584
106	50    	2495.28	408 	6472 
107	50    	2479.92	456 	6608 
108	50    	2449.76	380 	6416 
109	50    	2498.72	276 	5608 
110	50    	2482.8 	520 	6256 
111	50    	2345.12	564 	4200 
112	50    	2637.84	500 	6480 
113	50    	2465.12	596 	5472 
114	50    	2488.16	588 	5052 
115	50    	2540.72	736 	7024 
116	50    	2388.32	544 	6064 
117	50    	2241.6 	664 	6036 
118	50    	2746.56	288 	7072 
119	50    	2542.08	464 	7124 
120	50    	2158.32	320 	6424 
121	50    	2239.44	540 	4488 
122	50    	2437.28	592 	6576 
123	50    	2547.36	284 	5712 
124	50    	2283.52	212 	4236 
125	50    	2967.44	600 	7096 
126	50    	2292.32	568 	4588 
127	50    	2521.84	708 	6280 
128	50    	2478   	516 	6484 
129	50    	2708.64	660 	6548 
130	50    	2287.28	316 	4768 
131	50    	2314   	900 	6248 
132	50    	2542   	484 	6944 
133	50    	2585.12	356 	6596 
134	50    	2556.48	532 	7556 
135	50    	2335.84	488 	7300 
136	50    	2473.12	468 	4348 
137	50    	2854.64	924 	5668 
138	50    	2736.56	744 	7908 
139	50    	2610.08	512 	6516 
140	50    	2637.12	460 	6308 
141	50    	2731.6 	800 	4508 
142	50    	2870.8 	732 	7752 
143	50    	2632.88	1076	6124 
144	50    	2139.12	524 	3928 
145	50    	2442.24	400 	7564 
146	50    	2611.44	804 	7136 
147	50    	2472.4 	464 	6316 
148	50    	2199.2 	676 	5736 
149	50    	2281.36	508 	5232 
150	50    	2360   	376 	4528 
151	50    	2526.72	680 	5740 
152	50    	2202.72	756 	6452 
153	50    	2560.4 	572 	6496 
154	50    	2630.64	628 	7444 
155	50    	2783.68	924 	6564 
156	50    	2549.76	868 	5628 
157	50    	2369.68	712 	6468 
158	50    	2165.36	500 	6264 
159	50    	2043.92	504 	5052 
160	50    	2516.64	452 	7360 
161	50    	2636.88	1088	6112 
162	50    	2168.48	572 	6544 
163	50    	2507.28	784 	6388 
164	50    	2829.04	640 	6924 
165	50    	2416.8 	636 	6420 
166	50    	2418.72	656 	6820 
167	50    	2214.16	356 	4488 
168	50    	2484.24	440 	4584 
169	50    	2345.28	172 	6700 
170	50    	2265.28	540 	5280 
171	50    	2293.04	416 	5984 
172	50    	2519.76	576 	6344 
173	50    	2422.32	552 	5840 
174	50    	2344.72	156 	6680 
175	50    	2383.76	492 	5672 
176	50    	2564.8 	580 	6336 
177	50    	2512.16	292 	4656 
178	50    	2260.48	328 	5896 
179	50    	2487.36	444 	6872 
180	50    	2638.88	548 	6760 
181	50    	2384   	768 	6392 
182	50    	2359.6 	596 	5488 
183	50    	2609.52	308 	6716 
184	50    	2305.12	208 	6024 
185	50    	2449.68	284 	5508 
186	50    	2348.32	348 	5084 
187	50    	2583.44	392 	5808 
188	50    	2219.92	436 	5904 
189	50    	2270.8 	612 	4876 
190	50    	2197.6 	380 	4108 
191	50    	2302.24	700 	5720 
192	50    	2160.8 	584 	3776 
193	50    	2168.88	392 	6428 
194	50    	2083.84	580 	4288 
195	50    	2431.44	152 	6256 
196	50    	2401.52	988 	4396 
197	50    	2388.56	652 	5708 
198	50    	2544.8 	452 	6824 
199	50    	2455.76	460 	6216 
200	50    	2668.16	856 	4264 
201	50    	2639.52	736 	6208 
202	50    	2631.44	1160	6648 
203	50    	2474.72	400 	5548 
204	50    	2531.04	584 	6492 
205	50    	2374.96	488 	7260 
206	50    	2537.12	632 	7036 
207	50    	2185.36	704 	4044 
208	50    	2388.72	376 	5200 
209	50    	2438.72	564 	7636 
210	50    	2673.92	660 	7096 
211	50    	2524.88	680 	7308 
212	50    	2605.44	560 	7416 
213	50    	2317.6 	416 	5968 
214	50    	2622.72	576 	5476 
215	50    	2373.44	292 	5920 
216	50    	2269.2 	712 	5208 
217	50    	2683.68	580 	6880 
218	50    	2251.68	336 	5672 
219	50    	2445.36	280 	4296 
220	50    	2216.08	356 	5360 
221	50    	2494.72	684 	6596 
222	50    	2854.16	1096	5964 
223	50    	2481.76	660 	6708 
224	50    	2354.48	504 	7484 
225	50    	2404.48	1004	6200 
226	50    	2467.12	860 	5632 
227	50    	2170   	308 	4776 
228	50    	2628.56	372 	6208 
229	50    	2301.2 	340 	5084 
230	50    	2445.6 	776 	5468 
231	50    	2630.08	668 	6556 
232	50    	2623.76	804 	6768 
233	50    	2067.52	532 	5204 
234	50    	2356   	432 	5544 
235	50    	2517.84	696 	5636 
236	50    	2462.56	740 	4596 
237	50    	2414   	368 	6752 
238	50    	2614.4 	672 	5864 
239	50    	2453.92	608 	5528 
240	50    	2816.72	732 	7932 
241	50    	2575.44	420 	6636 
242	50    	2819.2 	1064	6660 
243	50    	2189.2 	216 	6496 
244	50    	2462   	800 	5856 
245	50    	2316.24	612 	6284 
246	50    	2708.24	704 	5600 
247	50    	2278.08	664 	5572 
248	50    	2602.4 	752 	6096 
249	50    	2475.28	668 	6888 
250	50    	2637.6 	764 	6920 
251	50    	2359.92	264 	5164 
252	50    	2428.48	408 	6448 
253	50    	2488.16	680 	5768 
254	50    	2374.8 	472 	4520 
255	50    	2405.92	708 	5468 
256	50    	2722.8 	772 	6024 
257	50    	2776.56	632 	4600 
258	50    	2351.76	860 	6924 
259	50    	2627.2 	644 	6024 
260	50    	2339.28	716 	5168 
261	50    	2679.6 	420 	7940 
262	50    	2418.88	816 	6124 
263	50    	2718.24	880 	5892 
264	50    	2358.8 	608 	5328 
265	50    	2460.96	596 	6396 
266	50    	2479.52	756 	6500 
267	50    	2330.56	564 	5948 
268	50    	2518.48	876 	6176 
269	50    	2520   	704 	6488 
270	50    	2152.72	372 	5452 
271	50    	2419.52	832 	4632 
272	50    	2636.96	1184	6064 
273	50    	2359.44	556 	5192 
274	50    	2555.52	1064	6596 
275	50    	2404.24	660 	5812 
276	50    	2746.08	676 	6404 
277	50    	2351.76	808 	6164 
278	50    	2295.84	516 	7032 
279	50    	2667.12	624 	4632 
280	50    	2594.48	728 	6280 
281	50    	2570.24	232 	6196 
282	50    	2589.52	1044	5616 
283	50    	2405.92	672 	6768 
284	50    	2698.72	776 	7512 
285	50    	2382.96	448 	4424 
286	50    	2516.32	856 	5548 
287	50    	2525.76	524 	6604 
288	50    	2482.8 	860 	5820 
289	50    	2178.88	724 	6424 
290	50    	2367.68	796 	6348 
291	50    	2687.6 	484 	7836 
292	50    	2744.32	592 	6512 
293	50    	2521.12	648 	5784 
294	50    	2539.68	608 	6632 
295	50    	2434   	576 	5616 
296	50    	2306.88	408 	4844 
297	50    	2322.16	212 	5024 
298	50    	2641.76	512 	6732 
299	50    	2590.32	756 	6148 
300	50    	2762.24	444 	6532 
301	50    	2854   	1056	7616 
302	50    	2623.04	588 	6752 
303	50    	2377.92	692 	6540 
304	50    	2548.16	560 	6976 
305	50    	2362.56	544 	5912 
306	50    	2621.2 	296 	5304 
307	50    	2371.36	192 	5988 
308	50    	2477.44	568 	5732 
309	50    	2755.2 	800 	6060 
310	50    	2829.12	544 	6432 
311	50    	2524.24	736 	5808 
312	50    	2347.12	404 	5796 
313	50    	2460.88	816 	5596 
314	50    	2311.76	324 	6828 
315	50    	2387.44	460 	5712 
316	50    	2415.76	584 	6164 
317	50    	2617.44	772 	5696 
318	50    	2457.76	280 	6232 
319	50    	2421.12	144 	7096 
320	50    	2694.4 	244 	6524 
321	50    	2442.88	708 	5632 
322	50    	2607.36	620 	5280 
323	50    	2527.84	440 	4852 
324	50    	2962.32	288 	6380 
325	50    	2032.64	384 	6152 
326	50    	2346   	148 	4652 
327	50    	2260.24	300 	6008 
328	50    	2494.16	344 	4856 
329	50    	2421.92	608 	4568 
330	50    	2441.68	364 	5036 
331	50    	2410   	172 	6752 
332	50    	2421.92	680 	5548 
333	50    	2233.2 	272 	5740 
334	50    	2308.48	664 	4328 
335	50    	2327.44	400 	5936 
336	50    	2199.68	308 	6820 
337	50    	2306.64	564 	6040 
338	50    	2765.04	408 	6488 
339	50    	2550.16	396 	6236 
340	50    	2570.48	728 	6712 
341	50    	2410.72	460 	5292 
342	50    	2468.96	792 	6768 
343	50    	2585.44	932 	6368 
344	50    	2607.28	336 	6148 
345	50    	2474.56	756 	6296 
346	50    	2491.44	448 	4368 
347	50    	2281.2 	872 	5884 
348	50    	2437.68	560 	6560 
349	50    	2400.88	268 	6460 
350	50    	2270   	696 	7476 
351	50    	2552.24	484 	6624 
352	50    	2825.92	496 	6636 
353	50    	2391.12	428 	5896 
354	50    	2179.84	292 	5752 
355	50    	2448   	744 	4052 
356	50    	2480.4 	660 	6768 
357	50    	2532.56	624 	5160 
358	50    	2129.28	292 	5008 
359	50    	2402.64	616 	5416 
360	50    	2298.88	388 	5648 
361	50    	2257.84	524 	5668 
362	50    	2213.04	592 	5504 
363	50    	2488.32	520 	6760 
364	50    	2732.8 	400 	6560 
365	50    	2227.84	244 	5532 
366	50    	2642.4 	872 	7440 
367	50    	2467.44	356 	6920 
368	50    	2599.84	524 	6520 
369	50    	2742.96	508 	6440 
370	50    	2578   	740 	6760 
371	50    	2441.2 	572 	4992 
372	50    	2169.44	528 	4952 
373	50    	2705.6 	580 	4388 
374	50    	2558.32	812 	4236 
375	50    	2247.68	600 	5468 
376	50    	2621.28	616 	7512 
377	50    	2484.16	572 	5052 
378	50    	2776.16	892 	5908 
379	50    	2329.84	476 	4920 
380	50    	2477.84	492 	4468 
381	50    	2494.96	324 	5412 
382	50    	2714.16	580 	7412 
383	50    	2240.24	748 	6276 
384	50    	2316.4 	308 	7428 
385	50    	2819.12	712 	7372 
386	50    	2706.4 	592 	7728 
387	50    	2696.8 	788 	6548 
388	50    	2222.88	808 	4176 
389	50    	2512.72	176 	6412 
390	50    	2486.96	668 	6328 
391	50    	2289.68	232 	5512 
392	50    	2599.76	412 	4520 
393	50    	2568.08	628 	6000 
394	50    	2295.68	288 	5660 
395	50    	2237.52	284 	4628 
396	50    	2352.8 	360 	4028 
397	50    	2334.32	608 	4684 
398	50    	2428.88	124 	5096 
399	50    	2238.4 	424 	4208 
400	50    	2276.96	200 	6392 
401	50    	2442.72	308 	5556 
402	50    	2193.28	456 	4540 
403	50    	2386.16	580 	4180 
404	50    	2275.76	712 	5160 
405	50    	2283.84	404 	6284 
406	50    	2405.2 	624 	5256 
407	50    	2302.64	784 	5360 
408	50    	2664.88	648 	9204 
409	50    	2474.64	220 	5792 
410	50    	2587.76	348 	6596 
411	50    	2475.68	696 	6256 
412	50    	2490.08	656 	5876 
413	50    	2272   	224 	5392 
414	50    	2439.6 	556 	5328 
415	50    	2456.08	744 	6600 
416	50    	2366.4 	712 	5324 
417	50    	2523.68	448 	7416 
418	50    	2524.16	384 	5920 
419	50    	2499.76	592 	6816 
420	50    	2660.64	300 	6820 
421	50    	2505.92	428 	6776 
422	50    	2412.56	728 	6364 
423	50    	2309.6 	476 	7612 
424	50    	2319.04	412 	7352 
425	50    	2672.88	460 	5832 
426	50    	2423.76	724 	5016 
427	50    	2730.08	320 	7380 
428	50    	2587.6 	588 	6220 
429	50    	2593.44	672 	5600 
430	50    	2452.64	232 	7752 
431	50    	2473.92	644 	5148 
432	50    	2277.52	648 	6600 
433	50    	2733.44	880 	6676 
434	50    	2366.48	304 	7072 
435	50    	2522.88	228 	6444 
436	50    	2324.72	160 	6820 
437	50    	2390.8 	644 	7268 
438	50    	2159.6 	584 	4420 
439	50    	2514.16	500 	5208 
440	50    	2232.4 	580 	7536 
441	50    	2298.08	520 	6400 
442	50    	2472.56	644 	5680 
443	50    	2713.6 	768 	11116
444	50    	2552.16	516 	6100 
445	50    	2560   	608 	4320 
446	50    	2866.32	632 	6880 
447	50    	2549.52	884 	5180 
448	50    	2616.8 	732 	5224 
449	50    	2353.36	280 	5792 
450	50    	2219.52	704 	5880 
451	50    	2607.76	388 	6692 
452	50    	2294.08	344 	5272 
453	50    	2695.04	836 	5500 
454	50    	2359.84	728 	5192 
455	50    	2524.64	752 	6556 
456	50    	2357.92	376 	5976 
457	50    	2444.4 	304 	7000 
458	50    	2650.32	564 	7032 
459	50    	2346.08	516 	7988 
460	50    	2515.44	372 	5504 
461	50    	2779.92	1168	6488 
462	50    	2289.76	660 	5804 
463	50    	2036.56	496 	6544 
464	50    	2621.12	220 	5260 
465	50    	2474.72	460 	5604 
466	50    	2340.32	320 	6156 
467	50    	2115.36	260 	5584 
468	50    	2751.2 	572 	7248 
469	50    	2246   	704 	5540 
470	50    	2473.52	692 	5696 
471	50    	2639.36	144 	7504 
472	50    	2213.36	380 	4180 
473	50    	2722.08	476 	5884 
474	50    	2426.64	548 	5604 
475	50    	2504.8 	688 	5172 
476	50    	2639.52	768 	6924 
477	50    	2169.28	408 	4284 
478	50    	2601.44	444 	5520 
479	50    	2766.88	796 	6444 
480	50    	2298.8 	588 	4280 
481	50    	2774.64	808 	6608 
482	50    	2237.44	288 	5816 
483	50    	2495.44	484 	6008 
484	50    	2370.72	516 	5548 
485	50    	2519.92	692 	6256 
486	50    	2614.56	320 	7448 
487	50    	2518.32	296 	6388 
488	50    	2383.92	508 	4548 
489	50    	2523.92	692 	4556 
490	50    	2195.12	588 	3956 
491	50    	2460.56	440 	5468 
492	50    	2235.2 	664 	5560 
493	50    	2446.32	744 	5148 
494	50    	2191.84	700 	4652 
495	50    	2247.68	424 	6388 
496	50    	2444.4 	496 	4640 
497	50    	2498.24	712 	5588 
498	50    	2521.36	384 	7244 
499	50    	2620.8 	400 	6488 
500	50    	2351.2 	240 	6444 
501	50    	2418   	564 	7744 
502	50    	2740.48	288 	7740 
503	50    	2311.76	132 	6236 
504	50    	2214.48	512 	4420 
505	50    	2486.88	520 	6272 
506	50    	2478.64	620 	4736 
507	50    	2750.48	232 	7292 
508	50    	2363.44	796 	4236 
509	50    	2166.32	432 	4180 
510	50    	2494.4 	568 	6340 
511	50    	2585.68	692 	6596 
512	50    	2649.68	872 	5760 
513	50    	2562.88	496 	6792 
514	50    	2202.72	636 	4540 
515	50    	2478   	644 	5304 
516	50    	2446.8 	732 	5480 
517	50    	2790.08	676 	7264 
518	50    	2396.72	632 	4636 
519	50    	2349.52	504 	6048 
520	50    	2321.52	248 	7960 
521	50    	2229.12	496 	5748 
522	50    	2441.36	348 	5880 
523	50    	2718.88	680 	6000 
524	50    	2586.72	604 	6288 
525	50    	2437.84	588 	4324 
526	50    	2664.48	588 	5864 
527	50    	2698.08	668 	6300 
528	50    	2760.16	684 	6696 
529	50    	2458.72	484 	7392 
530	50    	2455.84	548 	6720 
531	50    	2597.84	796 	5404 
532	50    	2768.96	672 	6244 
533	50    	2654.56	288 	6872 
534	50    	2566.08	480 	5808 
535	50    	2532.56	324 	6204 
536	50    	2208.08	596 	4796 
537	50    	2809.04	1048	5828 
538	50    	2430.8 	568 	4352 
539	50    	2508.08	540 	6844 
540	50    	2381.68	596 	6252 
541	50    	2203.84	236 	6156 
542	50    	2473.44	344 	5704 
543	50    	2371.76	888 	6816 
544	50    	2585.52	640 	6800 
545	50    	2427.44	348 	6788 
546	50    	2855.04	568 	6592 
547	50    	2374.64	512 	5700 
548	50    	2555.92	200 	5728 
549	50    	2465.28	512 	4520 
550	50    	2393.52	564 	5028 
551	50    	2379.36	424 	6244 
552	50    	2240.48	596 	3968 
553	50    	2654.56	624 	5844 
554	50    	2468.96	760 	7176 
555	50    	2743.84	480 	5672 
556	50    	2565.52	604 	6208 
557	50    	2766.96	744 	7944 
558	50    	2611.52	188 	6588 
559	50    	2490.72	452 	7752 
560	50    	2447.12	492 	5408 
561	50    	2358.64	300 	4220 
562	50    	2420.48	568 	6248 
563	50    	2155.44	572 	4764 
564	50    	2089.44	268 	4268 
565	50    	2551.52	544 	6348 
566	50    	2294.72	364 	5336 
567	50    	2372.8 	596 	6752 
568	50    	2547.92	428 	7136 
569	50    	2544.48	628 	6020 
570	50    	2146.96	644 	6200 
571	50    	2595.6 	736 	6620 
572	50    	2408.32	748 	6148 
573	50    	2458.8 	396 	6596 
574	50    	2077.2 	392 	4472 
575	50    	2438.32	728 	6480 
576	50    	2479.52	468 	6864 
577	50    	2255.52	592 	5240 
578	50    	2134.16	284 	5532 
579	50    	2605.36	544 	6596 
580	50    	2464.72	736 	4240 
581	50    	2264.4 	584 	4188 
582	50    	2580.64	580 	6828 
583	50    	2753.6 	648 	6504 
584	50    	2322.4 	700 	6560 
585	50    	2189.04	356 	5124 
586	50    	2353.6 	500 	5488 
587	50    	2402.64	872 	5396 
588	50    	2659.68	412 	6488 
589	50    	2341.12	512 	5724 
590	50    	2574.96	684 	4756 
591	50    	2520   	560 	7404 
592	50    	2695.52	276 	6180 
593	50    	2488.88	788 	5664 
594	50    	2383.12	728 	6124 
595	50    	2319.6 	460 	6208 
596	50    	2592.24	548 	6596 
597	50    	2393.68	800 	4364 
598	50    	2337.36	448 	6436 
599	50    	2333.36	268 	5660 
600	50    	2397.28	364 	4324 
601	50    	2188.56	632 	5480 
602	50    	2454.64	688 	7628 
603	50    	2152.4 	364 	6144 
604	50    	2435.76	716 	5688 
605	50    	2648.88	716 	6148 
606	50    	2682.96	524 	6220 
607	50    	2425.92	704 	6516 
608	50    	2440.96	564 	4368 
609	50    	2924.64	584 	6488 
610	50    	2470.64	224 	5956 
611	50    	2499.6 	164 	6036 
612	50    	2542.8 	768 	6272 
613	50    	2504.08	812 	5188 
614	50    	2315.04	552 	6116 
615	50    	2463.6 	672 	5344 
616	50    	2206.56	552 	4316 
617	50    	2636.56	316 	6112 
618	50    	2450   	428 	5440 
619	50    	2573.76	520 	6504 
620	50    	2710.88	584 	7188 