gen	nevals	avg     	min      	max     
0  	20    	0.120313	0        	0.615625
1  	20    	0.176563	0        	0.642187
2  	20    	0.230078	0        	0.732813
3  	20    	0.302578	0        	0.732813
4  	20    	0.316211	0        	0.732813
5  	20    	0.388008	0.0109375	0.732813
6  	20    	0.445313	0.0648438	0.732813
7  	20    	0.455195	0.0648438	0.74375 
8  	20    	0.499883	0.0648438	0.74375 
9  	20    	0.532813	0.0859375	0.74375 
10 	20    	0.547578	0.0859375	0.74375 
11 	20    	0.552422	0.0859375	0.74375 
12 	20    	0.584961	0.104687 	0.74375 
13 	20    	0.588242	0.104687 	0.74375 
14 	20    	0.609805	0.104687 	0.775   
15 	20    	0.629922	0.104687 	0.775   
16 	20    	0.649492	0.378906 	0.775   
17 	20    	0.6625  	0.461719 	0.775   
18 	20    	0.668359	0.469531 	0.784375
19 	20    	0.668711	0.469531 	0.784375
20 	20    	0.673711	0.469531 	0.807031
21 	20    	0.679609	0.469531 	0.807031
22 	20    	0.686992	0.469531 	0.807031
23 	20    	0.688398	0.469531 	0.807031
24 	20    	0.688398	0.469531 	0.807031
25 	20    	0.688398	0.469531 	0.807031
26 	20    	0.689727	0.469531 	0.807031
27 	20    	0.691563	0.469531 	0.807031
28 	20    	0.700273	0.535156 	0.807031
29 	20    	0.700273	0.535156 	0.807031
30 	20    	0.710352	0.535156 	0.869531
31 	20    	0.710781	0.535156 	0.869531
32 	20    	0.719375	0.535156 	0.869531
33 	20    	0.723242	0.535156 	0.869531
34 	20    	0.726133	0.535156 	0.869531
35 	20    	0.729531	0.535156 	0.869531
36 	20    	0.730703	0.535156 	0.869531
37 	20    	0.730703	0.535156 	0.869531
38 	20    	0.731484	0.535156 	0.869531
39 	20    	0.736484	0.535156 	0.869531
40 	20    	0.736484	0.535156 	0.869531
41 	20    	0.739023	0.535156 	0.869531
42 	20    	0.741172	0.578125 	0.869531
43 	20    	0.742344	0.578125 	0.869531
44 	20    	0.750117	0.578125 	0.869531
45 	20    	0.753789	0.578125 	0.869531
46 	20    	0.753789	0.578125 	0.869531
47 	20    	0.754414	0.590625 	0.869531
48 	20    	0.754414	0.590625 	0.869531
49 	20    	0.754414	0.590625 	0.869531
50 	20    	0.756016	0.590625 	0.869531
51 	20    	0.758242	0.590625 	0.869531
52 	20    	0.758242	0.590625 	0.869531
53 	20    	0.758242	0.590625 	0.869531
54 	20    	0.761172	0.590625 	0.869531
55 	20    	0.761172	0.590625 	0.869531
56 	20    	0.764492	0.590625 	0.869531
57 	20    	0.764492	0.590625 	0.869531
58 	20    	0.768984	0.590625 	0.869531
59 	20    	0.770625	0.590625 	0.869531
60 	20    	0.77543 	0.590625 	0.869531
61 	20    	0.781055	0.590625 	0.869531
62 	20    	0.781133	0.590625 	0.869531
63 	20    	0.781719	0.590625 	0.869531
64 	20    	0.783281	0.590625 	0.869531
65 	20    	0.783437	0.590625 	0.869531
66 	20    	0.784805	0.590625 	0.869531
67 	20    	0.787148	0.590625 	0.869531
68 	20    	0.789648	0.590625 	0.869531
69 	20    	0.789648	0.590625 	0.869531
70 	20    	0.789648	0.590625 	0.869531
71 	20    	0.79207 	0.639063 	0.869531
72 	20    	0.79207 	0.639063 	0.869531
73 	20    	0.800352	0.735937 	0.869531
74 	20    	0.803555	0.735937 	0.913281
75 	20    	0.803555	0.735937 	0.913281
76 	20    	0.805781	0.735937 	0.913281
77 	20    	0.805781	0.735937 	0.913281
78 	20    	0.806172	0.735937 	0.913281
79 	20    	0.80875 	0.735937 	0.913281
80 	20    	0.80875 	0.735937 	0.913281
81 	20    	0.80875 	0.735937 	0.913281
82 	20    	0.80875 	0.735937 	0.913281
83 	20    	0.81918 	0.742188 	0.93125 
84 	20    	0.81918 	0.742188 	0.93125 
85 	20    	0.822109	0.742188 	0.93125 
86 	20    	0.822109	0.742188 	0.93125 
87 	20    	0.823008	0.742188 	0.93125 
88 	20    	0.828789	0.750781 	0.93125 
89 	20    	0.828789	0.750781 	0.93125 
90 	20    	0.828789	0.750781 	0.93125 
91 	20    	0.828789	0.750781 	0.93125 
92 	20    	0.828789	0.750781 	0.93125 
93 	20    	0.828789	0.750781 	0.93125 
94 	20    	0.828789	0.750781 	0.93125 
95 	20    	0.828789	0.750781 	0.93125 
96 	20    	0.828789	0.750781 	0.93125 
97 	20    	0.829648	0.750781 	0.93125 
98 	20    	0.83082 	0.750781 	0.93125 
99 	20    	0.83082 	0.750781 	0.93125 
100	20    	0.83082 	0.750781 	0.93125 
101	20    	0.83082 	0.750781 	0.93125 
102	20    	0.83082 	0.750781 	0.93125 
103	20    	0.83082 	0.750781 	0.93125 
104	20    	0.833281	0.750781 	0.93125 
105	20    	0.833281	0.750781 	0.93125 
106	20    	0.833281	0.750781 	0.93125 
107	20    	0.833281	0.750781 	0.93125 
108	20    	0.833281	0.750781 	0.93125 
109	20    	0.833281	0.750781 	0.93125 
110	20    	0.833281	0.750781 	0.93125 
111	20    	0.833281	0.750781 	0.93125 
112	20    	0.833281	0.750781 	0.93125 
113	20    	0.833711	0.750781 	0.93125 
114	20    	0.836602	0.750781 	0.93125 
115	20    	0.836602	0.750781 	0.93125 
116	20    	0.836602	0.750781 	0.93125 
117	20    	0.837383	0.750781 	0.93125 
118	20    	0.837383	0.750781 	0.93125 
119	20    	0.838437	0.750781 	0.93125 
120	20    	0.838437	0.750781 	0.93125 
121	20    	0.838437	0.750781 	0.93125 
122	20    	0.838437	0.750781 	0.93125 
123	20    	0.842539	0.750781 	0.93125 
124	20    	0.848398	0.750781 	0.95    
125	20    	0.848398	0.750781 	0.95    
126	20    	0.848398	0.750781 	0.95    
127	20    	0.848398	0.750781 	0.95    
128	20    	0.848398	0.750781 	0.95    
129	20    	0.848398	0.750781 	0.95    
130	20    	0.853047	0.750781 	0.95    
131	20    	0.853047	0.750781 	0.95    
132	20    	0.853047	0.750781 	0.95    
133	20    	0.853047	0.750781 	0.95    
134	20    	0.853047	0.750781 	0.95    
135	20    	0.853359	0.750781 	0.95    
136	20    	0.853359	0.750781 	0.95    
137	20    	0.853359	0.750781 	0.95    
138	20    	0.855508	0.750781 	0.95    
139	20    	0.855508	0.750781 	0.95    
140	20    	0.860547	0.750781 	0.95    
141	20    	0.860547	0.750781 	0.95    
142	20    	0.860547	0.750781 	0.95    
143	20    	0.860547	0.750781 	0.95    
144	20    	0.860547	0.750781 	0.95    
145	20    	0.860547	0.750781 	0.95    
146	20    	0.860547	0.750781 	0.95    
147	20    	0.860547	0.750781 	0.95    
148	20    	0.860547	0.750781 	0.95    
149	20    	0.860547	0.750781 	0.95    
150	20    	0.860547	0.750781 	0.95    
151	20    	0.860547	0.750781 	0.95    
152	20    	0.860547	0.750781 	0.95    
153	20    	0.860547	0.750781 	0.95    
154	20    	0.860547	0.750781 	0.95    
155	20    	0.860547	0.750781 	0.95    
156	20    	0.860547	0.750781 	0.95    
157	20    	0.860547	0.750781 	0.95    
158	20    	0.860547	0.750781 	0.95    
159	20    	0.860547	0.750781 	0.95    
160	20    	0.860547	0.750781 	0.95    
161	20    	0.860547	0.750781 	0.95    
162	20    	0.860547	0.750781 	0.95    
163	20    	0.860547	0.750781 	0.95    
164	20    	0.860547	0.750781 	0.95    
165	20    	0.860547	0.750781 	0.95    
166	20    	0.860547	0.750781 	0.95    
167	20    	0.860547	0.750781 	0.95    
168	20    	0.860547	0.750781 	0.95    
169	20    	0.861797	0.750781 	0.95    
170	20    	0.861797	0.750781 	0.95    
171	20    	0.861797	0.750781 	0.95    
172	20    	0.861797	0.750781 	0.95    
173	20    	0.861797	0.750781 	0.95    
174	20    	0.861797	0.750781 	0.95    
175	20    	0.861797	0.750781 	0.95    
176	20    	0.861797	0.750781 	0.95    
177	20    	0.863867	0.750781 	0.95    
178	20    	0.863867	0.750781 	0.95    
179	20    	0.863867	0.750781 	0.95    
180	20    	0.863867	0.750781 	0.95    
181	20    	0.863867	0.750781 	0.95    
182	20    	0.863867	0.750781 	0.95    
183	20    	0.865391	0.750781 	0.95    
184	20    	0.865391	0.750781 	0.95    
185	20    	0.865391	0.750781 	0.95    
186	20    	0.866836	0.777344 	0.95    
187	20    	0.866836	0.777344 	0.95    
188	20    	0.866836	0.777344 	0.95    
189	20    	0.869141	0.777344 	0.95    
190	20    	0.869141	0.777344 	0.95    
191	20    	0.869141	0.777344 	0.95    
192	20    	0.869141	0.777344 	0.95    
193	20    	0.869141	0.777344 	0.95    
194	20    	0.869141	0.777344 	0.95    
195	20    	0.869141	0.777344 	0.95    
196	20    	0.873906	0.777344 	0.95    
197	20    	0.873906	0.777344 	0.95    
198	20    	0.873906	0.777344 	0.95    
199	20    	0.873906	0.777344 	0.95    
200	20    	0.875625	0.777344 	0.95    
201	20    	0.876016	0.777344 	0.95    
202	20    	0.876016	0.777344 	0.95    
203	20    	0.876016	0.777344 	0.95    
204	20    	0.878672	0.777344 	0.95    
205	20    	0.878672	0.777344 	0.95    
206	20    	0.878672	0.777344 	0.95    
207	20    	0.878672	0.777344 	0.95    
208	20    	0.878672	0.777344 	0.95    
209	20    	0.878672	0.777344 	0.95    
210	20    	0.878672	0.777344 	0.95    
211	20    	0.878672	0.777344 	0.95    
212	20    	0.878672	0.777344 	0.95    
213	20    	0.878672	0.777344 	0.95    
214	20    	0.878672	0.777344 	0.95    
215	20    	0.878672	0.777344 	0.95    
216	20    	0.878672	0.777344 	0.95    
217	20    	0.878672	0.777344 	0.95    
218	20    	0.879727	0.777344 	0.95    
219	20    	0.879727	0.777344 	0.95    
220	20    	0.879727	0.777344 	0.95    
221	20    	0.879727	0.777344 	0.95    
222	20    	0.879727	0.777344 	0.95    
223	20    	0.879727	0.777344 	0.95    
224	20    	0.879727	0.777344 	0.95    
225	20    	0.879727	0.777344 	0.95    
226	20    	0.879727	0.777344 	0.95    
227	20    	0.879727	0.777344 	0.95    
228	20    	0.879727	0.777344 	0.95    
229	20    	0.879727	0.777344 	0.95    
230	20    	0.879727	0.777344 	0.95    
231	20    	0.879727	0.777344 	0.95    
232	20    	0.884922	0.779688 	0.95    
233	20    	0.884922	0.779688 	0.95    
234	20    	0.884922	0.779688 	0.95    
235	20    	0.884922	0.779688 	0.95    
236	20    	0.884922	0.779688 	0.95    
237	20    	0.884922	0.779688 	0.95    
238	20    	0.884922	0.779688 	0.95    
239	20    	0.884922	0.779688 	0.95    
240	20    	0.884922	0.779688 	0.95    
241	20    	0.884922	0.779688 	0.95    
242	20    	0.884922	0.779688 	0.95    
243	20    	0.884922	0.779688 	0.95    
244	20    	0.884922	0.779688 	0.95    
245	20    	0.888281	0.779688 	0.95    
246	20    	0.888281	0.779688 	0.95    
247	20    	0.888281	0.779688 	0.95    
248	20    	0.888281	0.779688 	0.95    
249	20    	0.888281	0.779688 	0.95    
250	20    	0.888281	0.779688 	0.95    
251	20    	0.888281	0.779688 	0.95    
252	20    	0.888281	0.779688 	0.95    
253	20    	0.888281	0.779688 	0.95    
254	20    	0.888281	0.779688 	0.95    
255	20    	0.888281	0.779688 	0.95    
256	20    	0.888281	0.779688 	0.95    
257	20    	0.888281	0.779688 	0.95    
258	20    	0.888281	0.779688 	0.95    
259	20    	0.888281	0.779688 	0.95    
260	20    	0.888281	0.779688 	0.95    
261	20    	0.888281	0.779688 	0.95    
262	20    	0.888281	0.779688 	0.95    
263	20    	0.888281	0.779688 	0.95    
264	20    	0.888281	0.779688 	0.95    
265	20    	0.888281	0.779688 	0.95    
266	20    	0.888281	0.779688 	0.95    
267	20    	0.888281	0.779688 	0.95    
268	20    	0.888281	0.779688 	0.95    
269	20    	0.888281	0.779688 	0.95    
270	20    	0.888281	0.779688 	0.95    
271	20    	0.888281	0.779688 	0.95    
272	20    	0.889062	0.779688 	0.95    
273	20    	0.889062	0.779688 	0.95    
274	20    	0.889062	0.779688 	0.95    
275	20    	0.889062	0.779688 	0.95    
276	20    	0.889062	0.779688 	0.95    
277	20    	0.889062	0.779688 	0.95    
278	20    	0.889062	0.779688 	0.95    
279	20    	0.889062	0.779688 	0.95    
280	20    	0.889062	0.779688 	0.95    
281	20    	0.889062	0.779688 	0.95    
282	20    	0.892539	0.779688 	0.95    
283	20    	0.893086	0.779688 	0.95    
284	20    	0.893086	0.779688 	0.95    
285	20    	0.893086	0.779688 	0.95    
286	20    	0.893086	0.779688 	0.95    
287	20    	0.893086	0.779688 	0.95    
288	20    	0.893086	0.779688 	0.95    
289	20    	0.893086	0.779688 	0.95    
290	20    	0.893086	0.779688 	0.95    
291	20    	0.893086	0.779688 	0.95    
292	20    	0.893086	0.779688 	0.95    
293	20    	0.893086	0.779688 	0.95    
294	20    	0.893086	0.779688 	0.95    
295	20    	0.893086	0.779688 	0.95    
296	20    	0.893086	0.779688 	0.95    
297	20    	0.893086	0.779688 	0.95    
298	20    	0.893086	0.779688 	0.95    
299	20    	0.893086	0.779688 	0.95    
300	20    	0.893086	0.779688 	0.95    
301	20    	0.893086	0.779688 	0.95    
302	20    	0.893086	0.779688 	0.95    
303	20    	0.893086	0.779688 	0.95    
304	20    	0.893086	0.779688 	0.95    
305	20    	0.893086	0.779688 	0.95    
306	20    	0.893086	0.779688 	0.95    
307	20    	0.893086	0.779688 	0.95    
308	20    	0.893086	0.779688 	0.95    
309	20    	0.893086	0.779688 	0.95    
310	20    	0.893086	0.779688 	0.95    
311	20    	0.893086	0.779688 	0.95    
312	20    	0.893086	0.779688 	0.95    
313	20    	0.893086	0.779688 	0.95    
314	20    	0.893086	0.779688 	0.95    
315	20    	0.893086	0.779688 	0.95    
316	20    	0.893086	0.779688 	0.95    
317	20    	0.893086	0.779688 	0.95    
318	20    	0.893086	0.779688 	0.95    
319	20    	0.893477	0.779688 	0.95    
320	20    	0.893477	0.779688 	0.95    
321	20    	0.893477	0.779688 	0.95    
322	20    	0.893477	0.779688 	0.95    
323	20    	0.893477	0.779688 	0.95    
324	20    	0.893477	0.779688 	0.95    
325	20    	0.893477	0.779688 	0.95    
326	20    	0.893477	0.779688 	0.95    
327	20    	0.893477	0.779688 	0.95    
328	20    	0.893477	0.779688 	0.95    
329	20    	0.897617	0.801562 	0.95    
330	20    	0.897617	0.801562 	0.95    
331	20    	0.897617	0.801562 	0.95    
332	20    	0.897617	0.801562 	0.95    
333	20    	0.897617	0.801562 	0.95    
334	20    	0.897617	0.801562 	0.95    
335	20    	0.897617	0.801562 	0.95    
336	20    	0.897617	0.801562 	0.95    
337	20    	0.897617	0.801562 	0.95    
338	20    	0.897617	0.801562 	0.95    
339	20    	0.897617	0.801562 	0.95    
340	20    	0.897617	0.801562 	0.95    
341	20    	0.897617	0.801562 	0.95    
342	20    	0.897617	0.801562 	0.95    
343	20    	0.897617	0.801562 	0.95    
344	20    	0.897617	0.801562 	0.95    
345	20    	0.897617	0.801562 	0.95    
346	20    	0.897617	0.801562 	0.95    
347	20    	0.897617	0.801562 	0.95    
348	20    	0.897617	0.801562 	0.95    
349	20    	0.897617	0.801562 	0.95    
350	20    	0.897617	0.801562 	0.95    
351	20    	0.897617	0.801562 	0.95    
352	20    	0.897617	0.801562 	0.95    
353	20    	0.897617	0.801562 	0.95    
354	20    	0.897617	0.801562 	0.95    
355	20    	0.897617	0.801562 	0.95    
356	20    	0.897617	0.801562 	0.95    
357	20    	0.897617	0.801562 	0.95    
358	20    	0.897617	0.801562 	0.95    
359	20    	0.897617	0.801562 	0.95    
360	20    	0.897617	0.801562 	0.95    
361	20    	0.897617	0.801562 	0.95    
362	20    	0.897617	0.801562 	0.95    
363	20    	0.897617	0.801562 	0.95    
364	20    	0.897617	0.801562 	0.95    
365	20    	0.897617	0.801562 	0.95    
366	20    	0.897617	0.801562 	0.95    
367	20    	0.897617	0.801562 	0.95    
368	20    	0.897617	0.801562 	0.95    
369	20    	0.899063	0.830469 	0.95    
370	20    	0.899063	0.830469 	0.95    
371	20    	0.899063	0.830469 	0.95    
372	20    	0.899063	0.830469 	0.95    
373	20    	0.899063	0.830469 	0.95    
374	20    	0.899063	0.830469 	0.95    
375	20    	0.899063	0.830469 	0.95    
376	20    	0.899063	0.830469 	0.95    
377	20    	0.899063	0.830469 	0.95    
378	20    	0.899063	0.830469 	0.95    
379	20    	0.899063	0.830469 	0.95    
380	20    	0.899063	0.830469 	0.95    
381	20    	0.899063	0.830469 	0.95    
382	20    	0.899063	0.830469 	0.95    
383	20    	0.899063	0.830469 	0.95    
384	20    	0.899063	0.830469 	0.95    
385	20    	0.899063	0.830469 	0.95    
386	20    	0.899063	0.830469 	0.95    
387	20    	0.899063	0.830469 	0.95    
388	20    	0.899063	0.830469 	0.95    
389	20    	0.899063	0.830469 	0.95    
390	20    	0.899063	0.830469 	0.95    
391	20    	0.899063	0.830469 	0.95    
392	20    	0.899063	0.830469 	0.95    
393	20    	0.899063	0.830469 	0.95    
394	20    	0.900977	0.830469 	0.95    
395	20    	0.900977	0.830469 	0.95    
396	20    	0.900977	0.830469 	0.95    
397	20    	0.900977	0.830469 	0.95    
398	20    	0.900977	0.830469 	0.95    
399	20    	0.900977	0.830469 	0.95    
400	20    	0.900977	0.830469 	0.95    
401	20    	0.900977	0.830469 	0.95    
402	20    	0.900977	0.830469 	0.95    
403	20    	0.900977	0.830469 	0.95    
404	20    	0.900977	0.830469 	0.95    
405	20    	0.900977	0.830469 	0.95    
406	20    	0.900977	0.830469 	0.95    
407	20    	0.900977	0.830469 	0.95    
408	20    	0.900977	0.830469 	0.95    
409	20    	0.900977	0.830469 	0.95    
410	20    	0.900977	0.830469 	0.95    
411	20    	0.900977	0.830469 	0.95    
412	20    	0.900977	0.830469 	0.95    
413	20    	0.900977	0.830469 	0.95    
414	20    	0.900977	0.830469 	0.95    
415	20    	0.900977	0.830469 	0.95    
416	20    	0.900977	0.830469 	0.95    
417	20    	0.900977	0.830469 	0.95    
418	20    	0.900977	0.830469 	0.95    
419	20    	0.900977	0.830469 	0.95    
420	20    	0.900977	0.830469 	0.95    
421	20    	0.900977	0.830469 	0.95    
422	20    	0.900977	0.830469 	0.95    
423	20    	0.900977	0.830469 	0.95    
424	20    	0.904414	0.8625   	0.95    
425	20    	0.904414	0.8625   	0.95    
426	20    	0.904414	0.8625   	0.95    
427	20    	0.904414	0.8625   	0.95    
428	20    	0.904414	0.8625   	0.95    
429	20    	0.904414	0.8625   	0.95    
430	20    	0.904414	0.8625   	0.95    
431	20    	0.904414	0.8625   	0.95    
432	20    	0.904414	0.8625   	0.95    
433	20    	0.904414	0.8625   	0.95    
434	20    	0.904414	0.8625   	0.95    
435	20    	0.904414	0.8625   	0.95    
436	20    	0.904414	0.8625   	0.95    
437	20    	0.904414	0.8625   	0.95    
438	20    	0.904414	0.8625   	0.95    
439	20    	0.904414	0.8625   	0.95    
440	20    	0.904414	0.8625   	0.95    
441	20    	0.904414	0.8625   	0.95    
442	20    	0.904414	0.8625   	0.95    
443	20    	0.904414	0.8625   	0.95    
444	20    	0.904414	0.8625   	0.95    
445	20    	0.904414	0.8625   	0.95    
446	20    	0.904414	0.8625   	0.95    
447	20    	0.904414	0.8625   	0.95    
448	20    	0.904414	0.8625   	0.95    
449	20    	0.904414	0.8625   	0.95    
450	20    	0.904414	0.8625   	0.95    
451	20    	0.904414	0.8625   	0.95    
452	20    	0.904414	0.8625   	0.95    
453	20    	0.904414	0.8625   	0.95    
454	20    	0.904414	0.8625   	0.95    
455	20    	0.904414	0.8625   	0.95    
456	20    	0.904414	0.8625   	0.95    
457	20    	0.904414	0.8625   	0.95    
458	20    	0.904414	0.8625   	0.95    
459	20    	0.904414	0.8625   	0.95    
460	20    	0.904414	0.8625   	0.95    
461	20    	0.904414	0.8625   	0.95    
462	20    	0.905703	0.8625   	0.95    
463	20    	0.905703	0.8625   	0.95    
464	20    	0.905703	0.8625   	0.95    
465	20    	0.905703	0.8625   	0.95    
466	20    	0.905703	0.8625   	0.95    
467	20    	0.905703	0.8625   	0.95    
468	20    	0.905703	0.8625   	0.95    
469	20    	0.905703	0.8625   	0.95    
470	20    	0.905703	0.8625   	0.95    
471	20    	0.905703	0.8625   	0.95    
472	20    	0.905703	0.8625   	0.95    
473	20    	0.905703	0.8625   	0.95    
474	20    	0.905703	0.8625   	0.95    
475	20    	0.905703	0.8625   	0.95    
476	20    	0.905703	0.8625   	0.95    
477	20    	0.905703	0.8625   	0.95    
478	20    	0.905703	0.8625   	0.95    
479	20    	0.905703	0.8625   	0.95    
480	20    	0.905703	0.8625   	0.95    
481	20    	0.905703	0.8625   	0.95    
482	20    	0.905703	0.8625   	0.95    
483	20    	0.905703	0.8625   	0.95    
484	20    	0.905703	0.8625   	0.95    
485	20    	0.905703	0.8625   	0.95    
486	20    	0.905703	0.8625   	0.95    
487	20    	0.905703	0.8625   	0.95    
488	20    	0.905703	0.8625   	0.95    
489	20    	0.905703	0.8625   	0.95    
490	20    	0.905703	0.8625   	0.95    
491	20    	0.905703	0.8625   	0.95    
492	20    	0.905703	0.8625   	0.95    
493	20    	0.905703	0.8625   	0.95    
494	20    	0.905703	0.8625   	0.95    
495	20    	0.905703	0.8625   	0.95    
496	20    	0.905703	0.8625   	0.95    
497	20    	0.905703	0.8625   	0.95    
498	20    	0.905703	0.8625   	0.95    
499	20    	0.905703	0.8625   	0.95    
500	20    	0.905703	0.8625   	0.95    
501	20    	0.905703	0.8625   	0.95    
502	20    	0.905703	0.8625   	0.95    
503	20    	0.905703	0.8625   	0.95    
504	20    	0.905703	0.8625   	0.95    
505	20    	0.905703	0.8625   	0.95    
506	20    	0.905703	0.8625   	0.95    
507	20    	0.905703	0.8625   	0.95    
508	20    	0.905703	0.8625   	0.95    
509	20    	0.905703	0.8625   	0.95    
510	20    	0.905703	0.8625   	0.95    
511	20    	0.905703	0.8625   	0.95    
512	20    	0.905703	0.8625   	0.95    
513	20    	0.905703	0.8625   	0.95    
514	20    	0.905703	0.8625   	0.95    
515	20    	0.905703	0.8625   	0.95    
516	20    	0.905703	0.8625   	0.95    
517	20    	0.905703	0.8625   	0.95    
518	20    	0.905703	0.8625   	0.95    
519	20    	0.905703	0.8625   	0.95    
520	20    	0.905703	0.8625   	0.95    
521	20    	0.905703	0.8625   	0.95    
522	20    	0.905703	0.8625   	0.95    
523	20    	0.905703	0.8625   	0.95    
524	20    	0.905703	0.8625   	0.95    
525	20    	0.905703	0.8625   	0.95    
526	20    	0.905703	0.8625   	0.95    
527	20    	0.905703	0.8625   	0.95    
528	20    	0.905703	0.8625   	0.95    
529	20    	0.905703	0.8625   	0.95    
530	20    	0.905703	0.8625   	0.95    