gen	nevals	avg   	min  	max  
0  	20    	88.65 	71.2 	114.8
1  	20    	95.92 	75.8 	119.8
2  	20    	101.77	80   	120.6
3  	20    	103.73	89.6 	113  
4  	20    	104.97	93.8 	113.8
5  	20    	108.58	93.6 	117.4
6  	20    	108.8 	96.6 	124.2
7  	20    	107.07	90.8 	119.2
8  	20    	107.15	88.6 	120.4
9  	20    	106.18	93.2 	115.8
10 	20    	107.62	96.8 	122.2
11 	20    	104.57	82.4 	115.6
12 	20    	109.83	94.8 	118.6
13 	20    	111.51	95.4 	122.4
14 	20    	109.74	93.6 	128.6
15 	20    	108.84	90.6 	127.8
16 	20    	110.44	100.2	124.4
17 	20    	113.02	102.4	120.8
18 	20    	107.62	96.8 	128.4
19 	20    	106.77	88.8 	118.2
20 	20    	109.11	97.6 	121  
21 	20    	108.26	97.2 	122  
22 	20    	110.41	99.2 	125.4
23 	20    	112.8 	95.8 	124.2
24 	20    	108.45	90   	125.2
25 	20    	114.38	106.6	123  
26 	20    	109.92	94   	121.8
27 	20    	111.4 	97.6 	126.4
28 	20    	108.92	87.8 	122.6
29 	20    	112.02	96.4 	126.4
30 	20    	109.93	96.6 	123  
31 	20    	109.02	89.4 	123.8
32 	20    	109.9 	93.6 	119.4
33 	20    	108.38	98.4 	115  
34 	20    	109.09	95.2 	123.2
35 	20    	110.41	96.2 	123.6
36 	20    	110.01	88.8 	123.2
37 	20    	108.78	88.8 	122.4
38 	20    	112.73	100.4	128.2
39 	20    	110.46	97.4 	127.2
40 	20    	112.93	97.8 	127.6
41 	20    	109.46	88.8 	129.2
42 	20    	112.96	102.4	127.6
43 	20    	109.11	93.4 	123.2
44 	20    	111.45	97   	126.6
45 	20    	110.94	93.4 	135.4
46 	20    	114.1 	103.2	131  
47 	20    	113.56	94   	128.4
48 	20    	116.25	101.8	133.2
49 	20    	114.51	98.2 	137.8
50 	20    	112.16	87.4 	127.8
51 	20    	113.72	102.8	126.6
52 	20    	111.39	98.2 	126.4
53 	20    	116.22	108.4	130.6
54 	20    	115.69	93.6 	128.4
55 	20    	114.53	103.6	123.8
56 	20    	111.69	98.6 	130.2
57 	20    	110.79	92.8 	120.6
58 	20    	115.13	104  	127.8
59 	20    	113.13	96.2 	124.4
60 	20    	116.23	94   	127.6
61 	20    	111.78	99.4 	128.2
62 	20    	113.98	95.6 	135.8
63 	20    	111.28	93.4 	128.6
64 	20    	115.15	99.6 	128.4
65 	20    	117.06	104.8	129.4
66 	20    	113.1 	95.2 	126  
67 	20    	112.95	98.2 	126.4
68 	20    	112.35	96.6 	131.8
69 	20    	116.61	86.8 	138  
70 	20    	116.99	106.8	124.6
71 	20    	115.16	99.4 	131.6
72 	20    	111.83	103.4	122  
73 	20    	115.28	106.8	133.2
74 	20    	115.28	93   	132.8
75 	20    	115.16	102.2	130.6
76 	20    	114.73	99.2 	130.2
77 	20    	114.65	101.4	133.6
78 	20    	115.58	105.8	125.6
79 	20    	112.87	96   	133.8
80 	20    	112.72	98.6 	128.2
81 	20    	114.37	102.6	129.6
82 	20    	111.65	101.2	127.2
83 	20    	116.59	107.8	128.8
84 	20    	110.48	92.2 	123.4
85 	20    	112.28	92.6 	132.8
86 	20    	113.39	99.2 	127.2
87 	20    	116.84	102.2	132.8
88 	20    	115.87	99.6 	129.6
89 	20    	109.29	90.4 	121  
90 	20    	115.97	102.2	129.2
91 	20    	113.08	94.2 	127  
92 	20    	115.5 	103  	126.2
93 	20    	111.57	91.4 	126.6
94 	20    	115.01	99.4 	127.2
95 	20    	114.53	97.6 	132  
96 	20    	116.04	98.2 	128.4
97 	20    	115.67	94.6 	135.6
98 	20    	113.32	99.2 	123.8
99 	20    	111.67	95.2 	126  
100	20    	113.11	104.4	124  
101	20    	115.66	99.6 	131.8
102	20    	112.75	92   	127  
103	20    	112.6 	100.4	121.4
104	20    	110.85	104.4	124.2
105	20    	113.21	101.6	125  
106	20    	112.63	101.4	122.4
107	20    	110.04	102.2	122.4
108	20    	112.23	93.6 	127.2
109	20    	114.48	101  	125.6
110	20    	113.75	99.8 	127.8
111	20    	115.39	102.4	135  
112	20    	113.19	100.8	125.6
113	20    	111.54	92.2 	125.8
114	20    	112.19	99.2 	122.8
115	20    	112.49	94   	126.4
116	20    	116.57	100  	131.2
117	20    	114.97	100.6	130.6
118	20    	113.49	100.4	127.8
119	20    	113.39	97   	126.6
120	20    	115.2 	110  	122.6
121	20    	113.55	105.8	126.2
122	20    	111.59	92.6 	128.6
123	20    	113.14	95   	125.6
124	20    	109.97	91.8 	124  
125	20    	116.83	98.8 	127.6
126	20    	112.21	95.6 	127.4
127	20    	112.91	96.4 	128.6
128	20    	113.41	98.6 	125.2
129	20    	116.13	97.8 	138.4
130	20    	113.51	98.4 	128.4
131	20    	115.13	102.8	131.2
132	20    	112.26	98.2 	126  
133	20    	113.24	97.6 	125.2
134	20    	114.91	100.6	130.6
135	20    	115.36	104.2	127.4
136	20    	113.7 	100.8	127.2
137	20    	113.52	104.4	132  
138	20    	114.02	99.4 	124  
139	20    	111.08	100.8	126.2
140	20    	116.01	96.4 	134.6
141	20    	114.44	99.4 	125.8
142	20    	113.82	103.8	125.2
143	20    	115.18	100  	123.6
144	20    	114.1 	103.4	124.2
145	20    	117.74	104.6	134  
146	20    	115.11	103.8	127.4
147	20    	116.19	103.4	131  
148	20    	116.33	102.4	132.4
149	20    	114.8 	98.2 	123  
150	20    	111.94	99.8 	123  
151	20    	114.97	102.6	126  
152	20    	117.37	100.2	131.4
153	20    	117.38	106.6	125.8
154	20    	115.71	98   	132.2
155	20    	113.96	94.8 	130.8
156	20    	113.27	97.6 	139.6
157	20    	114.01	99.2 	128  
158	20    	118.31	91.4 	132.6
159	20    	115.9 	96.6 	126.6
160	20    	117.48	98.8 	134.2
161	20    	118.11	103.6	129.6
162	20    	116.53	100  	127.8
163	20    	118.14	99.4 	129  
164	20    	113.74	100.6	127  
165	20    	117.23	101.2	129.6
166	20    	114.14	100.8	126.6
167	20    	113.46	96.8 	126  
168	20    	115.5 	102.6	134.8
169	20    	114.26	96.8 	129.4
170	20    	113.39	102.6	128.2
171	20    	113.39	102.6	126.8
172	20    	114.81	104.8	132.8
173	20    	117.32	109  	125  
174	20    	115.04	100.4	133.8
175	20    	117.33	106.4	129.2
176	20    	116.03	103.6	137.2
177	20    	112.44	98.2 	122.8
178	20    	116.96	106.2	137.4
179	20    	118.55	91.8 	130.8
180	20    	111.1 	98   	127.6
181	20    	117.18	102.8	125.4
182	20    	115.27	96.6 	128.2
183	20    	114.71	101.6	123.2
184	20    	115.02	100.6	134.8
185	20    	116.24	99   	128.4
186	20    	115.7 	106  	126.2
187	20    	114.72	103.8	132.6
188	20    	113.57	95.4 	130.4
189	20    	118.6 	106.6	131.6
190	20    	115.61	105.4	129.6
191	20    	119.63	109.4	129.8
192	20    	117.81	104.4	128.2
193	20    	116.74	102.4	134.2
194	20    	116.75	106.2	127.4
195	20    	116.85	103.4	137.4
196	20    	117.01	104.6	127.2
197	20    	114.51	99   	131.4
198	20    	116.35	100.2	127.4
199	20    	116.24	99.6 	128.6
200	20    	119.01	96   	128.4