gen	nevals	avg   	min  	max  
0  	20    	92.82 	77.8 	111.6
1  	20    	93.74 	76.6 	109.8
2  	20    	98.27 	83.6 	116.2
3  	20    	97.08 	84.8 	108.8
4  	20    	99.48 	82.6 	115.2
5  	20    	100.86	91.8 	112.8
6  	20    	101.04	83.8 	113.6
7  	20    	104.23	91.8 	124.6
8  	20    	106.89	90.6 	130.2
9  	20    	105.07	82.2 	119.6
10 	20    	109.93	95.4 	128  
11 	20    	107.45	92.4 	118.2
12 	20    	109.92	93.4 	122.2
13 	20    	106.53	89.2 	123  
14 	20    	108.01	86.6 	124.6
15 	20    	108.5 	92.6 	139  
16 	20    	108.75	92.6 	121.2
17 	20    	108.17	93.6 	131  
18 	20    	108.1 	93.2 	119.4
19 	20    	109.58	96.4 	122.2
20 	20    	111.91	94.8 	128.4
21 	20    	107.28	93.8 	123.8
22 	20    	110.15	96.4 	120  
23 	20    	111.04	99.2 	125.4
24 	20    	106.31	95   	116.4
25 	20    	105.05	90.2 	112.8
26 	20    	109.81	101  	125.4
27 	20    	109.4 	95.8 	118.6
28 	20    	108.54	79.4 	124.6
29 	20    	105.58	89.2 	119  
30 	20    	103.81	79.6 	116.2
31 	20    	110.73	92.6 	131.4
32 	20    	106.49	92   	117.4
33 	20    	105.92	93   	115.6
34 	20    	105.75	86   	125.4
35 	20    	106.67	93   	120.6
36 	20    	106.53	95.4 	114  
37 	20    	105.25	89.8 	116.2
38 	20    	109.48	97.6 	120.4
39 	20    	107.27	99.4 	118  
40 	20    	108.77	96.8 	119  
41 	20    	107.69	92.8 	117.4
42 	20    	106.04	91.2 	118.8
43 	20    	106.86	87.2 	123.6
44 	20    	108.59	100.6	122.2
45 	20    	109.22	93.8 	126.8
46 	20    	110.76	101.6	120.6
47 	20    	108.85	86   	128  
48 	20    	109.59	94   	125  
49 	20    	109.45	97.6 	121.4
50 	20    	109.27	97.8 	124  
51 	20    	110.17	99.4 	124.2
52 	20    	107.15	94.8 	117.2
53 	20    	109.28	96.4 	119.4
54 	20    	106.74	96.6 	115.8
55 	20    	104.79	82   	117.8
56 	20    	106.95	87.2 	124.6
57 	20    	107.36	95   	115.4
58 	20    	107.91	96.6 	123  
59 	20    	109.41	85   	123.6
60 	20    	109.33	94   	127.4
61 	20    	110.61	100.2	126.2
62 	20    	110.27	96.6 	132.6
63 	20    	110.02	93.6 	122.6
64 	20    	105.73	88.8 	124.2
65 	20    	107.99	87.8 	119.8
66 	20    	110.95	95.2 	127  
67 	20    	111.63	98.8 	123.2
68 	20    	109.93	98.6 	125.6
69 	20    	110.94	101.4	118.2
70 	20    	110.32	99   	125.8
71 	20    	109.05	95.8 	129  
72 	20    	108.17	97.8 	122.4
73 	20    	108.81	97.4 	127  
74 	20    	107.26	94   	122.4
75 	20    	108.15	95.2 	126.8
76 	20    	107.92	97   	122  
77 	20    	107.02	94.2 	116.2
78 	20    	111.69	102.2	126  
79 	20    	108.94	90.2 	119.2
80 	20    	109.37	87.8 	125.8
81 	20    	111.84	102.8	126.4
82 	20    	108.02	92.8 	117.2
83 	20    	107.75	92.8 	117.8
84 	20    	110.97	97.2 	125.2
85 	20    	108.54	90.4 	118.4
86 	20    	110.19	99.6 	122.6
87 	20    	110.63	101.2	118.8
88 	20    	106.65	94.6 	121  
89 	20    	110.42	98.4 	122.2
90 	20    	108.39	92.6 	130.4
91 	20    	109.69	94   	122.6
92 	20    	111   	98.4 	134.2
93 	20    	111.28	100.8	124.2
94 	20    	106.93	91.4 	119.4
95 	20    	108.97	95.8 	122.4
96 	20    	112.65	99.2 	130  
97 	20    	110.32	100.4	123.2
98 	20    	108.51	92.4 	122  
99 	20    	111.8 	100  	127  
100	20    	113.44	102.2	130.4
101	20    	113.2 	95.8 	125.4
102	20    	109.94	97.4 	119.6
103	20    	110.96	98.2 	121.4
104	20    	108.27	95.6 	123  
105	20    	111.71	98.8 	122.2
106	20    	110.99	99.6 	126  
107	20    	111.59	98.6 	123.6
108	20    	111.49	95   	134.2
109	20    	106.83	86.2 	123.4
110	20    	109.72	94.8 	119.6
111	20    	110.5 	97.2 	124.8
112	20    	107.53	96   	126.6
113	20    	111.59	102  	125  
114	20    	113.33	99.4 	123.8
115	20    	110.92	97.8 	127.2
116	20    	110.52	89.8 	127.2
117	20    	113.05	101.6	122.8
118	20    	110.48	98.6 	128.6
119	20    	112.06	98   	122  
120	20    	112.59	99.6 	132.8
121	20    	110.48	91.4 	124.4
122	20    	112.26	99.4 	127  
123	20    	111.35	102.8	130.2
124	20    	112.13	95.6 	126.6
125	20    	109.2 	96.2 	126.2
126	20    	110.95	92.6 	125.8
127	20    	109.9 	100  	120.6
128	20    	114.58	91   	131  
129	20    	115.65	104.8	126  
130	20    	111.32	97.2 	125.6
131	20    	113.88	97   	127.4
132	20    	111.08	96.2 	128.4
133	20    	113.81	100.8	129.2
134	20    	109.7 	94.8 	126.6
135	20    	112.27	101.4	126.8
136	20    	109.82	101.6	122.6
137	20    	112.98	101.4	129.4
138	20    	112.94	101.2	126  
139	20    	111.71	94.4 	132.8
140	20    	110.74	89   	119.4
141	20    	111.56	97.8 	133  
142	20    	112.57	99   	127.8
143	20    	112.73	100  	127.4
144	20    	115.29	105.2	128.8
145	20    	110.09	98.6 	125  
146	20    	111.76	96.4 	124.2
147	20    	111.12	96.6 	127  
148	20    	110.86	94.4 	129.2
149	20    	113.73	105.8	124.4
150	20    	114.25	101.8	132.6
151	20    	112.96	97.6 	124.2
152	20    	109.78	98.2 	120.4
153	20    	115.06	103.6	132.6
154	20    	114.61	103.4	126  
155	20    	116.01	101.8	129.6
156	20    	111.42	93.8 	122.6
157	20    	114.92	103.4	129.2
158	20    	112.79	101.2	120.2
159	20    	112.59	98.2 	129  
160	20    	113.07	96.4 	128.8
161	20    	115.33	102.8	124.8
162	20    	116.42	101  	134.8
163	20    	115.31	97   	127.6
164	20    	115.88	97.8 	133.2
165	20    	116.66	107.8	129.6
166	20    	115.52	98   	133  
167	20    	112.06	95.6 	124.2
168	20    	115.1 	101.8	129.2
169	20    	113.22	97.8 	132.2
170	20    	111.97	97.4 	129.2
171	20    	113.08	100.2	128.4
172	20    	115.38	104.6	127  
173	20    	113.97	101  	127.2
174	20    	112.83	94.2 	125.4
175	20    	116.16	102.2	129  
176	20    	114.54	103.6	125.8
177	20    	116.17	104.6	126.2
178	20    	113.22	101  	124.6
179	20    	115.95	108  	127.2
180	20    	112.67	95.8 	127.4
181	20    	114.24	101.6	135  
182	20    	115.37	96.8 	126.6
183	20    	115.66	104.6	130.2
184	20    	114.67	100.2	128.4
185	20    	114.09	89   	126.4
186	20    	110.28	100.2	131.6
187	20    	114.81	101.8	125.6
188	20    	113.31	100  	127  
189	20    	114.2 	95   	131.2
190	20    	112.22	97.4 	125.6
191	20    	114.27	104.2	125.8
192	20    	116.95	105.4	128.2
193	20    	114.41	99.8 	125.6
194	20    	114.25	98.6 	128  
195	20    	115.41	104.2	131.4
196	20    	114.59	100.6	135.6
197	20    	115.83	98   	125.8
198	20    	113.03	102  	131  
199	20    	117.44	105.2	134  
200	20    	116.31	103.4	123.4