gen	nevals	avg    	min  	max  
0  	25    	79.928 	41.6 	109  
1  	25    	98.144 	75.4 	126.4
2  	25    	99.192 	77.4 	132.4
3  	25    	103.776	90   	114.8
4  	25    	105.224	82.6 	119  
5  	25    	105.344	88.2 	119.6
6  	25    	106.072	89.2 	117  
7  	25    	109.84 	93.2 	126  
8  	25    	109.68 	97   	119.6
9  	25    	112.072	98.8 	123.8
10 	25    	112.4  	95.6 	133  
11 	25    	113.24 	96.6 	127.2
12 	25    	113.624	92.4 	133.2
13 	25    	115.448	101.4	126.2
14 	25    	113.968	97   	133.6
15 	25    	116.96 	97.2 	135.8
16 	25    	114.568	101.4	129.2
17 	25    	116.56 	98.2 	125.6
18 	25    	113.928	99   	128.6
19 	25    	116.92 	105  	131.8
20 	25    	115.448	105.6	131  
21 	25    	118.096	101  	140  
22 	25    	115.92 	108  	130  
23 	25    	118.728	106.4	137.2
24 	25    	115.272	102.2	126.4
25 	25    	114.992	99.4 	128.2
26 	25    	117.432	100.8	132.8
27 	25    	116.136	103.6	130.4
28 	25    	116.352	100.6	124.6
29 	25    	115.656	100  	129  
30 	25    	114.976	102.6	125.2
31 	25    	114.24 	104.2	125.2
32 	25    	115.888	104  	128  
33 	25    	112.376	99.8 	127.6
34 	25    	116.52 	106.2	130.4
35 	25    	115.424	102.4	131.8
36 	25    	115.808	103  	135  
37 	25    	114.08 	101.4	133.2
38 	25    	116.496	102.2	131.2
39 	25    	117.568	100.2	132.6
40 	25    	116.112	100.6	131  
41 	25    	117.104	101.6	136.4
42 	25    	115.152	96.4 	131.4
43 	25    	118.856	103.2	131.4
44 	25    	115.864	98.2 	134.2
45 	25    	117.136	106.8	129.8
46 	25    	115.824	96.6 	129.8
47 	25    	117.28 	99   	128.2
48 	25    	119.2  	106  	135  
49 	25    	113.664	101  	128.2
50 	25    	115.504	101  	135  
51 	25    	115.904	105.8	130.2
52 	25    	116.784	104  	130.6
53 	25    	117.496	104.2	132.2
54 	25    	117.656	102.8	138.4
55 	25    	117.464	108  	125.4
56 	25    	116.576	101.6	128.4
57 	25    	115.824	101  	130.4
58 	25    	117.424	99.6 	132.4
59 	25    	115.08 	101.2	132.2
60 	25    	117.2  	107  	140.6
61 	25    	115.8  	100.8	129.4
62 	25    	118.8  	105.8	132.8
63 	25    	115.504	101.4	127.2
64 	25    	115.736	97.8 	128.8
65 	25    	118.384	103.2	136.8
66 	25    	118.464	103.2	134.8
67 	25    	117.208	105.2	131.6
68 	25    	116.888	107  	129.4
69 	25    	119.088	103.4	134  
70 	25    	118.856	98.6 	128.8
71 	25    	114.456	100  	133.8
72 	25    	115.704	103.8	128.4
73 	25    	116.56 	104  	129.8
74 	25    	117.392	95.4 	128  
75 	25    	118.088	107.8	129.8
76 	25    	115.424	99.2 	132.2
77 	25    	115.624	96   	127  
78 	25    	113.776	100  	134  
79 	25    	117.04 	102  	136.2
80 	25    	116.104	103.4	136  
81 	25    	118.072	87.2 	138  
82 	25    	116.472	101.6	131  
83 	25    	117.968	103.2	133.2
84 	25    	115.256	98.4 	128.2
85 	25    	114.624	97.8 	126.6
86 	25    	112.312	96.4 	128  
87 	25    	115.056	102.8	125.2
88 	25    	114.944	96.8 	139.4
89 	25    	116.352	97   	130.6
90 	25    	116    	104  	126.2
91 	25    	113.128	103.4	124.4
92 	25    	118.32 	103  	142  
93 	25    	118.736	104.2	131.4
94 	25    	114.984	97   	131.8
95 	25    	120.768	102.6	133  
96 	25    	117.768	95.6 	133  
97 	25    	115.16 	105.8	123  
98 	25    	116.304	98.2 	132.8
99 	25    	116.16 	102  	128.2
100	25    	120.808	105  	135  
101	25    	112.544	89   	133.8
102	25    	114.192	98.2 	132.6
103	25    	115.056	101.8	129.2
104	25    	115.96 	105  	133.2
105	25    	112.4  	103.2	124.2
106	25    	116.544	102.6	132.8
107	25    	116.712	104.4	130.2
108	25    	114.928	101.4	134.8
109	25    	113.688	99.8 	124.6
110	25    	114.752	93.2 	130.4
111	25    	116.048	99.4 	134  
112	25    	113.44 	92.2 	128.6
113	25    	118.128	99.4 	131.4
114	25    	115.168	100.4	129.8
115	25    	113.976	99   	128  
116	25    	113.112	102.4	124.2
117	25    	114.072	104.4	123.8
118	25    	114.984	95.4 	126.4
119	25    	113.768	98.6 	133.6
120	25    	112.728	96.2 	128.2
121	25    	111.312	96   	122.4
122	25    	113.896	97.2 	128.8
123	25    	110.936	87.2 	123.4
124	25    	112.2  	96.2 	125.4
125	25    	111.936	85.6 	126.6
126	25    	114.184	91.8 	126.6
127	25    	113.784	92.4 	126  
128	25    	114.344	94.2 	131.2
129	25    	117.52 	108  	133  
130	25    	117.864	107.2	130.6
131	25    	114.656	99.4 	131  
132	25    	115.016	98.4 	129.6
133	25    	117.176	105.2	135.2
134	25    	111.664	93.2 	122.4
135	25    	116.76 	103.4	128.8
136	25    	117.208	102.6	135.4
137	25    	116.856	98.4 	127.8
138	25    	116.672	105  	129.4
139	25    	114.144	101.2	136.6
140	25    	119.056	108.4	128.2
141	25    	117.696	103.4	129.6
142	25    	115.024	98   	124.4
143	25    	118.016	100.6	137.6
144	25    	119.488	107.6	133.8
145	25    	117.064	107.4	125.8
146	25    	117.632	102.6	131.4
147	25    	117.176	96   	126.6
148	25    	115.44 	99.2 	128.4
149	25    	115.856	102.6	133.6
150	25    	117.608	100.4	132.8
151	25    	117.288	103.8	130.8
152	25    	119.416	109  	133.6
153	25    	117.816	101.2	136  
154	25    	116.952	98.6 	134.6
155	25    	115.784	90.4 	134.2
156	25    	117.768	107.6	129.6
157	25    	119.096	101.8	148  
158	25    	114.304	100  	128.8
159	25    	116.872	103  	127  
160	25    	116.296	102.6	129.4
161	25    	119.104	99.6 	134.2
162	25    	118.192	107.4	131.8
163	25    	117.688	103.4	128.6
164	25    	117.28 	97.2 	135.8
165	25    	116.144	100.2	128.8
166	25    	116.496	96   	129.8
167	25    	116.856	99.2 	131.6
168	25    	117.072	100.4	131.8
169	25    	117.256	101.6	130  
170	25    	116.04 	106.8	135  
171	25    	116.536	101.8	133.8
172	25    	117.568	106  	135  
173	25    	115.432	103.6	130.6
174	25    	118.456	106.8	133.8
175	25    	115.92 	106  	131.2
176	25    	115.536	104.2	128.4
177	25    	116.008	96.2 	136.4
178	25    	114.664	90   	128  
179	25    	114.424	100.4	132.6
180	25    	116.104	100.8	132.2
181	25    	113.752	97.4 	125.2
182	25    	115.152	102  	129  
183	25    	116.88 	102.4	132.4
184	25    	115.472	85.6 	137  
185	25    	118.096	97.2 	136.2
186	25    	114.432	105.2	127.2
187	25    	114.024	96.4 	125.6
188	25    	116.824	86.6 	133  
189	25    	118.184	105  	131.2
190	25    	115.768	97.8 	132.8
191	25    	115.112	103  	128.2
192	25    	117.136	89.4 	136.2
193	25    	117.456	101.8	130.6
194	25    	118.552	96.4 	134.4
195	25    	118.424	103.2	130.6
196	25    	115.808	103.4	128  
197	25    	113.312	94.4 	137.4
198	25    	116.6  	95.2 	132  
199	25    	114.616	99.6 	137.2
200	25    	113.04 	88.4 	129.6
201	25    	113.656	98   	133  
202	25    	117.784	102.4	131.2
203	25    	118.12 	97   	135.4
204	25    	117.8  	97.6 	130.8
205	25    	116.312	107.2	129.6
206	25    	117.4  	103.6	127.6
207	25    	117.112	99.2 	129.8
208	25    	119.144	107.2	137.6
209	25    	118.576	105  	131.2
210	25    	117.624	96.2 	131  
211	25    	118.008	102  	129.2
212	25    	120.056	108.8	131.6
213	25    	117.56 	104.8	129.4
214	25    	117.672	91.4 	139  
215	25    	119.248	99   	137.4
216	25    	116.744	91.8 	135.2
217	25    	119.76 	105.2	138.6
218	25    	116.824	95.4 	128.6
219	25    	118.592	107.6	140.8
220	25    	119.648	108.6	133.6
221	25    	118.68 	96.2 	133.4
222	25    	118.928	106  	135.6
223	25    	119.464	107.6	132.8
224	25    	119.208	97.6 	131.4
225	25    	118.648	106.8	130.8
226	25    	116.904	100  	133.2
227	25    	115.192	101  	136.4
228	25    	116.656	90.8 	133.6
229	25    	118.048	102  	141.4
230	25    	118.928	102.8	128.8
231	25    	119.904	104.6	135  
232	25    	117.744	104.6	129.8
233	25    	118.856	101.4	130  
234	25    	119.952	98.2 	139.2
235	25    	120.296	106.8	129.6
236	25    	119.728	102.2	134.4
237	25    	118.44 	102.6	134  
238	25    	118.624	106.4	131.8
239	25    	115.056	101  	129.6
240	25    	116.416	102.4	134.8
241	25    	115.784	103.4	132.2
242	25    	117.904	104  	133.8
243	25    	117.856	101.8	134.2
244	25    	120.864	108.6	132.6
245	25    	118.152	99.8 	133.4
246	25    	117.152	104.6	129.2
247	25    	118.056	105  	134.2
248	25    	118.256	102.4	134.4
249	25    	119.336	108.6	131.4
250	25    	116.984	105  	136.8
251	25    	118.272	99   	137.8
252	25    	115.152	97   	129.6
253	25    	116.856	104.8	130  
254	25    	118.608	103.6	133.2
255	25    	115.904	105  	130  
256	25    	115.4  	96.8 	129  
257	25    	117.8  	103.2	131.6
258	25    	114.72 	94.8 	133.6
259	25    	117.032	99.6 	126.2
260	25    	118.08 	100.4	139  
261	25    	118.84 	105.2	134.6
262	25    	119.304	102.6	136.6
263	25    	117.48 	102.6	133.8
264	25    	116.448	100.6	129.4
265	25    	116.96 	106.8	133.2
266	25    	120.896	106.2	135.2
267	25    	118.12 	106.2	141  
268	25    	115.896	103  	130  
269	25    	120.168	103.6	137.2
270	25    	118.032	108.2	134  
271	25    	116.848	108.6	136.2
272	25    	117.016	103  	131  
273	25    	116.944	107  	132.6
274	25    	118.216	101.2	131.4
275	25    	118.224	101.2	137.6
276	25    	119.488	106.6	130.6
277	25    	115.112	99   	125.6
278	25    	118.04 	106  	130.4
279	25    	117.384	96.4 	136.4
280	25    	118.256	93.4 	133.4
281	25    	118.064	97.6 	131.2
282	25    	119.744	107  	133.8
283	25    	118.688	105.8	131.6
284	25    	119.344	104.8	131.6
285	25    	117.52 	105.2	127.8
286	25    	118.024	108.8	131  
287	25    	117.376	96.8 	136.2
288	25    	120.816	100.4	143  
289	25    	117.704	91.6 	135.2
290	25    	117.68 	95   	131.8
291	25    	118.592	104.8	131.8
292	25    	116.584	103.2	130.8
293	25    	118.72 	99.8 	132.6
294	25    	117.904	100.2	142.2
295	25    	116.408	99.6 	127.2
296	25    	119.224	98.8 	131.6
297	25    	116.88 	107  	134.8
298	25    	118.464	104  	131.2
299	25    	117.616	101.2	130.8
300	25    	116.312	102.8	127  
301	25    	120.304	101.2	137  
302	25    	115.632	100.8	130.6
303	25    	120.688	106.2	135.6
304	25    	117.824	101  	134.4
305	25    	118.304	100  	129.4
306	25    	117.6  	93.6 	131  
307	25    	120.008	106.2	138.8
308	25    	117.976	99.8 	130.8
309	25    	120.256	97   	134.4
310	25    	119.504	105  	131.8
311	25    	119.992	107.4	139.6
312	25    	117.144	99.8 	134.8
313	25    	121.52 	109.2	140  
314	25    	118.96 	104.4	133.4
315	25    	121.88 	109.6	136.4
316	25    	120.456	112  	134.6
317	25    	119.92 	102  	134  
318	25    	118.248	100.6	134.4
319	25    	119.672	108  	130.2
320	25    	118.288	103.2	135.6
321	25    	115.76 	102.4	127.4
322	25    	121.32 	107.4	135  
323	25    	117.696	101.8	130  
324	25    	119.56 	107.4	132.4
325	25    	120.2  	113.2	132.2
326	25    	118.456	105.6	131  
327	25    	119.776	108  	131.2
328	25    	117.68 	100.2	140.4
329	25    	120.272	109.6	130.8
330	25    	118.52 	102.2	142.4
331	25    	117.424	99   	128.6
332	25    	117.256	96.4 	136.6
333	25    	119.264	106  	130.6
334	25    	119.352	102.8	134.6
335	25    	117.512	102.4	128.8
336	25    	119.96 	104.8	130  
337	25    	120.768	105.6	138.4
338	25    	117.88 	104.8	128.6
339	25    	117.768	107.4	129.2
340	25    	119.408	103.2	138  
341	25    	119.232	100  	133.6
342	25    	118.208	105.4	131.8
343	25    	119.976	106  	133.2
344	25    	120.368	102.8	135.6
345	25    	118.104	102.6	130.8
346	25    	121.176	102.4	132.2
347	25    	115.952	101.4	131  
348	25    	120.552	106.6	139.2
349	25    	118.16 	101.2	133.4
350	25    	117.448	104.6	133  
351	25    	118.976	108  	138.2
352	25    	120.624	106.4	133.2
353	25    	116.592	103.2	127.2
354	25    	116.576	102.4	133.8
355	25    	117.36 	106.6	130.6
356	25    	120.728	100.6	136.2
357	25    	118.024	99.2 	136.2
358	25    	119.616	106.6	128.6
359	25    	119.472	106.2	131.2
360	25    	119.192	108.8	131.6
361	25    	117.408	102.6	131.4
362	25    	118.488	92.8 	133  
363	25    	118.144	101.2	133.6
364	25    	119.112	105.8	130  
365	25    	120.832	107.2	134.2
366	25    	119.432	102  	134.8
367	25    	119.048	109.6	132.4
368	25    	119.448	105.6	134.4
369	25    	120.44 	110.6	134  
370	25    	120.728	110.8	137.8
371	25    	120.8  	107.8	134.6
372	25    	117.344	106.4	128.8
373	25    	117.144	97.8 	131.6
374	25    	119.272	108.8	132  
375	25    	118.856	102.4	141.2
376	25    	118.536	104.6	134  
377	25    	121.392	100.2	132.6
378	25    	118.048	102.6	132.4
379	25    	120.752	105.8	137.6
380	25    	116.584	103.6	131  
381	25    	118.912	106.2	132.2
382	25    	119.664	103  	135.2
383	25    	121.12 	110.2	136.8
384	25    	119.08 	103.8	135  
385	25    	118.888	98   	134.4
386	25    	120.568	102.6	133.2
387	25    	117.656	104.4	128  
388	25    	118.816	110.2	128  
389	25    	118.848	93.2 	134.6
390	25    	119.568	108.8	139.4
391	25    	119.68 	105  	130.6
392	25    	120.496	103.8	146.8
393	25    	118.904	99.8 	131.2
394	25    	117.88 	102.4	131.8
395	25    	120.056	100.6	134.2
396	25    	115.192	99.4 	131.8
397	25    	118.208	104.6	131.4
398	25    	117.624	106.2	130  
399	25    	117.704	96.4 	131  
400	25    	119.048	106.8	135.2
401	25    	117.12 	104.4	131.6
402	25    	115.872	106  	138.6
403	25    	116.592	105.4	134  
404	25    	114.816	101.8	124.6
405	25    	118.512	97.2 	136.6
406	25    	117.624	105.4	127.6
407	25    	115.592	104  	131.2
408	25    	117.168	95.4 	129.2
409	25    	116.208	102.2	131  
410	25    	115.808	106.4	128.6
411	25    	116.456	103.2	128  
412	25    	119.832	97.4 	134.8
413	25    	115.968	95.4 	132  
414	25    	118.384	104.4	135.2
415	25    	119.408	100.6	134.6
416	25    	116.368	91.2 	129.2
417	25    	116.6  	96.6 	128  
418	25    	120.056	99.2 	132  
419	25    	118.056	99   	133.2
420	25    	119.248	110.6	130.2
421	25    	116.728	81.6 	127.4
422	25    	119.144	106.2	138.6
423	25    	117.872	105.6	129.8
424	25    	116.456	105.2	132.8
425	25    	120.056	100.6	130.6
426	25    	118.272	106.4	135.2
427	25    	117.048	101.6	131  
428	25    	119.672	101.8	136.2
429	25    	115.528	104.8	123.4
430	25    	114.952	104  	129.6
431	25    	117.656	105.8	131.2
432	25    	116.216	97.4 	134.8
433	25    	116.544	94   	131.2
434	25    	118.232	98   	134.4
435	25    	118.088	101  	134.2
436	25    	118.016	103.8	130.8
437	25    	114.424	95.8 	133.8
438	25    	119.28 	106.4	133.2
439	25    	118.696	96.8 	133  
440	25    	117.6  	96.4 	129.6
441	25    	117.44 	104.2	130.4
442	25    	119.36 	101.6	132.4
443	25    	120.256	101.2	137  
444	25    	119.936	108.6	132.2
445	25    	117.408	105.2	129.8
446	25    	116    	101.2	131.2
447	25    	117.568	107.2	133.8
448	25    	119.024	103.4	130.6
449	25    	117.32 	98.2 	131.4
450	25    	118.592	108.8	140.2
451	25    	117.952	106.6	130  
452	25    	114.448	97   	128.4
453	25    	118.112	103.6	135.6
454	25    	118.792	105.2	132.4
455	25    	117.096	99.8 	127.4
456	25    	118.632	96.2 	133.2
457	25    	118.904	100  	132.2
458	25    	118.32 	100.4	135.4
459	25    	117.368	100.6	136.8
460	25    	118.024	98   	132.8
461	25    	119.368	99.4 	131.2
462	25    	118.8  	104.8	130.6
463	25    	118.848	107.8	132  
464	25    	115.448	103.2	127.8
465	25    	118.8  	101.6	138.6
466	25    	118.664	96.4 	130.6
467	25    	117.2  	104  	131.8
468	25    	117.592	101.6	130.2
469	25    	118.6  	100.8	128.6
470	25    	117.784	100.6	131  
471	25    	119.28 	87.4 	133.4
472	25    	119.952	94.4 	131.6
473	25    	118.44 	107.6	129.8
474	25    	117.936	104.4	129  
475	25    	119.208	101.4	136.4
476	25    	116.168	103.4	129.6
477	25    	119.264	108.6	138.4
478	25    	115.632	103  	127.4
479	25    	121.52 	109.2	135  
480	25    	119.416	101  	129.2
481	25    	118.232	108.4	131.4
482	25    	119.896	107.4	134  
483	25    	118.832	106.2	136.8
484	25    	120.736	107.2	135.2
485	25    	116.728	103.2	129.4
486	25    	119.24 	101.6	132.4
487	25    	118.248	101.8	129.6
488	25    	121.288	107  	138.6
489	25    	116.288	98.6 	129.6
490	25    	119.016	108.8	137  
491	25    	118.064	102.8	132  
492	25    	117.568	102.6	127.2
493	25    	117.248	97.4 	131.8
494	25    	122.376	106.2	137.2
495	25    	119.28 	108.2	128.8
496	25    	119.936	109  	134.4
497	25    	120.36 	108.4	137  
498	25    	119.152	106  	135.6
499	25    	122.824	112  	138  
500	25    	119.992	110.2	129.8