gen 	nevals	avg    	min   	max   
0   	50    	1876.14	552   	3201.2
1   	50    	2120.02	473.2 	3744  
2   	50    	2424.63	739.6 	5124.4
3   	50    	2259.5 	472.4 	3670.8
4   	50    	2594.37	609.6 	4191.6
5   	50    	2625.43	643.2 	3935.2
6   	50    	2655.84	587.2 	4230  
7   	50    	2691.14	596.4 	4394.8
8   	50    	2672.47	498   	4065.6
9   	50    	2851.61	712.4 	4305.2
10  	50    	2793.43	1864.8	4701.6
11  	50    	2914.31	1705.2	5186.8
12  	50    	2914.16	831.2 	4361.6
13  	50    	2992.11	1877.2	4216.4
14  	50    	2786.58	1094  	4064.4
15  	50    	2775.3 	873.2 	3959.6
16  	50    	2939.9 	1864.8	4271.2
17  	50    	3043.07	1824.8	5305.2
18  	50    	2909.86	1744.4	4506  
19  	50    	3166.26	1805.2	4608.8
20  	50    	3046.55	1588.8	4276.4
21  	50    	2949.38	1530.4	4070.4
22  	50    	3112.3 	1543.2	4830.8
23  	50    	2880.72	1784.8	4364.8
24  	50    	3208.82	2088  	4547.6
25  	50    	3028.49	1883.6	4834  
26  	50    	3059.49	1911.6	4556.4
27  	50    	3075.5 	1960  	4445.2
28  	50    	3035.46	930   	4250  
29  	50    	3072.49	815.2 	4891.6
30  	50    	3065.49	1930.8	5438.4
31  	50    	3014.45	794.8 	4357.2
32  	50    	2797.54	1847.2	3950  
33  	50    	2849.3 	910   	4003.6
34  	50    	2929.13	730   	4385.6
35  	50    	3064.66	1910.4	4232.8
36  	50    	3201.54	2023.6	4496.4
37  	50    	2965.34	1817.2	4785.6
38  	50    	2854.56	1032.4	4103.2
39  	50    	3075.5 	1889.2	4872.8
40  	50    	2964.81	952.4 	4394.4
41  	50    	2975.8 	1838  	4378.4
42  	50    	3004.01	629.2 	4716.4
43  	50    	2847.48	884.8 	4315.6
44  	50    	2968.15	1567.2	4063.6
45  	50    	2961.21	616.4 	4410  
46  	50    	3000.06	1051.6	4253.6
47  	50    	2963.74	815.6 	4096  
48  	50    	3222.4 	2157.6	4757.6
49  	50    	3056.95	1981.6	3972  
50  	50    	2872.09	652   	4371.2
51  	50    	3068.71	1987.2	4582  
52  	50    	2859.99	1720  	4854.8
53  	50    	2947.18	1745.2	3911.2
54  	50    	3254.33	1506.4	4400.8
55  	50    	3040.98	768.8 	4548  
56  	50    	3002.8 	1808  	4444.4
57  	50    	3070.85	1907.6	4572.8
58  	50    	2966.98	1754.4	4275.6
59  	50    	2937.74	1570.8	3849.6
60  	50    	2961.3 	748   	4353.2
61  	50    	3105.81	1835.6	5030.8
62  	50    	2944.94	1794.8	4278.8
63  	50    	2843.72	1895.6	4359.6
64  	50    	2963.85	1640.4	4118  
65  	50    	3083.28	2008  	4107.6
66  	50    	3082.95	1843.2	4466.4
67  	50    	2945.58	1824.4	4309.6
68  	50    	3191.53	1907.6	5086.4
69  	50    	3040.25	1956.8	3885.6
70  	50    	3033.66	2072.4	4509.2
71  	50    	3212.78	1976.8	4566.8
72  	50    	3229.36	2200  	5352.4
73  	50    	3177.4 	1869.2	4150.8
74  	50    	3041.86	2091.6	4229.2
75  	50    	3054.26	1920.8	4676  
76  	50    	2952.42	554   	4192.8
77  	50    	3155.58	2120.8	4351.6
78  	50    	2997.25	1841.6	4495.2
79  	50    	3059.22	2028.4	4491.6
80  	50    	3135.72	2028.4	4274  
81  	50    	3100.27	2241.6	4223.2
82  	50    	3177.69	1835.6	4676.4
83  	50    	3018.44	2201.6	4434.4
84  	50    	3062.28	2093.6	4271.2
85  	50    	3121.95	2088  	4122  
86  	50    	3234.31	1892  	4572.8
87  	50    	3182.86	2172.8	4275.2
88  	50    	2943.5 	1840.8	3864.4
89  	50    	2993.23	1954  	3782  
90  	50    	3237.48	2211.2	4993.6
91  	50    	3119.97	2039.2	4423.2
92  	50    	3209.39	2152.8	4378.8
93  	50    	3121.03	1972.4	4894.4
94  	50    	3129.43	2024.4	4347.2
95  	50    	3079.05	1786.4	4137.6
96  	50    	2841.78	583.2 	3944  
97  	50    	2931.5 	2073.2	4304  
98  	50    	2979.33	2094  	3807.6
99  	50    	2844.94	588.8 	4756.8
100 	50    	3049.9 	1944.8	4568.4
101 	50    	3005.56	1539.6	4007.2
102 	50    	3148.1 	1688.8	5292  
103 	50    	3044.08	1005.2	4866.8
104 	50    	3083.29	1717.2	4236  
105 	50    	3104.8 	714   	4764.4
106 	50    	3143.66	2118.8	5435.6
107 	50    	3128.98	1700.8	4482.8
108 	50    	2996.22	565.6 	4427.6
109 	50    	2966.06	1562.4	4444  
110 	50    	3080.64	1952.8	4125.2
111 	50    	3060.34	708.4 	4701.2
112 	50    	2937.45	1599.2	4251.6
113 	50    	3059.1 	2109.2	5066.8
114 	50    	3134.5 	2065.2	4268.4
115 	50    	3295.89	1936.8	5359.2
116 	50    	2854.34	1778  	4260.4
117 	50    	3060.7 	1851.6	4659.6
118 	50    	3179.92	1870.4	5023.6
119 	50    	2999.61	1902.8	4085.6
120 	50    	3000.81	1482.8	4249.6
121 	50    	3095.17	1942  	4303.6
122 	50    	3060.38	1958.8	4693.2
123 	50    	3075.3 	2347.2	4686.8
124 	50    	3181.13	2093.6	4326.8
125 	50    	3020.76	603.6 	4461.2
126 	50    	3113.02	2061.6	4757.6
127 	50    	3073.22	2008  	4448.8
128 	50    	3240.57	1422  	4314  
129 	50    	3038.9 	718.4 	4192.4
130 	50    	3136.09	2185.6	4348.8
131 	50    	3091.44	1952.8	4810.4
132 	50    	3045.21	2142.8	3859.2
133 	50    	3081.15	2019.2	4588  
134 	50    	3159.82	1919.2	4700.4
135 	50    	3245.47	2037.2	4575.2
136 	50    	3203.83	1914  	4991.6
137 	50    	3110.74	2000  	4426.8
138 	50    	3287.5 	2396  	4272.4
139 	50    	3025.06	1782  	4238  
140 	50    	3039.71	1663.6	4502.4
141 	50    	3167.53	1818  	4948  
142 	50    	3283.3 	2262.8	4352.8
143 	50    	3167.41	755.2 	4742  
144 	50    	3028.72	2065.6	4122.8
145 	50    	3130.56	1818.8	4452.8
146 	50    	3139.55	2058.8	4588.8
147 	50    	3108.18	2153.2	4636.8
148 	50    	3075.2 	1537.2	4612.4
149 	50    	3004.58	1759.2	4181.2
150 	50    	3114.07	1921.2	4250.4
151 	50    	2975.13	1017.2	4443.6
152 	50    	3131.13	1973.2	4536  
153 	50    	3154.99	2269.2	4218.8
154 	50    	3155.58	1929.2	4703.6
155 	50    	2922.4 	1778.8	4003.6
156 	50    	2901.98	2114.8	4110.8
157 	50    	2939.81	2133.2	4174.4
158 	50    	3076.43	1939.2	4400  
159 	50    	3180.66	2138  	4337.2
160 	50    	3106.49	1783.6	4396.4
161 	50    	3187.8 	2158.4	4670  
162 	50    	3010.36	1963.6	4284.4
163 	50    	2860.11	1925.6	4917.2
164 	50    	3177.35	1781.2	4338.8
165 	50    	3076.82	2034  	4060  
166 	50    	3189.22	2251.6	5131.2
167 	50    	3146.66	1922.4	4918.4
168 	50    	3215.36	2127.2	4570.8
169 	50    	3166.08	1945.6	4329.2
170 	50    	3019.72	1951.6	4020  
171 	50    	3026.95	1934.8	4351.2
172 	50    	3088.74	2114  	4465.2
173 	50    	3152.65	2118.4	4357.2
174 	50    	3075.17	2172.8	3982  
175 	50    	3041.71	2094.4	4193.2
176 	50    	3008.9 	1982  	4030.4
177 	50    	3106.22	1740.4	4590.8
178 	50    	3098.26	2164.8	4237.2
179 	50    	3164.86	1969.2	4068.4
180 	50    	3210.17	1672  	4810  
181 	50    	3067.32	2251.6	4089.6
182 	50    	3152.34	2330.8	4849.2
183 	50    	3292.19	1631.2	4536  
184 	50    	3093.49	1992.4	4377.2
185 	50    	3068.03	2002.4	4837.2
186 	50    	3043.96	1927.6	4298.4
187 	50    	3065.79	1658.8	4681.6
188 	50    	2924.43	1281.6	4104  
189 	50    	2941   	511.6 	4067.2
190 	50    	3013.88	875.2 	4096  
191 	50    	2909.83	1866.8	4089.2
192 	50    	2983.37	722   	4244  
193 	50    	2958.55	691.6 	4358.4
194 	50    	3070   	1854.8	5132.4
195 	50    	3114.9 	1974.4	4563.6
196 	50    	3043.28	1818  	4154.4
197 	50    	3103.8 	1538.8	4157.2
198 	50    	3192.08	2284.4	5024.8
199 	50    	3101.62	2008.8	4748.8
200 	50    	3055.65	861.2 	4398.4
201 	50    	3074.96	2144.8	4171.6
202 	50    	3166.24	2125.6	4151.2
203 	50    	3014.14	2017.2	4029.2
204 	50    	3169.85	742   	5186.8
205 	50    	3023.34	1776  	4605.2
206 	50    	2963.33	1798.8	4238.8
207 	50    	2906.65	674   	4392.4
208 	50    	3066.04	1983.2	4193.2
209 	50    	3072.14	2332.8	3960.8
210 	50    	3165.9 	2126  	4528  
211 	50    	3004.62	1864.4	4509.6
212 	50    	3044.96	1916  	4656.8
213 	50    	3126.44	1920.8	4504  
214 	50    	3001.62	1747.2	3922.8
215 	50    	3200.53	1812  	4556  
216 	50    	3142.17	2129.2	4316.4
217 	50    	3050.54	1508  	4039.6
218 	50    	3078.58	1936  	4752.8
219 	50    	3177.28	1938.8	4468  
220 	50    	3151.82	1984  	4447.6
221 	50    	3284.69	1866.4	4700.8
222 	50    	3086.5 	1901.6	4217.2
223 	50    	3192.33	1792.8	4855.2
224 	50    	2987.4 	2016.4	4356.8
225 	50    	3117.47	2028  	4796.8
226 	50    	3141.55	2088.8	4378.4
227 	50    	3090.34	1952  	5134.8
228 	50    	3069.84	750   	4523.6
229 	50    	2974.86	2056  	3990.8
230 	50    	3044.3 	1834  	4715.6
231 	50    	2971.66	1949.2	4154.8
232 	50    	3005.32	1818.8	4362.4
233 	50    	3058.66	2041.2	4714.4
234 	50    	2931.72	1761.2	4210  
235 	50    	3064.89	2038.8	4483.6
236 	50    	3122.07	1555.6	4919.2
237 	50    	2954.01	1598  	4156  
238 	50    	3135.44	1911.2	4339.2
239 	50    	3147.38	2144.4	4922.4
240 	50    	3057.18	2333.2	4799.6
241 	50    	3109.28	451.2 	4266.8
242 	50    	3031.95	1761.6	4667.2
243 	50    	3094.9 	1755.6	5086.4
244 	50    	3144.9 	1955.6	4534  
245 	50    	3071.45	2112.8	3905.2
246 	50    	3206.46	1732.4	4232.4
247 	50    	3110.85	1801.6	4229.6
248 	50    	3037.93	1978.8	4323.2
249 	50    	3077.46	1884.4	4492  
250 	50    	3035.26	2001.2	4135.2
251 	50    	3028.5 	1914  	4278.8
252 	50    	3082.13	755.2 	4452.8
253 	50    	2907.08	1834  	3864.4
254 	50    	2967.5 	1824.8	4783.2
255 	50    	3002.06	1871.6	4417.6
256 	50    	2999.74	1898.4	4421.2
257 	50    	3108.21	1837.6	4243.2
258 	50    	3255.36	2468  	4362  
259 	50    	3118.07	1932.8	4440  
260 	50    	3152.59	2010.4	4308.4
261 	50    	3120.07	1901.6	4616  
262 	50    	3043.45	2091.2	4653.2
263 	50    	3018.4 	2125.2	4288.4
264 	50    	2953.31	2097.2	4228  
265 	50    	3112.15	2237.2	4422.8
266 	50    	3022.15	2138  	4367.6
267 	50    	3088.54	1826  	4453.2
268 	50    	3124.64	1844.8	5352.4
269 	50    	2997.06	1873.2	4474  
270 	50    	3047.4 	1884.8	4008.8
271 	50    	2976.98	1755.6	4513.6
272 	50    	3001.98	2105.6	3958.8
273 	50    	3096.53	2373.2	4147.2
274 	50    	3122.24	2029.6	4249.6
275 	50    	3167.15	2102  	4525.2
276 	50    	3068.64	2117.6	4069.6
277 	50    	3175.94	1961.6	5016  
278 	50    	3075.59	2401.2	4063.6
279 	50    	3032.5 	2053.6	4237.2
280 	50    	3037.98	2216  	4258  
281 	50    	3086.76	2001.2	3962  
282 	50    	3125.4 	1918.8	4563.2
283 	50    	2969.63	1548  	4499.2
284 	50    	3023.22	884.4 	5504  
285 	50    	3005.3 	2036  	3886.4
286 	50    	3153.55	764.8 	4346.8
287 	50    	3212.34	2048  	4421.2
288 	50    	3032.41	1817.2	4051.6
289 	50    	3095.32	2179.2	4315.2
290 	50    	2958.16	1620.4	4098.4
291 	50    	2897.86	2008.8	4012.4
292 	50    	3070.39	715.2 	4352  
293 	50    	3158.7 	2157.2	5116.8
294 	50    	3180.84	1578.4	4299.6
295 	50    	3051.53	1750.8	4187.6
296 	50    	3198.53	2155.6	5092  
297 	50    	3138.92	2126.8	4558.4
298 	50    	3147.17	2130.8	4430.8
299 	50    	3028.41	1881.2	4030  
300 	50    	3232.78	2089.6	4548  
301 	50    	3075.02	1714  	4841.6
302 	50    	3092.93	1861.6	4706.8
303 	50    	3020.96	1514.8	4168.8
304 	50    	3154.5 	664.8 	4230.8
305 	50    	2963.13	1822  	3921.2
306 	50    	3067.85	1858.4	4652.8
307 	50    	3253.66	2124.4	4746  
308 	50    	3152.86	2117.6	4278  
309 	50    	3200.34	954   	4661.2
310 	50    	3142.6 	2007.2	5083.2
311 	50    	3142.32	1993.2	4305.6
312 	50    	3106.44	2203.6	4104.4
313 	50    	3022.92	1959.2	4129.2
314 	50    	3037.28	1922  	4255.6
315 	50    	3104.19	2175.2	4432.4
316 	50    	3144.08	2059.6	4147.6
317 	50    	3106.32	2046.4	3805.6
318 	50    	3125.79	2218.8	4181.6
319 	50    	3022.1 	2296.4	4034.8
320 	50    	3012.23	1964.4	4198.8
321 	50    	3079.9 	1975.6	4652  
322 	50    	3217.1 	1786.4	4697.6
323 	50    	3070.19	2052  	4507.2
324 	50    	3212.31	1661.6	4572.4
325 	50    	3161.48	2029.6	4387.2
326 	50    	3056.04	1849.2	4721.2
327 	50    	3096.94	1853.2	4243.2
328 	50    	2987.02	1040.8	4192.8
329 	50    	3175.82	2217.2	4740.4
330 	50    	3101.23	2038  	4294.8
331 	50    	3082.39	2158  	4369.6
332 	50    	3097.93	1882  	4367.6
333 	50    	3236.25	1981.6	4786.4
334 	50    	3002.07	2097.2	4388  
335 	50    	3138.46	2272.8	4691.6
336 	50    	2945.94	2114.8	4704.8
337 	50    	3064.02	1772.4	4356  
338 	50    	3139.09	2060.8	4617.6
339 	50    	3047.8 	1889.2	4182.8
340 	50    	3097.62	1738.4	3839.6
341 	50    	3144.3 	1510.4	4908.4
342 	50    	3043.76	1804.8	4376.4
343 	50    	3191.81	2130.4	4717.6
344 	50    	3203.85	1728  	4618.8
345 	50    	3059.62	1992.8	4140  
346 	50    	3045.74	1864.4	4129.6
347 	50    	3179.63	2023.2	4302  
348 	50    	3101.23	1987.6	4482  
349 	50    	3059.05	1756.8	4386  
350 	50    	3134.13	1891.2	4388.8
351 	50    	3099.74	2149.2	4335.6
352 	50    	2946.16	1948  	4500.4
353 	50    	2910.84	1974.4	4298.4
354 	50    	3210.22	2301.2	4291.6
355 	50    	3068.02	1930  	3992.4
356 	50    	3027.14	1818.4	4342.4
357 	50    	3185.59	2315.6	4204.4
358 	50    	3284.17	1957.6	5410  
359 	50    	3232.64	2093.2	5282.4
360 	50    	3092.12	1969.2	4495.2
361 	50    	3003.05	2205.2	4404.4
362 	50    	3084.81	1995.6	4596.4
363 	50    	3128.78	1958.8	4365.2
364 	50    	3265.67	2122.4	4661.2
365 	50    	3139.62	2199.2	4848  
366 	50    	3251.8 	2004.8	4197.6
367 	50    	3160.5 	2147.2	4403.6
368 	50    	3219.2 	1890.4	4919.6
369 	50    	3102.51	1948.8	4257.6
370 	50    	3073.38	1960.4	4546.8
371 	50    	3134.35	2166.8	4900  
372 	50    	3259.9 	1759.2	5439.6
373 	50    	3062.35	1503.2	5179.2
374 	50    	2978.54	1755.6	4174.4
375 	50    	3098.58	2318.8	4385.6
376 	50    	3113.51	2038  	4213.6
377 	50    	3020.88	1768.4	5526.4
378 	50    	3012.12	834   	4740  
379 	50    	3019.55	887.6 	5194  
380 	50    	3074.07	1998.4	5483.2
381 	50    	2933.08	2048  	4400.4
382 	50    	2986.42	973.2 	4485.6
383 	50    	2996.74	1051.2	4400  
384 	50    	3122.26	1948.8	4608  
385 	50    	2962.09	1836.4	4309.2
386 	50    	3175.31	2310.4	4031.6
387 	50    	2968.84	1890.4	4142.8
388 	50    	3177.97	2015.6	4364  
389 	50    	3116.46	2184.8	4285.2
390 	50    	3106.54	1778.4	4329.2
391 	50    	3140.61	1836  	4190.8
392 	50    	3142.33	2156.4	4845.6
393 	50    	3028.04	2183.6	4322  
394 	50    	3062.12	2213.6	4239.6
395 	50    	3057.56	1790.4	4320.8
396 	50    	3203.9 	1930  	4352  
397 	50    	3122.43	1800.8	4192  
398 	50    	3160.42	1683.6	4344.4
399 	50    	3155.5 	2285.2	4315.6
400 	50    	3110.62	2254  	4182  
401 	50    	3011.28	1300  	4605.2
402 	50    	3047.74	1659.6	4502.8
403 	50    	2939.72	1910  	4443.2
404 	50    	3110.24	1744.8	4365.2
405 	50    	3066.84	1537.2	4473.2
406 	50    	3161.13	2044.4	4585.2
407 	50    	2970.87	1865.2	4480.8
408 	50    	3058.75	1879.2	4804  
409 	50    	3027.12	1796  	4118  
410 	50    	3024.88	2069.2	4134.8
411 	50    	3106.3 	1950.8	4438  
412 	50    	3063.03	725.2 	4115.2
413 	50    	3161.9 	2194.8	4578  
414 	50    	3246.34	2064.8	4435.2
415 	50    	3080.46	1881.2	4627.6
416 	50    	3167.03	2072.4	4212.8
417 	50    	3007.94	2108.4	3900.4
418 	50    	3160.47	1853.2	4375.2
419 	50    	3070.38	2072.8	4518.8
420 	50    	3158.87	2037.2	4578.4
421 	50    	3011.33	2100.8	4485.6
422 	50    	3089.87	2061.2	5129.2
423 	50    	3088.63	1994.4	4392.8
424 	50    	3129.72	2154.8	4486.8
425 	50    	3180.74	2055.2	4789.6
426 	50    	2985.01	1315.6	4574.4
427 	50    	3043.5 	680.8 	4826.8
428 	50    	3093.53	1818  	4684  
429 	50    	3086.37	1864  	5105.6
430 	50    	2919.46	2157.6	3990.4
431 	50    	3017.38	1830.8	4501.2
432 	50    	3062.92	704   	4494  
433 	50    	3188.76	2204.4	4058.4
434 	50    	3095.22	2223.6	4390.4
435 	50    	3168.61	2098  	4665.6
436 	50    	3034.81	1952.4	4597.6
437 	50    	3143.89	2246.4	4695.6
438 	50    	3148.33	2057.6	4389.2
439 	50    	3236.83	1852.4	5166.4
440 	50    	3128.92	1915.2	4380  
441 	50    	3021.26	1882.4	4047.6
442 	50    	3078.62	842   	5072.8
443 	50    	3168.89	2074  	4463.2
444 	50    	3210.01	2236.4	4289.2
445 	50    	3029.24	2054.4	4319.6
446 	50    	3075.78	1799.6	4318.8
447 	50    	3165.74	2267.2	5292  
448 	50    	3151.4 	1852  	5438  
449 	50    	3209.26	1839.6	4308.4
450 	50    	3143.8 	1560.8	4958.8
451 	50    	3102.13	2008.4	4216.4
452 	50    	3139.59	1811.6	4661.6
453 	50    	3075.89	2050.8	4356  
454 	50    	3030.14	1916  	4544.4
455 	50    	3031.32	1846  	4312.4
456 	50    	3242.34	1838.4	4561.6
457 	50    	3063.52	2100.8	4400.8
458 	50    	3128.5 	1756.4	4554.8
459 	50    	3063.94	1685.2	4110.4
460 	50    	3107.03	1991.6	4555.2
461 	50    	3270.25	1920.4	4733.2
462 	50    	3097.5 	1840  	4757.6
463 	50    	3104.2 	1691.2	4629.6
464 	50    	3256.17	2186.4	5166.4
465 	50    	3187.5 	2088.8	4666  
466 	50    	3116.14	1992.4	4271.2
467 	50    	3044.53	1564.4	4498.4
468 	50    	3124.23	2001.2	4840.4
469 	50    	3145.77	2194  	4726  
470 	50    	2998.07	1814.8	5169.6
471 	50    	3067.98	1866.4	4050  
472 	50    	2993.73	2038  	4621.2
473 	50    	3047.36	695.2 	3983.6
474 	50    	3154.5 	1883.2	4880  
475 	50    	3030.38	2093.6	4304.8
476 	50    	3050.4 	1836  	4618.4
477 	50    	3099.56	2061.6	4470.4
478 	50    	3061.26	1818.4	4064  
479 	50    	3216.9 	2140  	4224.8
480 	50    	3054.85	2133.2	4206.4
481 	50    	3173.39	1975.2	4209.6
482 	50    	3284.07	1699.2	4494.8
483 	50    	3203.42	1993.2	4697.6
484 	50    	3044.46	1994  	4498.4
485 	50    	3204.26	2125.2	4748.8
486 	50    	3117.92	2252.4	4246.4
487 	50    	3272.54	2319.6	4402.4
488 	50    	2965.42	1845.6	4118.4
489 	50    	3060.88	1973.2	4438.4
490 	50    	3036.2 	976.4 	4655.2
491 	50    	3155.31	1474.8	4819.6
492 	50    	3103.57	888   	4335.6
493 	50    	3069.53	1823.6	4742  
494 	50    	3079.26	2086.4	4653.2
495 	50    	3064.55	1691.6	4710.4
496 	50    	3072.72	2210  	4302  
497 	50    	2922.04	1850  	4216.4
498 	50    	3091.81	1910  	4060.8
499 	50    	3098.89	1992  	4486.8
500 	50    	3075.79	740   	4476.4
501 	50    	3007.08	1991.6	4205.2
502 	50    	3043.3 	1975.6	4480.8
503 	50    	3066.27	2201.6	4055.6
504 	50    	2962.78	1925.2	4274.4
505 	50    	3055.57	2180  	4106  
506 	50    	3086.63	1825.6	4489.6
507 	50    	3070.34	1930.8	4337.6
508 	50    	3112.18	2116.8	4275.2
509 	50    	3139.44	2021.2	4388.4
510 	50    	3129.38	2354.4	4122.8
511 	50    	3146.33	2142.4	4560.8
512 	50    	3092.8 	2064.4	4235.6
513 	50    	3055.59	1919.2	4356.4
514 	50    	3103.42	2016.8	4144  
515 	50    	3027.17	906.4 	4876  
516 	50    	3161.66	1940  	4434  
517 	50    	2955.42	2097.2	4514  
518 	50    	3200.29	2230  	4275.6
519 	50    	3204.34	2185.6	4445.2
520 	50    	3200.61	2006.8	5309.2
521 	50    	3052.98	2040.4	4504.8
522 	50    	3135.63	2078  	4388  
523 	50    	3201.13	1706.8	4755.2
524 	50    	3048.6 	1866.4	4629.2
525 	50    	3083.02	1623.6	4302  
526 	50    	3043.67	1952.8	3968  
527 	50    	3174.42	2068  	4533.6
528 	50    	3301.58	2286  	5282.4
529 	50    	2942.57	1410.8	4148.4
530 	50    	3123.9 	2127.6	4364.4
531 	50    	3157.59	1926.4	4638.8
532 	50    	3050.82	760   	4680  
533 	50    	2964.14	2028  	4406.4
534 	50    	3114.95	2075.6	4198  
535 	50    	3034.9 	630.8 	4615.2
536 	50    	2999.62	1453.2	4222.8
537 	50    	3150.06	1947.6	4808.8
538 	50    	3049.02	2058  	4281.6
539 	50    	3195.17	2428  	4421.2
540 	50    	3119.91	821.6 	4719.2
541 	50    	3076.17	1634  	4790.4
542 	50    	3214.15	1907.2	4458.4
543 	50    	3094.1 	1764  	4559.6
544 	50    	3057.32	1891.2	4648.8
545 	50    	2971.12	2029.6	4716.4
546 	50    	2917.65	1028  	4371.2
547 	50    	3020.36	1799.6	4518  
548 	50    	3116.15	545.6 	4588  
549 	50    	3086.64	2109.6	4435.6
550 	50    	2948.58	704   	4605.2
551 	50    	3111.02	2250.4	4196.4
552 	50    	2957.42	839.6 	5030.8
553 	50    	3146.74	810.4 	4495.6
554 	50    	2976.93	1976.8	4594.8
555 	50    	2935.45	1699.2	4064  
556 	50    	3153.72	2186.8	5132.4
557 	50    	3037.57	1852  	4310.4
558 	50    	2987.93	1791.2	4197.2
559 	50    	3057.77	1929.2	4830.8
560 	50    	2991.92	1924.8	4555.2
561 	50    	3014.99	1845.2	4352.4
562 	50    	3162.54	1911.2	4403.6
563 	50    	3080.41	2166.8	4126.4
564 	50    	3202.58	1997.6	4709.2
565 	50    	3070.31	1816  	4380  
566 	50    	3165.05	1885.2	4291.2
567 	50    	3046.07	1561.2	4396.8
568 	50    	3072.65	1843.6	4658.8
569 	50    	3074.46	2051.6	4475.6
570 	50    	3131.93	2112.4	4466.8
571 	50    	2929.76	1293.6	4273.2
572 	50    	3052.86	765.2 	4710.4
573 	50    	2959.8 	699.6 	4615.2
574 	50    	3025.79	2036.8	4983.2
575 	50    	3150.64	2144.4	4552.4
576 	50    	3083.89	1654  	4649.6
577 	50    	3171.11	2387.6	4280.8
578 	50    	3078.46	1912  	3956  
579 	50    	3247.22	1901.6	4648.4
580 	50    	3115.1 	2056  	4333.6
581 	50    	3023.62	1759.2	4190.4
582 	50    	2912.92	1880.4	4164  
583 	50    	3140.73	2042.4	4710.8
584 	50    	2996.73	1836.4	4434.4
585 	50    	3144.9 	1730  	4174.8
586 	50    	3197.37	2055.6	4611.6
587 	50    	3112.13	2027.2	4494.8
588 	50    	3028.94	1987.2	4329.2
589 	50    	3084.86	2094  	5792.4
590 	50    	3240.26	1946.8	5057.6
591 	50    	2919.48	1942.8	4161.6
592 	50    	2996.3 	1912.4	4073.2
593 	50    	3050.37	1870.8	4212.8
594 	50    	3013.56	2100.4	4611.6
595 	50    	3035.67	1981.6	4172  
596 	50    	2974.69	887.2 	4328.8
597 	50    	3070.92	2018.8	4135.6
598 	50    	3100.1 	2144.8	4503.6
599 	50    	3045.38	2238  	4668.4
600 	50    	3001.62	2170.4	4338.4
601 	50    	3120.68	1928.8	3971.6
602 	50    	3011.09	965.2 	4087.2
603 	50    	3015.21	1829.2	4357.2
604 	50    	2911.13	668.4 	4728.8
605 	50    	3068.93	1766.8	4250  
606 	50    	2906.2 	1664.4	4438.4
607 	50    	2954.79	1829.6	4290.8
608 	50    	3182.14	1984.4	4786.4
609 	50    	3073.85	1569.2	4443.2
610 	50    	3310.02	2144.4	4710.4
611 	50    	3092.43	1748.4	4219.6
612 	50    	2998.22	2018  	4023.2
613 	50    	3061.23	1658  	4369.2
614 	50    	3277.55	2040.8	4577.6
615 	50    	3081.74	2283.2	4120.4
616 	50    	3125.22	2136.8	4706.8
617 	50    	3010.24	1816.4	5092  
618 	50    	3000.54	621.2 	4288  
619 	50    	3086   	1503.6	4259.2
620 	50    	3081.26	1903.2	4392.4
621 	50    	3051.86	1521.6	4894.4
622 	50    	3012.96	1702.8	4544  
623 	50    	3030.78	1794.4	5114.8
624 	50    	2994.99	834.4 	4224.4
625 	50    	3037.58	1946  	4594.4
626 	50    	3004.49	1605.2	4003.2
627 	50    	2958.91	2075.6	4202  
628 	50    	3113.46	2046  	4536.4
629 	50    	3307.89	2269.6	4642.4
630 	50    	2937.09	2114  	3919.6
631 	50    	3165.49	1816  	4726.4
632 	50    	3196.68	1926.4	4328  
633 	50    	2962.22	1669.2	4051.2
634 	50    	3006.78	2131.6	4238.8
635 	50    	3107.98	1941.2	4656.8
636 	50    	3113.55	1929.2	4450.4
637 	50    	2999.44	756   	4446  
638 	50    	3016.38	658   	4644.4
639 	50    	3092.49	1984.4	4384  
640 	50    	3071.66	1630.4	4191.6
641 	50    	2934.26	1849.6	4629.6
642 	50    	3146.73	2113.6	4352  
643 	50    	3196.57	2059.6	5118.4
644 	50    	3174.04	1642  	4744.8
645 	50    	3147.07	2007.2	4995.6
646 	50    	3134.93	1964.8	4410.8
647 	50    	3080.58	2053.6	4376.8
648 	50    	3024.96	821.2 	4288.4
649 	50    	3082.91	1702  	4235.6
650 	50    	3153.29	2058.8	4577.2
651 	50    	2978.35	1967.6	4060.8
652 	50    	2858.25	1916.8	4170.4
653 	50    	2999.15	2072  	4358.8
654 	50    	2962.82	712   	4284.4
655 	50    	2980.42	798   	4304  
656 	50    	3172.31	1908.4	4946.8
657 	50    	3024.63	1941.2	4067.6
658 	50    	3101.04	909.6 	4593.6
659 	50    	3114.42	1877.6	4681.6
660 	50    	2958.78	1973.6	4456.8
661 	50    	3074.54	2231.2	4826.4
662 	50    	3297.13	2172.4	4579.6
663 	50    	2972.94	1750  	4485.6
664 	50    	3134.64	1880.8	4284.8
665 	50    	3042.18	2146.8	4004.8
666 	50    	3100.37	744   	4417.6
667 	50    	3029.91	1827.6	4079.2
668 	50    	3195.09	2153.2	4572.8
669 	50    	3052.18	1986.4	4803.6
670 	50    	3125.5 	1906.8	4748.8
671 	50    	3142.86	2034  	4152  
672 	50    	3033.58	1892  	4368.8
673 	50    	3019.57	1505.2	4312  
674 	50    	2927.96	519.6 	4512.8
675 	50    	2981.93	1608  	4063.6
676 	50    	3006.37	1480.8	4328.4
677 	50    	3050.58	2040  	4453.2
678 	50    	3068.5 	1741.2	4193.2
679 	50    	3134.49	2228.8	4402.8
680 	50    	2957.87	1920.8	4630  
681 	50    	2932.31	929.2 	4172.4
682 	50    	3161.35	1928.8	5027.2
683 	50    	3043.82	1772  	4068  
684 	50    	3091.45	1849.2	4645.2
685 	50    	3086.3 	1900.4	3990.4
686 	50    	2949.14	1692  	4006.8
687 	50    	3172.8 	2229.2	4321.6
688 	50    	3046.78	830.4 	4535.6
689 	50    	3177.89	2161.2	4365.2
690 	50    	2967.91	1790.4	4403.6
691 	50    	2977.89	1904.8	4802  
692 	50    	3195.5 	1741.6	4836.4
693 	50    	3028.27	1825.6	4177.6
694 	50    	3131.01	2015.2	4644  
695 	50    	3074.45	795.6 	4489.2
696 	50    	3025.2 	1866.4	4972  
697 	50    	3045.06	2000  	4463.6
698 	50    	3099.98	1924  	4129.2
699 	50    	3135.09	1997.2	4754  
700 	50    	3099.69	932.4 	4652  
701 	50    	3000.6 	881.6 	4152  
702 	50    	3035.98	1675.6	4616.8
703 	50    	2896.48	1836.4	4490.4
704 	50    	2997.24	1813.2	4701.6
705 	50    	2940.41	679.2 	4228.8
706 	50    	3060.77	1787.2	4180.8
707 	50    	3040.1 	603.2 	4408  
708 	50    	2917.07	932.8 	4174.8
709 	50    	2969.23	2054  	4749.2
710 	50    	2983.06	1909.2	5214.8
711 	50    	2969.54	1938.8	4229.6
712 	50    	3144.97	1174.4	4322.8
713 	50    	3100.16	1792.8	4568  
714 	50    	3007.57	944   	4498.8
715 	50    	3011.29	1083.2	4385.6
716 	50    	2963.3 	1031.6	4756.8
717 	50    	2996.06	1658.8	4061.2
718 	50    	3146.37	1802  	4440.4
719 	50    	3137.1 	1996.8	4547.2
720 	50    	3196.77	1825.6	4991.6
721 	50    	2977.98	1886.8	4687.6
722 	50    	3112.31	1844.8	4547.6
723 	50    	3075.82	2159.6	4478  
724 	50    	3112.44	2148.4	4546.8
725 	50    	3143.62	664.4 	4176.4
726 	50    	3023.96	1605.2	4405.6
727 	50    	3130.18	2019.2	4384  
728 	50    	3099.43	1931.6	4585.2
729 	50    	3002.47	1534  	4278.8
730 	50    	3059.19	825.2 	4431.6
731 	50    	2978.24	1997.2	4378.8
732 	50    	3015.56	1772.8	5636.4
733 	50    	2963.35	1329.6	4239.2
734 	50    	2970.4 	1652  	4110.4
735 	50    	2909.32	1622.8	4292  
736 	50    	2979.82	1864.8	4270.8
737 	50    	3081.21	768.8 	4109.2
738 	50    	3079.2 	521.2 	4314  
739 	50    	2837.28	1541.6	4109.2
740 	50    	3083.48	1675.2	5438  
741 	50    	2983.4 	2180  	3929.6
742 	50    	3077.67	1707.6	4610.8
743 	50    	2971.53	1932.8	4094  
744 	50    	3070.71	2134.4	4509.2
745 	50    	2973.57	1806  	4044.8
746 	50    	3060.78	1856.4	4417.2
747 	50    	3070.41	1684  	4286  
748 	50    	3012.05	2148.4	5027.2
749 	50    	3199.23	1849.6	4605.2
750 	50    	2972.7 	1605.2	4191.6
751 	50    	2927.54	1597.2	4186.8
752 	50    	3027.96	2179.6	3876.4
753 	50    	3011.74	1690.4	4132  
754 	50    	3215.8 	2222.8	4502.4
755 	50    	2980.04	1800.4	3960  
756 	50    	2994.56	1933.2	3904  
757 	50    	3127.66	1952.8	4843.6
758 	50    	3098.67	2155.6	4381.2
759 	50    	3002.44	1824.4	4252.4
760 	50    	3080.71	1737.6	4717.6
761 	50    	3138.5 	1884.4	4704.4
762 	50    	3176.6 	1920.8	5134.4
763 	50    	3059.93	2060.8	4132  
764 	50    	3086.33	1980.4	4152.8
765 	50    	2999.62	1831.6	4319.6
766 	50    	3151.12	1625.2	4238.4
767 	50    	2989.81	1914  	4722  
768 	50    	2953.12	794.8 	4539.6
769 	50    	3117.61	803.2 	4874.4
770 	50    	3140.21	1985.2	4767.2
771 	50    	2897.49	843.6 	4733.6
772 	50    	3026.44	1436.8	3919.6
773 	50    	3206.19	2247.6	4485.6
774 	50    	3140.84	2026  	4464  
775 	50    	3101.46	1997.2	5252  
776 	50    	3204.1 	1521.2	5172.8
777 	50    	2926.59	1630  	3926  
778 	50    	3080.01	1802.8	4424.8
779 	50    	2983.51	1898.4	4854.8
780 	50    	3043.34	1940.8	4740.8
781 	50    	3162.62	1559.6	4664.4
782 	50    	3059.81	1950  	4688  
783 	50    	3060.85	1872.4	4561.6
784 	50    	3035.03	610.8 	5140  
785 	50    	3178.26	2174  	4036.8
786 	50    	3205.79	2045.2	4485.2
787 	50    	3265.66	2124.8	5012.4
788 	50    	3029.34	2032.4	4309.6
789 	50    	2927.17	807.6 	4386  
790 	50    	2969.84	1740.8	4192  
791 	50    	3274.57	1999.6	4764.4
792 	50    	3122.26	702.8 	5072.8
793 	50    	3137.45	1690.4	5092  
794 	50    	2817.59	1762  	3934.4
795 	50    	2931.27	1984.8	4482.8
796 	50    	2990.48	1577.2	4080  
797 	50    	3152.41	933.6 	4744.4
798 	50    	3009.05	1893.2	4641.2
799 	50    	3075.96	1640  	4124.8
800 	50    	3178.62	1886  	5169.6
801 	50    	3113.82	968.4 	4155.6
802 	50    	3044.89	2001.6	4217.2
803 	50    	2840.45	1724  	3943.6
804 	50    	3098.46	2192.8	4174  
805 	50    	3241.86	2368.4	4259.6
806 	50    	3206.04	1938.8	4890.4
807 	50    	3159.99	1759.6	5484.8
808 	50    	3328.5 	2315.2	4782.8
809 	50    	3264.93	1755.6	5265.2
810 	50    	2987.06	2073.2	4546.8
811 	50    	3104.65	2040.4	4800  
812 	50    	2960.99	1893.6	4183.6
813 	50    	2977.52	2020.8	4574.4
814 	50    	3088.84	1888.8	4921.2
815 	50    	3211.36	2140.8	5042  
816 	50    	2989.7 	922   	4115.2
817 	50    	2919.49	1846.8	4167.6
818 	50    	3255.3 	1964  	4550  
819 	50    	2972.9 	1774  	4300.4
820 	50    	3205.66	2328.8	5252  
821 	50    	3065.94	1889.2	4216.4
822 	50    	3079.58	1630  	5074  
823 	50    	3166.28	2224  	4432.4
824 	50    	3108.98	1940.8	4492  
825 	50    	3134.62	2186.8	4026  
826 	50    	3051.58	1986  	4456  
827 	50    	3214.76	1714  	4454.4
828 	50    	3055.94	1604  	4538.4
829 	50    	3192.33	1993.6	4851.6
830 	50    	3161.7 	2202.8	4742  
831 	50    	3170.33	1510.8	4818  
832 	50    	3122.6 	1662.8	4350.8
833 	50    	3247.99	2264.8	4888.8
834 	50    	3069.87	1864.4	4665.6
835 	50    	3131.74	2154.8	4394.4
836 	50    	3074.31	2182.8	4720  
837 	50    	3012.89	844.8 	4548  
838 	50    	3033.07	2097.6	4328.4
839 	50    	3142.98	2114  	4032  
840 	50    	3144.67	2274.4	5005.2
841 	50    	3012.59	2085.6	4453.2
842 	50    	2968.56	455.2 	4091.6
843 	50    	3118.36	2051.6	4480.8
844 	50    	3019.14	1814  	4000  
845 	50    	2931.54	960   	3903.6
846 	50    	3046.71	2005.6	4574.4
847 	50    	3088.67	1850.4	4373.6
848 	50    	3033.14	1699.2	4419.6
849 	50    	3186.88	2180.8	4144  
850 	50    	2996.44	1786.4	5030.8
851 	50    	2979.06	1971.2	4292  
852 	50    	3006.58	1863.2	4739.2
853 	50    	3223.81	2193.2	4392.4
854 	50    	3146.53	1773.6	4475.6
855 	50    	3116.1 	1948.4	5100.4
856 	50    	3143   	2085.6	4561.6
857 	50    	3158.18	2345.6	4224.8
858 	50    	3097.32	2073.6	4583.2
859 	50    	2971.46	1842.4	4457.2
860 	50    	3048.12	1992.8	4251.2
861 	50    	3023.54	1880.8	4348  
862 	50    	2974.69	1833.6	4116  
863 	50    	3086.03	1832.8	4335.6
864 	50    	3118.45	1757.6	4620.4
865 	50    	3090.21	1660.8	4918.4
866 	50    	3130.3 	2352.4	5351.2
867 	50    	2969.87	1772.4	5186.8
868 	50    	3078.58	2130.4	4142.8
869 	50    	3129.5 	1744.4	5486  
870 	50    	2981.45	2004.8	4238.8
871 	50    	3139.99	1684  	4256.4
872 	50    	3102.68	1903.2	4280.4
873 	50    	3192.2 	2066.4	4302.8
874 	50    	3032.41	1949.2	4664.8
875 	50    	2883.96	2036.4	3829.2
876 	50    	2938.5 	1784.4	4109.6
877 	50    	3114.73	1922  	5410  
878 	50    	2936.17	661.6 	4772  
879 	50    	3129.9 	1494  	4354.8
880 	50    	2959.66	1884.8	4659.2
881 	50    	3095.96	2245.2	4420.8
882 	50    	3132.66	2012  	4534  
883 	50    	3086.75	1672.8	4692.8
884 	50    	3195.51	2029.6	4465.2
885 	50    	3138.38	2084.4	5140  
886 	50    	3150.07	2130  	4497.2
887 	50    	2958.94	1820  	3974.8
888 	50    	3219.23	2252  	4570  
889 	50    	2943.82	1426  	4057.6
890 	50    	3054.3 	1980.8	4315.6
891 	50    	3111.32	1958.4	4266.8
892 	50    	3046.5 	1926.4	3866.8
893 	50    	3177.98	1666  	4456.8
894 	50    	3069.74	1871.2	4392  
895 	50    	3195.12	2183.6	4473.2
896 	50    	3096.88	1718.8	5490.8
897 	50    	3116.04	2058.4	4574.4
898 	50    	3044.45	2074.4	4282.8
899 	50    	3232.27	2325.6	4506  
900 	50    	2987.77	2197.2	4282.4
901 	50    	3127.62	2217.6	4234.4
902 	50    	3250.85	1724.8	4489.6
903 	50    	3233.93	2339.2	4262.8
904 	50    	3185.06	2041.2	4127.2
905 	50    	3093.46	2082.4	4138.8
906 	50    	3193.88	2237.2	4485.6
907 	50    	3156.12	1811.6	4492.4
908 	50    	3235.6 	2305.6	5134.8
909 	50    	3011.53	2144  	3951.2
910 	50    	3165.39	2074.4	4069.6
911 	50    	3050.57	1564.4	4313.2
912 	50    	3118.04	1853.6	4304.4
913 	50    	3034.16	2290  	4040.4
914 	50    	2963   	2016.8	4756.8
915 	50    	3273.01	2390.8	4324  
916 	50    	3096.57	2188  	4746  
917 	50    	3240.53	1955.6	4309.2
918 	50    	3183.98	2245.2	4854.4
919 	50    	3077.38	2124.8	4400  
920 	50    	3082.5 	2147.6	4556  
921 	50    	3017.05	2082  	4286.4
922 	50    	3020.98	1883.6	5255.2
923 	50    	3001.83	1871.2	5039.6
924 	50    	3171.38	2097.6	4722.8
925 	50    	3053.42	1866.4	4767.2
926 	50    	3152.26	2296.4	4323.2
927 	50    	3214.26	2082  	4786.4
928 	50    	3086.97	1804.8	4136.4
929 	50    	3231.2 	1864  	5186.8
930 	50    	3239.81	2177.6	4578.4
931 	50    	3127.5 	1980.4	4352.4
932 	50    	3224.41	1948  	4532.4
933 	50    	3113.46	2269.2	5179.2
934 	50    	3161.51	1886.4	4417.6
935 	50    	3072.45	1923.2	4555.2
936 	50    	2955.08	1658  	4501.2
937 	50    	3226.4 	1740.8	4869.2
938 	50    	3113.83	2305.2	4200  
939 	50    	3063.82	1994.8	4476.4
940 	50    	2993.4 	1740.8	4354.8
941 	50    	3187.44	2274.4	4809.2
942 	50    	3092.55	1974.8	4238.8
943 	50    	3026.69	2164.8	3968  
944 	50    	3196.39	2102.4	4408.4
945 	50    	3200.01	2086.8	5218  
946 	50    	3107.22	2020  	4246.4
947 	50    	3194.06	1688.8	4188.4
948 	50    	3052.95	2071.6	4204.8
949 	50    	3104.42	1882.4	4578.4
950 	50    	3086.66	1436.8	4294  
951 	50    	3081.64	932.8 	4009.2
952 	50    	3174   	1877.6	5015.2
953 	50    	3173.33	1935.2	4507.6
954 	50    	3072.8 	1914.4	4383.2
955 	50    	3224.73	2029.6	4735.6
956 	50    	3077.09	1694.4	4381.2
957 	50    	3021.97	1970.4	4024.4
958 	50    	3048.62	1990  	4136.4
959 	50    	3004.33	1889.2	4404  
960 	50    	3124.25	2041.2	4369.6
961 	50    	3219.46	2374  	4214  
962 	50    	3039.36	2116  	4684  
963 	50    	3098.73	1801.6	4288.4
964 	50    	3160.56	2066  	4672.4
965 	50    	3132.86	2260  	4442  
966 	50    	3182.14	1898.4	4726  
967 	50    	2994.01	685.2 	4456.8
968 	50    	2889.01	1763.2	4364.4
969 	50    	3137.78	1900  	4473.2
970 	50    	3107.9 	1690.4	4227.2
971 	50    	3248.9 	2086  	4641.2
972 	50    	3224.82	2186.4	4518  
973 	50    	2948.82	1873.6	4392.4
974 	50    	3109.18	1965.2	4280.8
975 	50    	3030.16	1500.8	4310  
976 	50    	3037.86	1828.8	4345.6
977 	50    	3085.26	1510  	4500.8
978 	50    	3122.52	1292  	4060.4
979 	50    	3158.58	1633.6	5526.4
980 	50    	3117.75	1416.8	4664.4
981 	50    	3049.51	2196.8	4230.8
982 	50    	3052.14	1823.6	4669.6
983 	50    	2993.89	1636.8	4371.2
984 	50    	2948.56	1913.6	4612.8
985 	50    	3111.42	1794.8	4150  
986 	50    	3015.34	2104  	4115.2
987 	50    	3128.66	1763.2	4751.2
988 	50    	3167.58	2326  	4249.2
989 	50    	3158.29	1897.2	4321.6
990 	50    	3086.26	1939.2	4166  
991 	50    	3165.53	1970.4	4887.2
992 	50    	3153.98	1872  	4867.6
993 	50    	3085.91	834.4 	5526.4
994 	50    	3077.92	2089.2	4367.6
995 	50    	3138.23	2012.4	4418.8
996 	50    	3033.8 	2137.2	5134.4
997 	50    	3120.83	2054.8	4669.6
998 	50    	3086.29	1913.6	4518  
999 	50    	3130.55	2170.8	4327.2
1000	50    	3255.92	1781.2	5172.8