gen 	nevals	avg   	min  	max  
0   	20    	79.8  	51.8 	103  
1   	20    	84.37 	60   	101.4
2   	20    	94.4  	77   	120.2
3   	20    	96.84 	80.2 	114.8
4   	20    	98.66 	63.8 	114.4
5   	20    	101.37	78.8 	112.8
6   	20    	102.86	79.4 	123  
7   	20    	102.16	91.6 	113.2
8   	20    	106.47	81.2 	126  
9   	20    	107.02	91.2 	127.8
10  	20    	108.22	92.6 	121.6
11  	20    	109.73	95.8 	119.8
12  	20    	113.03	103.4	126.4
13  	20    	109.85	99.2 	122.4
14  	20    	110.83	95   	124.2
15  	20    	107.13	91.4 	121  
16  	20    	108.92	97.4 	117.8
17  	20    	110.89	97   	123.8
18  	20    	111.74	96.8 	127.8
19  	20    	109.64	95.2 	124.6
20  	20    	113.31	97.6 	137  
21  	20    	113.16	101  	125.8
22  	20    	112.15	92   	137.6
23  	20    	113.36	99.8 	128.8
24  	20    	116.28	105.4	127  
25  	20    	116.46	99.4 	132.4
26  	20    	114.44	93   	143.8
27  	20    	114.45	103  	130.4
28  	20    	116.69	106.2	129  
29  	20    	112.43	97   	131.8
30  	20    	115.04	101  	137  
31  	20    	111.22	95.6 	131.8
32  	20    	115.88	103  	135.2
33  	20    	115.64	96.2 	125.8
34  	20    	114.71	99.4 	135.2
35  	20    	118.77	100  	139.2
36  	20    	112.82	99.2 	128.2
37  	20    	118.22	94.2 	138.8
38  	20    	117.68	106  	141.2
39  	20    	115.18	97.8 	128.8
40  	20    	117.46	104.4	131.8
41  	20    	114.17	93.2 	133.2
42  	20    	115.07	104.8	134.4
43  	20    	115.74	91   	132.4
44  	20    	115.01	100.2	132  
45  	20    	115.6 	98.4 	127.2
46  	20    	116.74	104  	127.4
47  	20    	112.14	104.6	123.8
48  	20    	117.43	103  	136.4
49  	20    	115.21	95.6 	132  
50  	20    	111.43	91.2 	123  
51  	20    	112.04	93   	122.8
52  	20    	112.46	96.2 	123.2
53  	20    	114.98	105.4	127.4
54  	20    	114.81	103.4	123.4
55  	20    	116.97	103.2	131.2
56  	20    	115.29	98.4 	130.4
57  	20    	114.51	97.4 	132.6
58  	20    	116.89	101.2	136.8
59  	20    	118.21	105.6	135.4
60  	20    	118.29	95.4 	133.2
61  	20    	115.76	100.4	124.4
62  	20    	115.51	101.8	132.6
63  	20    	117.25	103.4	138.4
64  	20    	113.12	92.4 	128.8
65  	20    	111.58	83.4 	125  
66  	20    	118.17	108.8	133.4
67  	20    	116.15	100.4	129  
68  	20    	113.19	97.2 	136  
69  	20    	113.91	98   	136.6
70  	20    	114.09	98.4 	129.6
71  	20    	120.38	104.4	130.6
72  	20    	117.21	101  	136  
73  	20    	116.66	103.6	128.4
74  	20    	116.53	105.2	134.4
75  	20    	115.39	95.4 	125.6
76  	20    	117.34	110.4	126.4
77  	20    	118.67	104.6	125.2
78  	20    	117.37	107.4	125.8
79  	20    	115.54	104.8	132.2
80  	20    	113.94	101.2	133.2
81  	20    	115.13	100.4	132.2
82  	20    	117.2 	91.8 	138.4
83  	20    	112.32	100.2	125.8
84  	20    	116.95	99.8 	141  
85  	20    	115.42	101.8	129.8
86  	20    	115.81	98.8 	128.8
87  	20    	116.49	103  	132.2
88  	20    	117.51	108  	131.6
89  	20    	118.58	103.4	131.2
90  	20    	115.83	99   	131  
91  	20    	114.89	97.8 	127.6
92  	20    	115.76	107  	129.4
93  	20    	115.92	105.8	125.6
94  	20    	115.63	100.2	129.6
95  	20    	116.28	97   	128.8
96  	20    	119.39	100.2	140.4
97  	20    	119.52	105  	136.4
98  	20    	116.74	106.2	126.4
99  	20    	115.46	104  	127.6
100 	20    	117.27	105.2	132.2
101 	20    	118.27	102.8	144.2
102 	20    	116.88	107.8	133  
103 	20    	117.11	102  	134.8
104 	20    	119.86	110.4	134  
105 	20    	118.55	104  	135.4
106 	20    	121.84	112.4	133.6
107 	20    	118.2 	105.6	131  
108 	20    	116.58	99.8 	128.8
109 	20    	119.3 	104.8	128.6
110 	20    	119.88	106.8	140  
111 	20    	120.26	108.4	139.2
112 	20    	119.28	105.2	135.4
113 	20    	115.47	98.2 	126.6
114 	20    	114.07	102.6	137  
115 	20    	115.1 	100  	130.2
116 	20    	118.27	105.8	134  
117 	20    	117.57	108.2	130  
118 	20    	115.85	100.2	129.8
119 	20    	120.36	108.2	138.8
120 	20    	115.64	99.8 	126  
121 	20    	117.33	110  	125.4
122 	20    	116.06	94.8 	130.8
123 	20    	116.14	104.2	130  
124 	20    	117.68	104.2	130.6
125 	20    	119.85	103.4	132.2
126 	20    	119.56	106.4	127.6
127 	20    	116.19	103.2	129  
128 	20    	117.18	101  	131.6
129 	20    	117.64	105.2	131.2
130 	20    	115.92	102.8	135.2
131 	20    	119.19	106  	129  
132 	20    	116.25	102.4	127.8
133 	20    	118.34	103.6	133  
134 	20    	116.82	100.2	127.4
135 	20    	116.22	108.6	128.2
136 	20    	117.86	98.8 	132.4
137 	20    	118.16	105.4	127.2
138 	20    	118.17	106  	132  
139 	20    	118.96	110  	144.2
140 	20    	115.86	105  	125.6
141 	20    	115.41	100.2	127.8
142 	20    	116.77	104.6	129.6
143 	20    	116.84	104  	132.4
144 	20    	113.36	95.4 	139.4
145 	20    	115.34	101.6	128.2
146 	20    	118.2 	104  	131.8
147 	20    	114.82	102.8	137.4
148 	20    	114.49	100.4	130.2
149 	20    	116.57	104.2	130.2
150 	20    	117.05	105  	137.4
151 	20    	115.82	105  	126.2
152 	20    	117.8 	103.8	137.8
153 	20    	116.45	104.6	136  
154 	20    	115.56	98.2 	126.4
155 	20    	116.4 	101.4	126.8
156 	20    	115.64	104.6	126.2
157 	20    	116.48	103.8	133.8
158 	20    	116.52	108  	128.6
159 	20    	117.51	108.8	129  
160 	20    	119.35	112.6	131.2
161 	20    	117.16	96   	128.4
162 	20    	119.76	111  	128.6
163 	20    	117.92	101.8	128.2
164 	20    	120.35	107.4	135  
165 	20    	116.62	104.8	136.8
166 	20    	119.89	106.4	132.6
167 	20    	119.14	104.2	131.6
168 	20    	121.14	88.6 	142.4
169 	20    	118.58	104.2	140.6
170 	20    	114.81	98.6 	125.6
171 	20    	115.26	100.8	123.2
172 	20    	119.76	109  	136.2
173 	20    	120.18	107.4	132.6
174 	20    	119.94	103.2	131.4
175 	20    	117.42	102.2	127.8
176 	20    	121.96	109.8	138.8
177 	20    	122.66	105.4	138  
178 	20    	121.79	112  	136.8
179 	20    	121.68	109  	130  
180 	20    	121.59	108.6	131.6
181 	20    	119.39	102.6	136.2
182 	20    	121.05	102.8	140  
183 	20    	118.7 	100.2	132.8
184 	20    	117.57	106.6	127  
185 	20    	115.5 	93.8 	127  
186 	20    	118.77	104.4	130.4
187 	20    	119.89	108  	134.4
188 	20    	118.22	102.2	131.6
189 	20    	121.21	110  	135  
190 	20    	118.83	102.4	130.6
191 	20    	121.84	105.4	142.8
192 	20    	118.87	101.4	129.6
193 	20    	121.33	110  	133.6
194 	20    	120.61	102.2	131  
195 	20    	120.76	111.4	132.6
196 	20    	120.94	110  	141  
197 	20    	120.14	106  	131.6
198 	20    	119.21	100.4	135.6
199 	20    	120.88	103.2	136.8
200 	20    	118.19	107.2	129  
201 	20    	118.24	107  	132.6
202 	20    	120.24	105.4	155.8
203 	20    	120.3 	103.8	135.4
204 	20    	119.29	104.6	132.8
205 	20    	115.45	102  	128.2
206 	20    	116.19	107.4	125.8
207 	20    	117.89	103  	129.2
208 	20    	117.21	98.4 	130.2
209 	20    	120.56	105  	131.6
210 	20    	120.64	111.4	134.4
211 	20    	118.16	108.2	127.2
212 	20    	122.39	108  	131.6
213 	20    	115.75	104.2	131.8
214 	20    	120.08	110.6	138.2
215 	20    	121.8 	110.2	133.6
216 	20    	120.11	113  	130.6
217 	20    	121.35	111.4	144.8
218 	20    	118.31	100.8	129.8
219 	20    	118.6 	107  	130.2
220 	20    	121.61	108  	135  
221 	20    	118.39	104.6	134  
222 	20    	121.64	111.2	130.4
223 	20    	119.66	113  	129.8
224 	20    	117.86	98.2 	135.4
225 	20    	121.47	110.2	138.6
226 	20    	120.59	110.2	134.2
227 	20    	118.96	94   	135.2
228 	20    	118.84	108.8	130.8
229 	20    	118.24	102.6	134.4
230 	20    	115.66	102.2	130  
231 	20    	117.85	106.8	134.4
232 	20    	118.42	97   	134  
233 	20    	119.94	103.2	134  
234 	20    	121.45	109.2	145  
235 	20    	120.59	111  	131.4
236 	20    	120.12	104.2	134.6
237 	20    	117.79	106.2	130.2
238 	20    	120.62	106.2	128.8
239 	20    	121.58	112.6	133.4
240 	20    	119.17	100.4	129  
241 	20    	119.93	108  	131.2
242 	20    	121.64	102  	137.8
243 	20    	119.66	102.4	132.6
244 	20    	119.52	106.6	135.2
245 	20    	119.18	101.8	138.4
246 	20    	120.36	102.6	140.8
247 	20    	119.23	102.4	129  
248 	20    	120.81	109.2	130.6
249 	20    	119.96	109.6	131.2
250 	20    	116.96	105.8	129  
251 	20    	118.37	96.8 	135.8
252 	20    	119.75	108.6	129.8
253 	20    	117.98	108  	134  
254 	20    	118.94	105.8	132  
255 	20    	120.44	108.4	137  
256 	20    	119   	108.6	131  
257 	20    	118.64	106  	125.6
258 	20    	118.84	108.6	131  
259 	20    	117.19	104  	134.6
260 	20    	120.22	107.2	134.4
261 	20    	116.38	104.4	129.2
262 	20    	117.2 	106.4	131.6
263 	20    	118.85	108.4	133.6
264 	20    	114.31	105  	127.4
265 	20    	114.8 	99.4 	129.8
266 	20    	115.94	103.2	129.2
267 	20    	116.14	93.8 	127.2
268 	20    	118.03	102.6	130.4
269 	20    	116.39	104.8	125.4
270 	20    	118.52	103  	126.8
271 	20    	116.47	107.6	129.6
272 	20    	119.3 	99.8 	134.8
273 	20    	117.89	101.8	138.2
274 	20    	119.02	100.8	135.2
275 	20    	119.41	104  	130.8
276 	20    	118.52	108.4	126.4
277 	20    	120.66	105  	137.4
278 	20    	116.09	103.2	131.2
279 	20    	119.03	106.4	132  
280 	20    	117.01	102  	128.8
281 	20    	119.22	102.8	130  
282 	20    	120.6 	105.8	142.6
283 	20    	120.9 	106.8	139.2
284 	20    	116.25	100  	137.2
285 	20    	120.53	110  	135.6
286 	20    	115.87	86.6 	133.8
287 	20    	117.84	106.6	137  
288 	20    	122.62	111.2	131  
289 	20    	119.95	101.2	137.8
290 	20    	117.41	103.6	126.8
291 	20    	118.42	104.4	131.2
292 	20    	117.18	101.8	129  
293 	20    	118.71	99   	127.6
294 	20    	120.59	104.8	136.2
295 	20    	119.31	106.6	129  
296 	20    	120.45	99.6 	134  
297 	20    	120.86	113.4	131.4
298 	20    	115.9 	97.4 	136.2
299 	20    	119.15	106.4	131.6
300 	20    	118.5 	104.4	143.2
301 	20    	119.65	107.2	130.2
302 	20    	117.86	110.6	132.6
303 	20    	120.78	110.2	128.6
304 	20    	119.18	109.2	129.6
305 	20    	117.51	103.4	131.2
306 	20    	118.81	99.8 	130  
307 	20    	118.97	109.6	136  
308 	20    	115.74	98.2 	137  
309 	20    	118.68	108.4	132.4
310 	20    	118.94	109  	133.4
311 	20    	116.69	106.4	132  
312 	20    	119.51	104.8	137.2
313 	20    	119.42	98.4 	131.8
314 	20    	119.02	101.2	136.2
315 	20    	118.3 	98   	133.6
316 	20    	116.31	107  	126.2
317 	20    	119.17	106.4	130.4
318 	20    	117.97	102.4	135.8
319 	20    	116.33	102.4	136  
320 	20    	119.59	109.8	132.8
321 	20    	118.79	111  	129.6
322 	20    	119.92	109.6	130.8
323 	20    	118.48	109.6	131.2
324 	20    	121.08	102.8	138.6
325 	20    	117.63	92.6 	130  
326 	20    	117.37	100  	129.4
327 	20    	114.05	89.8 	129.6
328 	20    	117.69	96.4 	133  
329 	20    	115.82	100  	130.4
330 	20    	119.65	109.2	135.8
331 	20    	121.41	109.2	134.4
332 	20    	117.85	85.4 	135.6
333 	20    	121.42	105.6	138.8
334 	20    	121.92	106.8	137  
335 	20    	120.82	106.4	137.4
336 	20    	117.75	93.4 	127.8
337 	20    	121.23	106.6	134.2
338 	20    	118.97	109  	130.8
339 	20    	120.33	105  	130.8
340 	20    	122.26	109.8	135.2
341 	20    	122.9 	111.8	137.4
342 	20    	122.28	111.4	135.8
343 	20    	119.22	96.4 	129.2
344 	20    	120.4 	109  	130.4
345 	20    	118.05	105.4	130  
346 	20    	122.18	102.6	137.2
347 	20    	118.37	105.8	135.2
348 	20    	121.55	105  	132.2
349 	20    	118.52	103.4	133.2
350 	20    	121.85	104.2	132.6
351 	20    	119.09	106.4	131.8
352 	20    	121.06	107.6	138.6
353 	20    	119.62	105  	133.2
354 	20    	123.25	105.4	136  
355 	20    	118.71	98.8 	135.4
356 	20    	119.26	105.2	134.6
357 	20    	119.67	100.8	130.8
358 	20    	117.99	108.8	137.8
359 	20    	118.43	105.2	129.4
360 	20    	123.47	112  	132.8
361 	20    	119.33	106.2	134  
362 	20    	121.71	103  	131.4
363 	20    	118.73	106.4	133  
364 	20    	120.28	111.2	135.4
365 	20    	115.52	94.8 	129.6
366 	20    	119.32	98.6 	128.4
367 	20    	118.97	104  	132.6
368 	20    	121.06	103.6	137.4
369 	20    	121.01	102.8	133.8
370 	20    	121.19	108.2	133.2
371 	20    	119.85	107  	133  
372 	20    	120.64	110.8	131.4
373 	20    	117.21	106.4	132  
374 	20    	119.72	107.8	131  
375 	20    	119.28	103.6	130.4
376 	20    	121.87	110.8	130.4
377 	20    	118.12	102.4	136.8
378 	20    	122.92	99.6 	138.4
379 	20    	119.79	107.2	130.4
380 	20    	116.12	104.4	131.2
381 	20    	118.19	99.6 	133  
382 	20    	121.53	106.2	134.8
383 	20    	120.09	101.6	136  
384 	20    	120.37	109.4	129.6
385 	20    	118.91	96.8 	128  
386 	20    	119.47	99.8 	133.8
387 	20    	121.38	107.8	134  
388 	20    	119.75	93.6 	138  
389 	20    	120.7 	107.4	134.6
390 	20    	120.87	108.8	131.6
391 	20    	119.66	98.4 	143.2
392 	20    	117.92	104.4	136  
393 	20    	123.19	100.6	137.4
394 	20    	119.83	104.4	136.2
395 	20    	120.91	106.8	133.8
396 	20    	118.66	105.4	134  
397 	20    	118.95	108.2	134.2
398 	20    	119.07	104.2	129  
399 	20    	119.02	105.6	138  
400 	20    	119.34	101.6	140  
401 	20    	118.34	103.2	134.6
402 	20    	120.35	103.8	133.6
403 	20    	118.77	105.2	130.2
404 	20    	118.48	105.8	131.4
405 	20    	117.14	103.2	132  
406 	20    	119.98	110  	139.8
407 	20    	117.28	105  	131.4
408 	20    	118.95	105.2	137.6
409 	20    	120.36	111  	129  
410 	20    	118.61	106  	141.2
411 	20    	122.61	103.2	135  
412 	20    	122.15	109  	134.2
413 	20    	119.33	104.6	133.6
414 	20    	118.27	107.2	128.2
415 	20    	120.16	108.2	133.2
416 	20    	121.32	110.4	138  
417 	20    	116.82	102.4	128  
418 	20    	122.71	99.8 	134.4
419 	20    	121.53	109.4	137.8
420 	20    	119.96	110.2	128.8
421 	20    	119.9 	106.6	136.4
422 	20    	119.32	96.2 	137.2
423 	20    	118.88	108.4	131.8
424 	20    	118.93	101.4	133.6
425 	20    	119.17	98.4 	133.4
426 	20    	122.56	99.4 	138.2
427 	20    	118.86	107  	128.6
428 	20    	124.94	110  	145.4
429 	20    	119.22	109.6	138.4
430 	20    	119.74	103.8	133.2
431 	20    	122.94	113  	136.8
432 	20    	117.75	106.8	126.4
433 	20    	119.43	101.8	135.4
434 	20    	116.5 	102  	130.4
435 	20    	118.73	105.8	137.6
436 	20    	122.18	97.6 	141.8
437 	20    	119.02	105.4	129.8
438 	20    	117.63	105.4	130.2
439 	20    	120.83	107.4	134.6
440 	20    	119.84	105.4	133.4
441 	20    	118.32	95   	133  
442 	20    	121.69	111.4	129.4
443 	20    	118.66	103.2	140.2
444 	20    	119.23	102.6	132.2
445 	20    	118.28	104.8	128.8
446 	20    	117.6 	98   	132.6
447 	20    	121.22	100.8	132.4
448 	20    	122.04	112.6	136.2
449 	20    	116.26	90.6 	132.6
450 	20    	117.22	104.2	127  
451 	20    	120.7 	106.2	137  
452 	20    	117.91	105.2	127.2
453 	20    	117.72	104  	132  
454 	20    	118.19	106  	129.8
455 	20    	118.41	100.8	126.4
456 	20    	117.69	96.2 	130.8
457 	20    	118.75	109.6	126.6
458 	20    	120.21	103.8	139.6
459 	20    	118.13	103  	133.2
460 	20    	118.76	99.2 	139.6
461 	20    	118.98	102  	135.8
462 	20    	120.31	103.8	135.6
463 	20    	118.93	108.6	131.6
464 	20    	121.13	110.6	131.4
465 	20    	120.2 	108  	136.6
466 	20    	119.34	103.4	132.8
467 	20    	120.68	106.6	138.6
468 	20    	119.84	105  	129.8
469 	20    	120.43	105.6	130.6
470 	20    	120.03	106.4	133  
471 	20    	122.83	110.8	133.8
472 	20    	120.48	110.4	131  
473 	20    	119.23	110  	130.6
474 	20    	119.28	102.2	138.2
475 	20    	120.37	100  	132.6
476 	20    	120.79	109  	134.4
477 	20    	120.1 	108.8	132.8
478 	20    	121.09	108.2	138  
479 	20    	117.51	104.4	128.8
480 	20    	117.04	106.2	131.8
481 	20    	121.32	108.8	135.4
482 	20    	120.43	101.8	140.2
483 	20    	122.34	103.8	129.8
484 	20    	120.45	103.4	144.2
485 	20    	116.98	100.6	137.8
486 	20    	117.68	98.4 	131.8
487 	20    	119.43	106  	132.4
488 	20    	120.11	103.4	133  
489 	20    	119.21	109.2	127.6
490 	20    	123.36	112.4	135  
491 	20    	121.5 	103.2	137.4
492 	20    	117.77	93.8 	145.2
493 	20    	117.39	100.2	142  
494 	20    	114.51	101  	130.8
495 	20    	120.62	103.8	132  
496 	20    	121.45	109.8	139.4
497 	20    	119.26	108.4	132.6
498 	20    	122.17	112.4	135  
499 	20    	118.65	106.8	133  
500 	20    	119.19	100.2	127.2
501 	20    	118.95	105.8	132.2
502 	20    	121.5 	105.6	142  
503 	20    	119.86	107.6	130.2
504 	20    	120.91	106.8	136.6
505 	20    	123.84	112.6	137.6
506 	20    	119.41	107.2	133  
507 	20    	121.45	104.8	136  
508 	20    	121.22	101  	139.8
509 	20    	121.69	107.8	129.8
510 	20    	122.92	101.4	141.6
511 	20    	122.26	111.4	135.6
512 	20    	121.27	107.8	134.6
513 	20    	122.15	103.8	138.4
514 	20    	116.28	99   	128.4
515 	20    	118.68	97.6 	133.8
516 	20    	120.33	101.4	133  
517 	20    	119.21	99.4 	134  
518 	20    	119.13	99   	131.4
519 	20    	119.84	106.6	133  
520 	20    	117.53	103.8	133.4
521 	20    	117.46	103.8	128.4
522 	20    	117.73	102.8	133.6
523 	20    	118.56	106.4	128  
524 	20    	118.86	108.6	133.8
525 	20    	116.13	106.6	133  
526 	20    	123.25	107.4	138.2
527 	20    	117.58	105.8	128.6
528 	20    	120.96	106  	132.2
529 	20    	119.28	105.6	137.4
530 	20    	119.89	102  	138.4
531 	20    	121.32	109.2	131.4
532 	20    	119.65	108.8	136  
533 	20    	119.82	108  	133.6
534 	20    	119.46	102.6	133.8
535 	20    	121.28	112  	130.6
536 	20    	119.74	110  	134.4
537 	20    	121.06	110.8	135.2
538 	20    	121.16	106.4	128  
539 	20    	121.38	106  	136.6
540 	20    	120.71	103.6	133.8
541 	20    	119.25	104  	128  
542 	20    	117.67	101  	133.8
543 	20    	117.52	104.4	138.8
544 	20    	121.22	107.8	136.6
545 	20    	117.26	103.2	132  
546 	20    	120.1 	110  	138  
547 	20    	119.31	106.6	129.8
548 	20    	120.16	102.4	134.8
549 	20    	121.51	94.4 	132.2
550 	20    	119.05	102  	134.6
551 	20    	117.34	95.2 	134.8
552 	20    	119.68	105.6	134.4
553 	20    	118.05	107.4	131.2
554 	20    	121.17	94.4 	138.6
555 	20    	116.19	105  	133.6
556 	20    	119.27	98.8 	130.2
557 	20    	117.66	100.8	127.8
558 	20    	121.03	112.2	136.6
559 	20    	120.03	97.6 	138  
560 	20    	116.02	94.2 	133  
561 	20    	120.93	110  	132.4
562 	20    	118.38	101  	127.6
563 	20    	120.03	104.4	132  
564 	20    	119.5 	112  	139.6
565 	20    	118.61	102.2	145.8
566 	20    	121.37	104.8	144.8
567 	20    	121.54	102.2	134.4
568 	20    	123.22	111.6	135.4
569 	20    	119.68	106.8	129.2
570 	20    	118.57	104.4	130.6
571 	20    	120.62	107.2	133  
572 	20    	117.25	88.8 	128.4
573 	20    	118.13	103.8	135.6
574 	20    	119.58	104.2	139.8
575 	20    	119.87	105.4	137.2
576 	20    	119.45	106.4	139.2
577 	20    	121.55	100.8	135.4
578 	20    	121.16	109.4	139.2
579 	20    	119.37	106.8	130  
580 	20    	120.34	107  	139  
581 	20    	120.45	105.8	134  
582 	20    	118.84	105.2	129.2
583 	20    	118.91	102.4	133.4
584 	20    	122.72	108.6	131.6
585 	20    	123.28	110.6	137.2
586 	20    	120.98	100  	137  
587 	20    	121.22	108.6	130.4
588 	20    	119.85	103.2	132.8
589 	20    	116.8 	99   	133  
590 	20    	113.89	97   	129.4
591 	20    	120.08	98.8 	132.4
592 	20    	119.43	103  	135.4
593 	20    	120.06	101.8	135.2
594 	20    	121.53	106  	133.4
595 	20    	118.82	104.8	137.8
596 	20    	119.01	101.6	141.6
597 	20    	119.81	109.4	129.8
598 	20    	123.39	104.6	134.2
599 	20    	120.77	113  	136  
600 	20    	119.47	109.6	135.2
601 	20    	122.18	94.4 	132.6
602 	20    	116.55	98.4 	128  
603 	20    	120.53	104.6	133.6
604 	20    	118.48	96.4 	138.2
605 	20    	122.6 	111.6	132.8
606 	20    	118.34	102.8	134  
607 	20    	118.43	103.6	130  
608 	20    	123.14	113.4	138.2
609 	20    	119.24	103.6	132.2
610 	20    	123   	110.4	133.4
611 	20    	118.49	100.4	131.2
612 	20    	119.37	100  	141.2
613 	20    	119.86	103  	138.4
614 	20    	119.23	105  	133  
615 	20    	120.8 	107.4	138.6
616 	20    	118.85	111.8	130.4
617 	20    	120.35	111.2	132.4
618 	20    	120.75	106.2	132.4
619 	20    	120.83	105.8	136  
620 	20    	119.1 	97.4 	134  
621 	20    	120.39	104.6	132.6
622 	20    	118.18	104  	129.2
623 	20    	118.98	104.4	130.2
624 	20    	120.25	107.4	135.6
625 	20    	120.43	105  	138.4
626 	20    	119.23	106.2	137  
627 	20    	120   	109.6	137.6
628 	20    	118.44	109.2	128.2
629 	20    	118.66	112.4	130.6
630 	20    	122.6 	107.2	137.4
631 	20    	120.72	104.4	134.4
632 	20    	124.08	112.6	137.6
633 	20    	120.51	110.8	128  
634 	20    	118.97	104.2	142.8
635 	20    	120.08	103.4	133.8
636 	20    	116.99	97.2 	130.4
637 	20    	122.02	108.8	135  
638 	20    	120.37	107.4	134.8
639 	20    	121.32	107.8	133.6
640 	20    	118.26	100  	130.6
641 	20    	120.81	108  	138  
642 	20    	121.88	102.6	135.2
643 	20    	120.48	111.2	137.2
644 	20    	121.4 	111.2	134  
645 	20    	119.78	104.6	132  
646 	20    	120.69	102.2	138.8
647 	20    	122.36	102.8	133.6
648 	20    	121.32	107  	134.2
649 	20    	115.79	95.8 	128.2
650 	20    	119.2 	109.2	132.2
651 	20    	121.71	106.4	135  
652 	20    	120.8 	108.2	132.6
653 	20    	121.03	101.6	140.6
654 	20    	123.71	113.2	133.6
655 	20    	120.4 	104.6	129.2
656 	20    	122.5 	109.6	137.8
657 	20    	121.73	111.4	133  
658 	20    	119.22	107  	128.8
659 	20    	123.36	106.4	132.8
660 	20    	122.54	108  	138.4
661 	20    	122.12	110.2	146  
662 	20    	120.5 	104.6	132.4
663 	20    	119.3 	101.8	134  
664 	20    	122.29	110.8	131.8
665 	20    	121.16	99   	132.4
666 	20    	122.46	108  	143.6
667 	20    	124.39	108.6	140  
668 	20    	123.09	112.6	132.8
669 	20    	121.47	112.8	134.4
670 	20    	121.54	98.8 	131.4
671 	20    	121.7 	102.8	138.6
672 	20    	119.38	102.6	126.6
673 	20    	119.6 	96.2 	134.2
674 	20    	121.42	103.8	131.6
675 	20    	120.21	110.4	134.4
676 	20    	116.79	103.2	130  
677 	20    	121.83	109.2	134.2
678 	20    	125.04	103.4	140  
679 	20    	121.46	112.4	135.4
680 	20    	119.68	104.2	133.6
681 	20    	123.48	109.8	135.6
682 	20    	120.65	105.8	138.6
683 	20    	120.45	112.4	134.8
684 	20    	120.56	107.2	137.4
685 	20    	121.32	108.2	129.4
686 	20    	124.11	106.6	140.8
687 	20    	122.2 	111.8	135.2
688 	20    	120.85	102.8	135.6
689 	20    	121.73	98   	138.4
690 	20    	120.84	111.4	134  
691 	20    	119.14	107.2	136.6
692 	20    	120.2 	102.8	133.2
693 	20    	122.04	103.8	137.8
694 	20    	119.05	109.8	129.6
695 	20    	120.46	106.4	131.4
696 	20    	120.51	107.4	132.2
697 	20    	119.12	96.8 	133.6
698 	20    	120.23	105.6	131.8
699 	20    	116.43	104.2	129.2
700 	20    	120.61	107  	132  
701 	20    	118.07	101.2	135.2
702 	20    	118.22	104.6	135.4
703 	20    	117.47	100  	129  
704 	20    	122.16	106.6	134.2
705 	20    	122.89	115.6	132.4
706 	20    	117.03	109.6	126  
707 	20    	120.96	105.8	134.2
708 	20    	121.7 	103.6	136.6
709 	20    	123.14	115.4	135.2
710 	20    	119.86	108  	139  
711 	20    	123.28	101.6	138  
712 	20    	121.99	105.6	131.8
713 	20    	121.08	102.6	134.6
714 	20    	122.04	108.2	140.4
715 	20    	121.34	107.6	133.2
716 	20    	119.02	109.2	135.2
717 	20    	120.98	111.4	132.8
718 	20    	120.14	100  	137.8
719 	20    	119   	106.8	131.4
720 	20    	122.87	103.8	136  
721 	20    	118.71	102  	139.2
722 	20    	118.65	107.4	133.6
723 	20    	120.67	107.2	133.6
724 	20    	118.33	100.4	135.6
725 	20    	121.52	104  	137.6
726 	20    	120.41	106.4	131.4
727 	20    	120.43	106.6	130.8
728 	20    	121.28	111  	139.4
729 	20    	124.47	105.6	146  
730 	20    	123.88	111.2	150.8
731 	20    	121.09	112.8	133.6
732 	20    	119.6 	105  	136.8
733 	20    	120.91	108.8	134  
734 	20    	119.5 	101.4	137.4
735 	20    	123.06	110.6	141.4
736 	20    	120.46	97.4 	137.2
737 	20    	122.71	110  	147  
738 	20    	122.36	111.4	138.8
739 	20    	120.62	108.2	133.4
740 	20    	121.78	110.6	135.4
741 	20    	125.25	109  	144  
742 	20    	118.3 	98.8 	132.6
743 	20    	119.81	103.4	136.4
744 	20    	123.74	101.6	139  
745 	20    	126.46	115  	138.8
746 	20    	123.41	110.8	135.6
747 	20    	118.88	110.8	130.4
748 	20    	121.91	104  	133.6
749 	20    	120.7 	100.8	132.8
750 	20    	122.75	102.4	133.2
751 	20    	124.33	112.2	133.2
752 	20    	122.53	106.8	136  
753 	20    	121.05	100.6	132.8
754 	20    	122.78	109.8	133  
755 	20    	120.92	110.4	136.4
756 	20    	117.51	102.6	138  
757 	20    	120.4 	102  	136.2
758 	20    	122.17	111.6	134.8
759 	20    	121.86	112  	134.6
760 	20    	120.61	104.4	133.6
761 	20    	122.13	112.4	131  
762 	20    	122.44	95.4 	139.2
763 	20    	121.03	104  	132.8
764 	20    	121.03	100.6	138  
765 	20    	120.76	106  	141  
766 	20    	121.1 	108.8	133.2
767 	20    	121.54	102.4	136.6
768 	20    	123.51	105.6	141  
769 	20    	123.18	107.4	148  
770 	20    	122.13	109.4	141.6
771 	20    	121.51	106.4	136.4
772 	20    	122.41	108  	135.8
773 	20    	118.39	104  	138.6
774 	20    	120.25	104  	135  
775 	20    	119.65	105.2	130.4
776 	20    	121.11	99.6 	135.2
777 	20    	123.9 	111.8	140.2
778 	20    	123.71	112.4	136.6
779 	20    	122.39	108  	133.2
780 	20    	121.78	110.4	134.4
781 	20    	119.71	107.6	132  
782 	20    	120.97	106.4	135.4
783 	20    	122.02	110  	138.4
784 	20    	121.8 	105.4	138.4
785 	20    	123.09	111.4	134.4
786 	20    	118.94	106.8	135.8
787 	20    	123.16	110  	139.2
788 	20    	119.28	106.2	128.6
789 	20    	121.53	105.2	134.8
790 	20    	120.95	109  	137.8
791 	20    	122.61	112.2	136.8
792 	20    	122.3 	106.2	140.2
793 	20    	121.75	107.4	132.8
794 	20    	123.63	108.2	143.4
795 	20    	120.44	109  	138.4
796 	20    	119.53	103.4	130.8
797 	20    	122.33	106.8	135.8
798 	20    	119.57	94.2 	138.4
799 	20    	120.8 	104.4	152.6
800 	20    	119.72	108.4	128.4
801 	20    	120.52	100.4	136.8
802 	20    	120.51	109.4	128.6
803 	20    	121.22	108.8	131.2
804 	20    	118.16	99   	131.8
805 	20    	122.16	112.4	133.8
806 	20    	122.44	110.4	132.2
807 	20    	120.48	109.6	132.8
808 	20    	119.15	104.4	145.2
809 	20    	120.81	111.2	142.6
810 	20    	121.33	105.8	134.8
811 	20    	120.86	108.8	130  
812 	20    	118.73	108.4	128.6
813 	20    	117.52	106.4	129.6
814 	20    	117.41	101.6	138.8
815 	20    	121   	102.8	134  
816 	20    	116.28	101.6	127  
817 	20    	118.74	102.4	138  
818 	20    	120.92	108.6	133.2
819 	20    	119.29	101.2	139.4
820 	20    	119.69	105  	136.6
821 	20    	117.42	95   	130.4
822 	20    	121.39	104  	134.2
823 	20    	120.68	106.6	135.8
824 	20    	122.48	112.4	135.2
825 	20    	119.07	101.4	132  
826 	20    	119.1 	106.4	141.4
827 	20    	120.24	108  	132.4
828 	20    	122.01	109  	133.6
829 	20    	122.64	110  	135.8
830 	20    	120.07	110  	133.4
831 	20    	117.5 	100.8	130.2
832 	20    	120.64	109.8	133  
833 	20    	119.02	107.2	133.6
834 	20    	119.26	105.6	133.4
835 	20    	123.22	108  	138.2
836 	20    	122.89	111.6	137.6
837 	20    	123.17	110.6	131.4
838 	20    	121.78	105.6	137.8
839 	20    	122.21	108  	138.4
840 	20    	119.29	101.2	126.8
841 	20    	123.75	110.2	138.4
842 	20    	123.78	110.2	135  
843 	20    	120.73	109.2	140.2
844 	20    	122.95	113.8	131  
845 	20    	119.33	109  	139  
846 	20    	117.68	100.6	128.4
847 	20    	119.96	110  	135.4
848 	20    	122.52	107.4	130.2
849 	20    	123.78	107.4	134.8
850 	20    	122.56	112.2	141  
851 	20    	125.84	111  	141.8
852 	20    	122.91	113.6	132.2
853 	20    	122.76	111.2	135.8
854 	20    	118.66	111.2	128.2
855 	20    	121.2 	112  	137.6
856 	20    	119.47	107.6	138.4
857 	20    	120.03	101.8	139.6
858 	20    	124.39	107.4	134.8
859 	20    	120.93	101.6	135.2
860 	20    	122.41	108.8	134.2
861 	20    	121   	111  	137  
862 	20    	120.28	101.2	140.2
863 	20    	120.83	104.2	129.2
864 	20    	120   	106.4	131.6
865 	20    	120.71	103.8	138  
866 	20    	120.41	111.6	134.6
867 	20    	119.98	104.2	131.2
868 	20    	119.49	100.4	139.2
869 	20    	122.27	111.2	141.2
870 	20    	121.37	106.2	135.6
871 	20    	124.64	107.2	136.2
872 	20    	122.53	109.4	137.8
873 	20    	119.21	103.4	134.4
874 	20    	121.37	96.4 	135.6
875 	20    	121.82	113.6	130.2
876 	20    	119.7 	106.8	129.8
877 	20    	121.58	111.4	133  
878 	20    	119.52	101.6	135.6
879 	20    	121.69	110.4	135.8
880 	20    	124.82	107.4	137  
881 	20    	122.18	105.4	134.8
882 	20    	120.13	102.2	132  
883 	20    	121.03	105.8	134.8
884 	20    	119.62	105.2	130.6
885 	20    	122.8 	107.2	133.6
886 	20    	119.06	110.4	128.6
887 	20    	119.06	110  	132.2
888 	20    	118.98	107.4	128.2
889 	20    	120.16	109  	134  
890 	20    	121.4 	106.6	133.2
891 	20    	119.17	105.2	129.4
892 	20    	121.38	106.8	134.8
893 	20    	119.04	109  	133  
894 	20    	124.11	109  	138.8
895 	20    	119.32	102.2	136  
896 	20    	123.68	113  	138.4
897 	20    	119.36	107.6	141.8
898 	20    	119.77	105  	131.8
899 	20    	122.91	108.4	139.8
900 	20    	122.71	113.4	140.2
901 	20    	122.22	111.6	137.2
902 	20    	124.54	107  	135.2
903 	20    	123.18	110.6	139.8
904 	20    	122.18	102.2	137  
905 	20    	123.22	113.8	136  
906 	20    	122.88	112  	132.8
907 	20    	119.48	105.6	136.4
908 	20    	119.63	104.8	139.4
909 	20    	122.66	109.8	143  
910 	20    	119.94	112.8	132.2
911 	20    	119.65	108.8	131.8
912 	20    	121.91	98.8 	144.4
913 	20    	123.98	112  	136.2
914 	20    	116.61	100  	127.6
915 	20    	122.47	105.2	134.2
916 	20    	122.5 	104.8	138.2
917 	20    	120.07	89.6 	129.4
918 	20    	120.31	107.6	130.4
919 	20    	120.61	97.6 	130.6
920 	20    	121.39	107.4	136.4
921 	20    	123.07	108  	136.4
922 	20    	120.43	107.2	134.8
923 	20    	122.41	111.8	137.2
924 	20    	121.23	104.6	127.6
925 	20    	121.37	105.4	134.4
926 	20    	122.36	108  	132.6
927 	20    	120.75	110  	133.2
928 	20    	120.1 	101.6	132.6
929 	20    	123.14	109.2	142.4
930 	20    	123.31	107.8	133.4
931 	20    	123.65	106.6	140.2
932 	20    	123.79	111.8	137.8
933 	20    	121.92	111.4	137.6
934 	20    	122.97	104  	137.8
935 	20    	120.97	109  	131.2
936 	20    	123.33	115.2	134.4
937 	20    	121.96	108.8	134.4
938 	20    	124.67	112.4	141.6
939 	20    	122.03	108.4	135  
940 	20    	124.31	108.8	138.2
941 	20    	124.89	108  	139.2
942 	20    	124.22	110  	146.8
943 	20    	123.09	110.8	137  
944 	20    	123.19	88.2 	136.6
945 	20    	123.35	104.6	137.8
946 	20    	120.95	101  	133.2
947 	20    	123.05	110.8	132.2
948 	20    	125.05	103.2	151.2
949 	20    	123.43	110.2	138.8
950 	20    	124.48	106.4	140  
951 	20    	122.56	104.8	140.2
952 	20    	122.91	108.6	134.8
953 	20    	122.47	108  	136.8
954 	20    	122.25	105.4	144.6
955 	20    	122.45	112.8	136.2
956 	20    	120.87	109  	138.4
957 	20    	122.09	106  	136.6
958 	20    	122.6 	112.4	137.6
959 	20    	121.77	108.2	137.2
960 	20    	122.75	108  	132.4
961 	20    	122.55	110.4	138  
962 	20    	124.42	102  	135.8
963 	20    	122.7 	107.6	134.4
964 	20    	127.37	112  	147.6
965 	20    	124.23	110.8	145.2
966 	20    	122.51	108.4	136.8
967 	20    	118.01	103  	131.2
968 	20    	121.38	107.4	133.6
969 	20    	118.95	102.6	139.2
970 	20    	120.32	107  	134.2
971 	20    	122.47	109  	133.2
972 	20    	120.47	111  	132.6
973 	20    	119.62	109.6	138.4
974 	20    	120.33	97.8 	140.4
975 	20    	120.04	107.6	133.6
976 	20    	124.86	106.6	138.8
977 	20    	121.19	109.8	133  
978 	20    	122.8 	107.8	137.2
979 	20    	121.19	109.2	131  
980 	20    	125.09	115.6	140.8
981 	20    	120.78	105.6	141.4
982 	20    	123.31	105.2	143.8
983 	20    	123.86	105.6	133.8
984 	20    	124.37	108.4	141.4
985 	20    	118.53	100.4	133.6
986 	20    	124.66	105.6	139.2
987 	20    	123.46	108.2	131.2
988 	20    	123.34	108.2	134.2
989 	20    	120.38	101.8	132.8
990 	20    	122.88	103.4	136.4
991 	20    	119.56	109  	135.6
992 	20    	123.02	108.2	132.4
993 	20    	120.49	105.4	133.8
994 	20    	122.25	112.4	133.8
995 	20    	123.08	114.8	132.8
996 	20    	120.49	107.2	129.2
997 	20    	122.27	106.8	138  
998 	20    	123.31	106.2	141.4
999 	20    	119.87	97.4 	133.8
1000	20    	121.34	109.8	131.2