gen	nevals	avg   	min  	max  
1  	20    	77.59 	49   	100.4
2  	20    	75.17 	43   	101.6
3  	20    	91.56 	66.4 	113.2
4  	20    	103.35	84.2 	118.4
5  	20    	99.73 	72.6 	121.2
6  	20    	101.33	82.2 	119.8
7  	20    	103.81	88.4 	116.6
8  	20    	107.69	97.4 	120.2
9  	20    	111.75	97.4 	125.6
10 	20    	112.34	101.2	128.6
11 	20    	111.6 	96   	129.8
12 	20    	111.73	100.8	130.8
13 	20    	113.09	101.2	132  
14 	20    	113   	101.8	125.4
15 	20    	112.63	99.6 	126.4
16 	20    	109.36	86.8 	127.8
17 	20    	110.67	101.6	119.2
18 	20    	109.88	95.4 	126.6
19 	20    	116.16	95.8 	126.4
20 	20    	111.22	94.6 	120  
21 	20    	114.25	103.2	132.8
22 	20    	112.76	97.6 	134.4
23 	20    	114.36	96   	128.6
24 	20    	111.24	95.4 	135  
25 	20    	116.45	95   	136.6
26 	20    	116.22	94.8 	134.2
27 	20    	118.31	106.8	134.6
28 	20    	118.01	102.4	142.8
29 	20    	113.43	103.4	124.6
30 	20    	114.7 	103.6	125.4
31 	20    	116.84	108  	135  
32 	20    	119.07	97.4 	130.2
33 	20    	118.1 	100  	126.8
34 	20    	113.23	99.6 	126  
35 	20    	116.31	103  	135.2
36 	20    	116.45	97   	130.8
37 	20    	117.9 	104.8	139.6
38 	20    	118.61	106.8	134.4
39 	20    	116.16	101.8	136.4
40 	20    	114.36	99   	131.2
41 	20    	116.27	91.8 	133  
42 	20    	118.46	108.6	136.6
43 	20    	117.8 	106.4	133.6
44 	20    	119.69	97.4 	128.2
45 	20    	123.04	112  	133.6
46 	20    	117.67	106.2	131.6
47 	20    	118.62	104.6	135.2
48 	20    	117.04	103.8	129.2
49 	20    	122.4 	110.6	136.6
50 	20    	123.06	111  	134.4
51 	20    	122.19	100.4	133.6
52 	20    	120.12	105.6	130  
53 	20    	116.55	100  	133  
54 	20    	120.28	110  	139.6
55 	20    	120.11	104.6	135.2
56 	20    	120.44	105.8	132.6
57 	20    	116.85	103.4	128  
58 	20    	119.24	106.2	129.2
59 	20    	120.2 	106  	131.6
60 	20    	119.28	106.8	136.6
61 	20    	121.97	103  	135.6
62 	20    	119.47	108  	139  
63 	20    	123.92	113  	140.6
64 	20    	120.51	110.4	135.8
65 	20    	121.38	106.6	136  
66 	20    	123.31	104.4	140.2
67 	20    	122.94	110.8	136  
68 	20    	120.6 	108.4	131.2
69 	20    	117.77	104  	129.8
70 	20    	120.65	104  	128.8
71 	20    	121.34	106.8	131.6
72 	20    	118.68	106  	129.4
73 	20    	118.98	111.2	132.4
74 	20    	121.67	108.6	132.2
75 	20    	119.39	105.8	131.4
76 	20    	118.68	106.8	130.8
77 	20    	122.91	108.8	139.2
78 	20    	120.08	105.4	135  
79 	20    	118.08	108.8	130.8
80 	20    	122.32	104.2	139.8
81 	20    	120.71	113.2	130.2
82 	20    	119.23	109  	133.8
83 	20    	123.1 	110.8	147.8
84 	20    	119.64	100.4	133.6
85 	20    	117.61	100  	135.2
86 	20    	120.78	109.2	135.6
87 	20    	119.33	109.2	131.4
88 	20    	120.29	103.4	132.2
89 	20    	118.35	102.6	128.8
90 	20    	121.14	111  	132.2
91 	20    	120.85	105  	139.4
92 	20    	120.28	108  	133.8
93 	20    	121.24	104  	139.6
94 	20    	122.03	110.4	138.4
95 	20    	120.35	110.2	134.4
96 	20    	123.63	109.2	141.2
97 	20    	122.39	111.4	149.4
98 	20    	120.46	103.4	134.8
99 	20    	120.12	111.6	132.4
100	20    	119.44	105.2	134  
101	20    	119.68	103  	132.2
102	20    	121.14	113  	133  
103	20    	120.91	108  	135.8
104	20    	117.98	100.2	138.6
105	20    	121.08	101.2	138.6
106	20    	116.5 	100  	125.8
107	20    	121.29	103.8	136.4
108	20    	121.32	112.2	131  
109	20    	121.9 	105.6	135.4
110	20    	120.62	108.4	134.6
111	20    	119.75	104  	128.6
112	20    	117.23	96.8 	130.6
113	20    	118.61	103  	141  
114	20    	121.55	112  	135.2
115	20    	119.72	107.6	132.8
116	20    	122.76	110.2	137.4
117	20    	122.22	109.4	140.4
118	20    	119.68	105  	130.8
119	20    	120.42	110.2	135.8
120	20    	119.65	107.6	133.2
121	20    	125.48	109.4	142.4
122	20    	119   	104.2	134.2
123	20    	117.93	99.8 	127.8
124	20    	122.25	108.2	130.8
125	20    	123.97	115  	140.2
126	20    	121.44	111.4	132.8
127	20    	123.24	106  	140  
128	20    	119.87	103.6	137  
129	20    	120.6 	103.6	131.6
130	20    	123.9 	110.2	137.2
131	20    	119.9 	101.6	133.8
132	20    	120.71	109.8	137.8
133	20    	122.59	107.8	136.8
134	20    	124.1 	113.8	134.8
135	20    	121.57	108  	139.8
136	20    	123.46	113  	137  
137	20    	123.33	112  	132.8
138	20    	118.67	97.4 	130  
139	20    	118.62	106  	138.4
140	20    	117.92	100.4	130  
141	20    	119.74	106.8	131.8
142	20    	119.64	100.4	134.6
143	20    	121.15	109.6	137.4
144	20    	124.59	109.2	140.8
145	20    	116.94	100.4	131  
146	20    	121.85	106.4	134.2
147	20    	119.8 	97.6 	133.2
148	20    	119.24	101.8	137.2
149	20    	117.86	108.4	133.8
150	20    	120.44	107.6	133.6
151	20    	120.09	104.6	131.2
152	20    	119.57	107.4	136  
153	20    	122.34	104.8	134.2
154	20    	121.56	98.2 	133.2
155	20    	119.82	106.6	130  
156	20    	116.37	104.2	133  
157	20    	123.29	110.6	139.4
158	20    	123.97	111.4	138.6
159	20    	124.98	103  	138.4
160	20    	120.21	107.4	134.2
161	20    	122.7 	107.2	138.4
162	20    	119.8 	91.2 	139.6
163	20    	119.58	98.2 	134.2
164	20    	122.9 	106.4	136.2
165	20    	124.7 	113.4	135.8
166	20    	118.88	105  	133.6
167	20    	120.24	110  	130.4
168	20    	122.5 	112  	140  
169	20    	122.09	110.4	132.4
170	20    	123.28	110.4	138.4
171	20    	121.65	110  	137  
172	20    	118.57	102.4	130  
173	20    	120.46	108.4	131.8
174	20    	121.82	109.8	130  
175	20    	119.72	104.6	138  
176	20    	121.91	107  	136  
177	20    	121.41	109.8	129  
178	20    	119.29	103.6	130.2
179	20    	120.3 	111.2	128.2
180	20    	120.15	104  	133.6
181	20    	120.08	102  	134.6
182	20    	121.81	104.2	137.4
183	20    	118.37	102.6	127.8
184	20    	124.69	108.6	142.2
185	20    	121.55	105  	141.6
186	20    	120.01	109  	131.8
187	20    	123.49	110.6	143.8
188	20    	122.93	112.6	140.6
189	20    	120.87	105.4	131.4
190	20    	121.31	106.8	137.2
191	20    	122.22	109  	133.6
192	20    	122.26	108.8	144.8
193	20    	122.11	110  	134.8
194	20    	117.85	94.4 	136.2
195	20    	119.71	100  	139.6
196	20    	120.41	109.8	132.4
197	20    	122.9 	102.4	141  
198	20    	120.27	110  	136.6
199	20    	119.33	103  	132.6
200	20    	121.25	100  	134.6
201	20    	118.6 	102.4	131.2
202	20    	118.95	96.4 	133.2
203	20    	122.9 	113  	141  
204	20    	122.2 	111.4	135.8
205	20    	119.23	105.4	137.4
206	20    	121.67	105.2	132.6
207	20    	118.34	106.8	130.2
208	20    	120.61	111.2	133  
209	20    	122.98	111.8	135.6
210	20    	121.05	107.6	131.6
211	20    	123.87	109.6	136.8
212	20    	122.04	112.6	131.6
213	20    	123.09	112.2	138.4
214	20    	122.57	112.2	142.4
215	20    	122.02	111.4	136.6
216	20    	120.94	111  	128.8
217	20    	120.74	107.8	139.8
218	20    	123.6 	108.2	132.6
219	20    	121.76	108  	138.6
220	20    	123.23	103  	131.8
221	20    	121.12	101.8	129.6
222	20    	119.56	106  	138.6
223	20    	123.94	113.2	132.8
224	20    	117.59	109.2	127.6
225	20    	120.56	102.2	130.6
226	20    	121.04	110.6	132.8
227	20    	120.04	98.2 	136.4
228	20    	122.32	110.8	138.8
229	20    	120.56	109.2	132.2
230	20    	122.27	110.6	135  
231	20    	119.95	106.6	133.2
232	20    	121.25	108  	134.2
233	20    	115.58	103  	140.4
234	20    	122.64	107.4	135.2
235	20    	120.57	103  	136.2
236	20    	116.31	100.2	126.6
237	20    	121.93	109.6	134  
238	20    	122.6 	110.4	134.2
239	20    	120.55	107.6	132.4
240	20    	122.03	102.4	133.4
241	20    	118.32	103.4	128.8
242	20    	121.47	105  	139  
243	20    	121.49	108.6	134.8
244	20    	119.27	107.4	128.6
245	20    	120.23	110.2	130  
246	20    	119.67	109.2	133.4
247	20    	118.36	102.6	134.6
248	20    	121.18	111.6	132.4
249	20    	120.08	107.2	131.2
250	20    	117.57	105  	135.8
251	20    	121.64	108.4	136.6
252	20    	119.7 	101.8	139.6
253	20    	121.1 	106.2	137.6
254	20    	120.42	103.4	127  
255	20    	115.83	98.2 	125.6
256	20    	117.69	98.6 	127.8
257	20    	118.93	109.2	135.6
258	20    	118.71	105.8	132  
259	20    	119.44	105.6	139.4
260	20    	121.64	108.6	133.6
261	20    	121.93	111.6	137.2
262	20    	117.97	108.6	127.8
263	20    	118.25	108.8	130.2
264	20    	119.57	109  	130.4
265	20    	120.99	104.6	134.8
266	20    	121.22	111  	134.2
267	20    	121.45	108  	140  
268	20    	120.29	109  	130  
269	20    	122.09	106.8	137.4
270	20    	119.89	108.6	130.4
271	20    	120.83	106.2	138.8
272	20    	120.08	107.8	132.8
273	20    	117.43	104.8	129.6
274	20    	120.32	112  	140  
275	20    	118.4 	102.4	128.2
276	20    	119.61	102  	135.6
277	20    	118.64	105.6	133.6
278	20    	122.74	107.4	139.4
279	20    	122.9 	106.8	135  
280	20    	120.03	106.6	136.2
281	20    	122.09	108  	134.4
282	20    	121.39	108.2	132.2
283	20    	118.06	102.6	126.6
284	20    	123.14	113.2	132.2
285	20    	121.03	107  	143.4
286	20    	120.57	104.2	136  
287	20    	119.57	106  	133.2
288	20    	118.44	104.8	134.8
289	20    	123.94	111.4	142.2
290	20    	121.62	109.2	135.4
291	20    	120.13	110  	130  
292	20    	123.9 	108.4	134.6
293	20    	121.03	110.6	133  
294	20    	124.32	114.8	137  
295	20    	120.97	105.4	137.6
296	20    	121.21	108.6	134.2
297	20    	119.05	108.2	131.2
298	20    	122.54	107.4	134  
299	20    	119.26	109  	132.8
300	20    	120.78	108.6	133.6
301	20    	121.94	104  	138  
302	20    	120.95	111.4	134.6
303	20    	122.75	106.6	137.8
304	20    	124.51	103  	137.2
305	20    	119.87	98.8 	132  
306	20    	122.31	112.4	147.4
307	20    	121.92	99.4 	136.2
308	20    	119.91	107.8	136.4
309	20    	121.11	109.8	136.2
310	20    	122.63	111.4	135.6
311	20    	120.62	107.8	130.4
312	20    	119.91	104  	131.4
313	20    	123.18	108  	133.4
314	20    	124   	113.4	135  
315	20    	125.15	110.8	142  
316	20    	121.45	110.2	134.2
317	20    	123.55	109.4	141.6
318	20    	121.15	107.6	131.8
319	20    	121.87	111  	134.2
320	20    	120.72	115.2	129.6
321	20    	123.85	112.6	139.4
322	20    	124.93	103.6	143  
323	20    	123.78	110.6	139.6
324	20    	124.02	114.4	132.4
325	20    	120.65	103  	135.8
326	20    	125.01	112.4	139.8
327	20    	123.45	115  	131.4
328	20    	122.7 	106.8	134.4
329	20    	122.67	112.2	138  
330	20    	124.16	112.6	135.6
331	20    	124.19	114.8	134  
332	20    	121.12	108.2	134.6
333	20    	120.52	104  	131.2
334	20    	124.74	114.8	140.4
335	20    	121.97	110.6	132.8
336	20    	121.49	108.4	135.2
337	20    	120.38	106.6	131.2
338	20    	126.83	110.8	143.8
339	20    	123.66	106.4	143.8
340	20    	120.06	105.2	131  
341	20    	124.36	103.2	137.4
342	20    	123.3 	112  	139.8
343	20    	122.05	104.8	139.2
344	20    	121.58	97.6 	134.8
345	20    	124.19	113.4	147.4
346	20    	122.66	104.8	135.2
347	20    	122.62	109.8	134.4
348	20    	120.19	111  	131.4
349	20    	121.25	105.4	137.8
350	20    	120.35	106.4	128.6
351	20    	121.34	108  	136.8
352	20    	122.04	106.6	140.4
353	20    	121.86	109.8	133  
354	20    	123.58	112.4	137.2
355	20    	123.66	106.6	137.2
356	20    	121.57	106.6	137  
357	20    	123.85	108.6	139.2
358	20    	121.87	107  	136.6
359	20    	120.8 	109.8	133.4
360	20    	126.35	113.8	140.8
361	20    	123.77	106  	148.4
362	20    	126.68	109.2	143  
363	20    	121.82	107.6	137.8
364	20    	122.1 	108  	138  
365	20    	121.72	106.6	133.6
366	20    	123.72	111.8	135.4
367	20    	124.47	113.8	137.6
368	20    	122.27	110.8	134.8
369	20    	123.18	115.2	134.8
370	20    	121.14	113.2	140.8
371	20    	121.29	104  	137.2
372	20    	126.61	110.8	146  
373	20    	123.37	98   	133.8
374	20    	121.26	112.8	136.2
375	20    	120.94	106.4	129.8
376	20    	124.5 	108.6	142.8
377	20    	124.71	115.4	137.6
378	20    	125.69	115.4	137.4
379	20    	124.48	114.2	139.2
380	20    	124.28	112.8	140.4
381	20    	123.28	108.8	136.2
382	20    	121.15	106.8	134.4
383	20    	124.09	111  	134.6
384	20    	123.27	114.8	131  
385	20    	123.92	107.6	141  
386	20    	122.2 	108.4	138.2
387	20    	123.69	106.4	139.2
388	20    	122.78	106.4	135.4
389	20    	124.07	108.2	133.4
390	20    	123.27	108.6	132.6
391	20    	123.19	102.8	134  
392	20    	120.8 	110.4	137.2
393	20    	119.59	108  	133.4
394	20    	122.06	104.4	135.2
395	20    	120.38	105.4	134.2
396	20    	122.37	111.2	135.2
397	20    	121.98	105  	146.2
398	20    	121.88	110.4	132.2
399	20    	125.44	109.2	139.8
400	20    	122.16	112.6	131.6
401	20    	123.69	109.6	141.4
402	20    	121.7 	104  	136.8
403	20    	124.77	112.6	141.4
404	20    	120.31	106  	134.2
405	20    	121.81	106  	134  
406	20    	120.62	106.4	133  
407	20    	121.39	101.8	128.4
408	20    	122.32	101.2	132  
409	20    	123.48	107.8	134.4
410	20    	122.44	102  	138  
411	20    	123.46	104  	139.2
412	20    	119.62	101.4	133.4
413	20    	123.25	103.8	135.8
414	20    	121.93	105.6	136.6
415	20    	122.09	109  	138  
416	20    	124.06	110  	141.2
417	20    	125.82	113  	137.4
418	20    	124.8 	110  	137.6
419	20    	118.67	109.4	131  
420	20    	122.78	112.6	142.4
421	20    	121.58	108.6	137.2
422	20    	123.41	109  	138  
423	20    	124.3 	113.2	136.6
424	20    	121.64	102.6	138.8
425	20    	123.32	104.8	137  
426	20    	124.23	110.2	143.2
427	20    	120.97	112  	140.6
428	20    	123.57	113.6	135.6
429	20    	122.58	110.2	134.8
430	20    	125.98	115.4	135.4
431	20    	123.79	108.6	141.4
432	20    	122.44	99.6 	137  
433	20    	123.53	109.2	133  
434	20    	123.8 	113.2	141.4
435	20    	123.21	112.2	138.8
436	20    	123.39	103.8	138  
437	20    	123.74	116.4	133  
438	20    	121.39	109.8	136.2
439	20    	122.11	104.8	131.2
440	20    	125.51	97   	144.4
441	20    	122.4 	109  	148  
442	20    	123.48	109.6	139.2
443	20    	126.06	108.8	135.8
444	20    	125.48	110.2	134.2
445	20    	123.02	110.4	134.4
446	20    	124.32	108.2	138.2
447	20    	122.48	106.4	133  
448	20    	121.84	104.2	134.6
449	20    	122.9 	104.8	139.8
450	20    	121.17	103.8	135.2
451	20    	123.3 	102.2	133.6
452	20    	119.12	108.2	134.4
453	20    	121.43	102.4	139.6
454	20    	126.76	106  	142.4
455	20    	122.41	113.2	135.6
456	20    	122.18	111  	134.2
457	20    	123.85	109.8	134.6
458	20    	122.84	107.8	142  
459	20    	123.4 	113  	130.6
460	20    	119.55	103.4	133.2
461	20    	123.87	107  	135.8
462	20    	120.3 	107.2	130.2
463	20    	123.39	112.2	135.6
464	20    	119.9 	109  	131  
465	20    	121.46	103.2	133  
466	20    	118.34	99.8 	130.6
467	20    	119.19	101.6	138.8
468	20    	121.32	102.6	136  
469	20    	121.2 	106.4	132.2
470	20    	122.02	108.4	136.2
471	20    	123.24	109.8	135.4
472	20    	123.26	105.4	149.2
473	20    	118.78	108.8	128.4
474	20    	123.61	109.8	139  
475	20    	121.85	103  	134.2
476	20    	122.49	109.4	138.4
477	20    	121.62	108.8	131.4
478	20    	120.09	99.6 	133.2
479	20    	122.31	109.8	135.4
480	20    	120.67	111.6	130  
481	20    	120.42	105.8	141  
482	20    	121.79	115.2	132.2
483	20    	121.85	108.2	133.2
484	20    	119.23	107.4	127.8
485	20    	122.32	110  	131.6
486	20    	121.92	102.4	135  
487	20    	122.05	111  	136.2
488	20    	119.85	106  	141.2
489	20    	121.8 	112  	134.8
490	20    	120.86	113  	133.6
491	20    	122.42	108  	139.4
492	20    	123.78	109.8	136.4
493	20    	119.15	109.6	136.6
494	20    	119.91	98.4 	133.8
495	20    	123.96	110.2	134.8
496	20    	119.29	110  	137  
497	20    	117.93	101.4	134.4
498	20    	119.11	108.4	134.8
499	20    	118.08	104.2	129.2
500	20    	120.2 	108.8	131.6
501	20    	120.89	109.2	129.8
502	20    	122.56	105.6	145.4
503	20    	121.38	104  	133.6
504	20    	121.69	112.4	132.6
505	20    	120.26	109.6	136.6
506	20    	120.14	109.2	136.4
507	20    	119.66	106.8	135  
508	20    	121.37	101.4	135.2
509	20    	118.53	110  	133  
510	20    	120.06	107.2	135.2
511	20    	119.87	107.4	134.4
512	20    	121.22	105.4	135  
513	20    	116.35	95.4 	131.2
514	20    	119.89	105.2	133.4
515	20    	117.22	107  	124.4
516	20    	117.15	105.4	128.8
517	20    	119.16	104.8	138.2
518	20    	120.8 	106.2	132.6
519	20    	117.88	101.8	128.6
520	20    	120.36	109.2	134.6
521	20    	122.58	107.6	133  
522	20    	121.19	104  	134.2
523	20    	114.55	101  	126.8
524	20    	121.56	107.2	142.8
525	20    	119.79	109.6	136.2
526	20    	119.61	107  	131.8
527	20    	117.29	102.6	128.2
528	20    	120   	105.6	131.6
529	20    	121.94	108.2	137.8
530	20    	119.39	105.2	129  
531	20    	122.43	113  	130  
532	20    	122.96	107.8	137.2
533	20    	117.81	106.2	128  
534	20    	117.73	108  	127  
535	20    	121.12	110.6	141.4
536	20    	118.42	109.8	131.8
537	20    	119.57	107.6	129.2
538	20    	122.58	112.8	131.4
539	20    	120.25	109  	137.8
540	20    	118.17	105  	135  
541	20    	119.29	105.2	130.4
542	20    	119.11	105.2	137.6
543	20    	115.77	102.2	128.2
544	20    	120.6 	110.2	132.8
545	20    	116.74	103.6	133  
546	20    	117.71	105  	127.4
547	20    	116.94	102  	132.8
548	20    	120.58	106  	136.8
549	20    	119.36	108.2	135.4
550	20    	121.12	107.6	134.4
551	20    	116.49	101.8	141  
552	20    	117.93	112  	128.4
553	20    	120.86	111.2	142.2
554	20    	116.39	104.4	133.4
555	20    	120.34	109  	131.4
556	20    	118.95	106.8	128.6
557	20    	115.88	102.2	125.2
558	20    	120.06	108.2	131.8
559	20    	120.33	104  	135.2
560	20    	121.4 	111.4	140.2
561	20    	120.47	111.4	136  
562	20    	121.14	113.6	129.8
563	20    	121.92	113.4	134.2
564	20    	118.6 	102.2	135.2
565	20    	117.73	103.2	128  
566	20    	116.41	103.8	127  
567	20    	120.01	98   	135.2
568	20    	118.8 	102.8	131.4
569	20    	120.8 	110  	133.6
570	20    	119.87	104.4	136.4
571	20    	117.36	97.2 	133  
572	20    	120.84	108  	137.6
573	20    	118.98	106.2	135.6
574	20    	119.4 	100.4	134.4
575	20    	120.36	106.4	132.2
576	20    	118.03	105.2	130.8
577	20    	120.82	103.6	132  
578	20    	117.86	99.6 	132.4
579	20    	120.89	110  	135.8
580	20    	121.06	104.2	132  
581	20    	118.71	100  	131.6
582	20    	116.39	105  	133.6
583	20    	120.71	106.2	135.6
584	20    	117.47	108.4	133.4
585	20    	118.4 	103.4	135.2
586	20    	118.98	112.8	129.8
587	20    	118.58	104.8	133  
588	20    	119.64	107  	140.2
589	20    	121.64	102  	135.2
590	20    	118.8 	104.4	141.2
591	20    	120.78	111.4	137.6
592	20    	122.71	114.6	133.2
593	20    	121.44	112.2	136.4
594	20    	119.45	104.8	131.4
595	20    	117.75	104.2	132.6
596	20    	119.12	103.6	133.6
597	20    	119.9 	106.4	134.6
598	20    	118.81	103.8	134  
599	20    	120.15	106.4	132  
600	20    	122.55	109  	134.4
601	20    	119.42	105.2	138.4
602	20    	119.12	105.4	133.4
603	20    	121.09	110.6	130.6
604	20    	118.81	103.4	136.8
605	20    	121.27	108.8	135.4
606	20    	120.43	112  	129.6
607	20    	119.41	101  	133  
608	20    	121.34	110.6	137  
609	20    	121.31	109  	134.6
610	20    	121.05	109.6	134.6
611	20    	122.96	108.4	133  
612	20    	118.52	105.4	135.4
613	20    	120.91	102.4	138.8
614	20    	120.4 	108.2	132.2
615	20    	122.53	111.2	132.4
616	20    	121.42	109.6	143.4
617	20    	117.97	101  	130.8
618	20    	120.48	105.4	138.4
619	20    	119.21	100.8	133.6
620	20    	118.9 	107.4	128.6
621	20    	122.03	101.6	134.6
622	20    	122.69	114  	132.8
623	20    	121.23	105.2	131.6
624	20    	119.09	110.6	131.2
625	20    	120.51	113  	130.2
626	20    	119.68	105.2	135.8
627	20    	121.31	108.6	132.6
628	20    	122.69	106.4	135.2
629	20    	120.85	105  	129.8
630	20    	122.36	107  	136.6
631	20    	121.42	110  	134.4
632	20    	122.11	108.8	131.4
633	20    	121.61	105.6	140.4
634	20    	119.9 	107  	128  
635	20    	122.17	110.4	133  
636	20    	120.88	100.2	137.6
637	20    	118.82	106.6	134.2
638	20    	123.15	111.6	139.6
639	20    	119.32	110  	133.4
640	20    	122.21	110.4	130.6
641	20    	120.66	104.8	146.2
642	20    	120.29	104.4	135.4
643	20    	121.8 	111.8	134.4
644	20    	121.11	110.2	128.6
645	20    	118.85	108.4	133.6
646	20    	123.78	114.6	132.6
647	20    	121.13	108.6	130  
648	20    	120.54	105.2	136.4
649	20    	119.72	107.2	131.8
650	20    	117.56	104.2	130.4
651	20    	120.03	104.8	130.4
652	20    	122.22	112.6	135.2
653	20    	121.99	105.4	146  
654	20    	120.61	107.2	136.4
655	20    	121.33	109  	137.4
656	20    	119.64	110.6	128.8
657	20    	120.71	107.4	130.8
658	20    	119.58	112.2	133.6
659	20    	117.41	107.8	127.2
660	20    	119.01	109.2	140  
661	20    	121.67	109.8	138.6
662	20    	120.92	110.2	129.6
663	20    	120.69	112  	138.4
664	20    	122.46	101  	131.8
665	20    	119.78	110.2	130.6
666	20    	119.43	104.6	130.4
667	20    	122.41	109.2	149.2
668	20    	118.05	104.8	130.8
669	20    	121.22	112.6	132.2
670	20    	123.18	109  	134.8
671	20    	122.09	105.6	136.8
672	20    	119.31	106  	134  
673	20    	122.76	100.6	134.2
674	20    	121.88	111.2	131  
675	20    	122.1 	108  	141.4
676	20    	121.44	109.6	133.4
677	20    	120.39	108.8	139.6
678	20    	120.74	108.8	134.6
679	20    	118.94	110  	131.4
680	20    	119.75	106.4	128.6
681	20    	122.73	104  	139.2
682	20    	118.75	104.4	129.8
683	20    	120.66	108.4	131.4
684	20    	122.47	111.6	132.8
685	20    	122.82	116  	134.8
686	20    	122.04	111.2	133  
687	20    	122.25	101.6	138.8
688	20    	121.53	105  	135.8
689	20    	123.03	109.2	141.4
690	20    	120.26	99.6 	138.4
691	20    	120.88	107.4	134  
692	20    	122.66	108  	131.6
693	20    	117.99	99.2 	135.8
694	20    	120.79	111.8	146.2
695	20    	122.45	108.4	147  
696	20    	120.17	106.2	132  
697	20    	117.52	100.8	134.6
698	20    	120.8 	106  	136.4
699	20    	120.09	106.4	135.4
700	20    	120.29	109.6	135.4
701	20    	119.34	108.8	130.4
702	20    	118.34	99.6 	132.6
703	20    	123.36	113.2	132.8
704	20    	121.57	110.6	132.8
705	20    	122.54	111  	136.2
706	20    	123.81	113.8	133.6
707	20    	117.65	95.4 	133.2
708	20    	122.32	106.2	135.8
709	20    	118.74	103.2	135.4
710	20    	121.58	103.6	136.8
711	20    	119.11	107.4	129.2
712	20    	120.59	102.6	135.4
713	20    	121.83	107  	133  
714	20    	119.43	103.6	129.8
715	20    	119.42	107.6	133.2
716	20    	122.59	115.4	130.2
717	20    	119.59	108  	131.4
718	20    	122.46	105.4	136.6
719	20    	120.83	104.6	129.8
720	20    	120.86	105.6	135.8
721	20    	117.66	106  	127.8
722	20    	121.98	110  	132.4
723	20    	118.66	106.8	138.6
724	20    	120.79	104  	136.8
725	20    	122.75	108.2	140.6
726	20    	119.72	108  	129.4
727	20    	121.26	102  	130.6
728	20    	121.93	110.6	135.8
729	20    	120.21	111.2	130.8
730	20    	120.45	102.8	134.2
731	20    	120.44	105.4	144.4
732	20    	119.37	105.6	132.4
733	20    	123.23	113.4	137  
734	20    	120.22	105.2	145  
735	20    	121.24	106.6	136.2
736	20    	120.48	105.8	137.2
737	20    	121.52	112  	134.8
738	20    	120.42	106.4	134.6
739	20    	118.54	105.8	130.8
740	20    	121.19	110.6	128  
741	20    	121.06	107  	135.6
742	20    	120.49	106.4	128.6
743	20    	122.87	110.4	136.4
744	20    	123.77	106  	142.2
745	20    	121.43	109.8	137.4
746	20    	120.25	108.8	131  
747	20    	116.59	106.8	125.4
748	20    	117.46	97.2 	136.4
749	20    	117.97	103.2	129.4
750	20    	120.82	108.4	135.4
751	20    	120.6 	109.6	131.4
752	20    	120.28	107.2	131.6
753	20    	118.93	103.6	139.4
754	20    	122.3 	106  	134.6
755	20    	121.33	110  	137.4
756	20    	119.22	108.8	128.8
757	20    	116.31	109  	131.6
758	20    	118.91	107.4	133.6
759	20    	119.14	107  	130.4
760	20    	121.38	104.6	137.2
761	20    	121.14	103.2	135.2
762	20    	120.74	107.4	140.6
763	20    	119.45	101.6	133.2
764	20    	119.72	100.2	133  
765	20    	119.52	109  	134  
766	20    	119.41	110.4	129  
767	20    	120.15	101.8	135.4
768	20    	120.79	111.2	128.8
769	20    	117.47	109.2	127.4
770	20    	118   	106.8	131.8
771	20    	117.18	93.8 	133.4
772	20    	118.16	106.8	129.8
773	20    	119.3 	109.2	132.2
774	20    	116.46	98.4 	135.4
775	20    	119.95	106.2	134  
776	20    	121.38	103  	137.2
777	20    	118.37	107.2	127.4
778	20    	119.92	105.4	138.4
779	20    	123.35	110.8	136.8
780	20    	118.39	110.4	131  
781	20    	122.05	110.4	135  
782	20    	122.56	113.2	140.8
783	20    	118.95	105  	130.6
784	20    	116.63	101.4	126.2
785	20    	118.03	101.6	131.8
786	20    	117.44	108  	136.6
787	20    	118.74	100.4	130.2
788	20    	117.51	103  	138.4
789	20    	119.37	100.6	133.4
790	20    	122.38	109.6	132.2
791	20    	120.62	106.2	137.2
792	20    	118.96	98.2 	133  
793	20    	116.6 	103  	132.8
794	20    	116.03	100.2	130.6
795	20    	115.43	103.2	132.4
796	20    	117.99	98   	129.2
797	20    	115.58	93   	126  
798	20    	119.16	112  	130.4
799	20    	117.22	107.4	126.6
800	20    	119.98	105.8	134.8
801	20    	119.06	105  	129.8
802	20    	120.21	105.6	128.4
803	20    	119.51	101.6	134.6
804	20    	121.21	106  	137.6
805	20    	118.53	98.4 	131.8
806	20    	117.4 	104.2	135.6
807	20    	117.64	102.6	127.8
808	20    	115.67	97.8 	132  
809	20    	117.71	103.2	133.6
810	20    	120.34	105.2	141  
811	20    	117.71	104.4	131.6
812	20    	118.85	95.6 	139.8
813	20    	118.7 	99.6 	135.4
814	20    	120.18	107  	132  
815	20    	118.79	101  	134.6
816	20    	117.65	103.2	129.8
817	20    	114.3 	98.8 	126.8
818	20    	121.87	109  	134.8
819	20    	118.84	102.8	134  
820	20    	117.41	100.6	127.8
821	20    	119.08	105.4	134.8
822	20    	119.1 	108.6	132.6
823	20    	118.8 	104  	132.2
824	20    	118.82	105.4	128.4
825	20    	119.71	97.8 	135.6
826	20    	119.64	103.2	131.8
827	20    	117.43	102.8	129.4
828	20    	118.42	101.2	134.2
829	20    	117.12	103.2	137.6
830	20    	118.82	103.8	139.2
831	20    	118.3 	101.8	133  
832	20    	116.26	95.6 	124.8
833	20    	117.31	97   	128.8
834	20    	118.96	99.6 	129.8
835	20    	118.88	107.6	127.4
836	20    	116.13	102.8	133  
837	20    	119.07	108.8	131.6
838	20    	116.08	106.6	129.4
839	20    	118.82	99   	129.8
840	20    	118.36	107.2	131  
841	20    	114.56	91.8 	129.6
842	20    	116.79	103  	144  
843	20    	118.52	106  	130.4
844	20    	118.55	105.8	135.6
845	20    	119.18	97.6 	134.8
846	20    	118.96	104.6	131.8
847	20    	117.58	104.6	130.8
848	20    	118.38	104.2	135.8
849	20    	119.51	104.4	135  
850	20    	117.96	107  	139.2