gen	nevals	avg      	min       	max      
0  	25    	0.0168542	0         	0.0765625
1  	25    	0.0366667	0         	0.0979167
2  	25    	0.0540417	0         	0.0979167
3  	25    	0.0612917	0         	0.0979167
4  	25    	0.0626354	0.0078125 	0.0994792
5  	25    	0.0709271	0.0078125 	0.0994792
6  	25    	0.0714271	0.0078125 	0.0994792
7  	25    	0.0766979	0.0078125 	0.0994792
8  	25    	0.07725  	0.0078125 	0.0994792
9  	25    	0.07875  	0.0078125 	0.0994792
10 	25    	0.0831979	0.0078125 	0.0994792
11 	25    	0.0835833	0.0078125 	0.0994792
12 	25    	0.0840625	0.0078125 	0.0994792
13 	25    	0.0854583	0.0078125 	0.0994792
14 	25    	0.0856771	0.0078125 	0.0994792
15 	25    	0.0864896	0.0078125 	0.0994792
16 	25    	0.0876771	0.0078125 	0.102604 
17 	25    	0.0886146	0.00859375	0.102604 
18 	25    	0.0913333	0.00859375	0.165625 
19 	25    	0.0916563	0.00859375	0.165625 
20 	25    	0.0922188	0.00859375	0.165625 
21 	25    	0.0926875	0.00859375	0.165625 
22 	25    	0.0956146	0.0638021 	0.165625 
23 	25    	0.095625 	0.0640625 	0.165625 
24 	25    	0.0958646	0.0640625 	0.165625 
25 	25    	0.0964062	0.0776042 	0.165625 
26 	25    	0.0964583	0.0776042 	0.165625 
27 	25    	0.0966042	0.0776042 	0.165625 
28 	25    	0.0966042	0.0776042 	0.165625 
29 	25    	0.0966875	0.0776042 	0.165625 
30 	25    	0.0973229	0.0776042 	0.165625 
31 	25    	0.0977188	0.0776042 	0.165625 
32 	25    	0.0978333	0.0776042 	0.165625 
33 	25    	0.0980521	0.0776042 	0.165625 
34 	25    	0.0980521	0.0776042 	0.165625 
35 	25    	0.0980521	0.0776042 	0.165625 
36 	25    	0.0981979	0.0776042 	0.165625 
37 	25    	0.0984583	0.0776042 	0.165625 
38 	25    	0.0984583	0.0776042 	0.165625 
39 	25    	0.0984583	0.0776042 	0.165625 
40 	25    	0.0984583	0.0776042 	0.165625 
41 	25    	0.0984583	0.0776042 	0.165625 
42 	25    	0.0984583	0.0776042 	0.165625 
43 	25    	0.133417 	0.0776042 	0.61849  
44 	25    	0.133417 	0.0776042 	0.61849  
45 	25    	0.133438 	0.0776042 	0.61849  
46 	25    	0.133438 	0.0776042 	0.61849  
47 	25    	0.133635 	0.0776042 	0.61849  
48 	25    	0.13401  	0.0869792 	0.61849  
49 	25    	0.13401  	0.0869792 	0.61849  
50 	25    	0.13401  	0.0869792 	0.61849  
51 	25    	0.134094 	0.0869792 	0.61849  
52 	25    	0.134094 	0.0869792 	0.61849  
53 	25    	0.134094 	0.0869792 	0.61849  
54 	25    	0.134271 	0.0869792 	0.61849  
55 	25    	0.134521 	0.0869792 	0.61849  
56 	25    	0.135281 	0.0869792 	0.61849  
57 	25    	0.135281 	0.0869792 	0.61849  
58 	25    	0.135281 	0.0869792 	0.61849  
59 	25    	0.135281 	0.0869792 	0.61849  
60 	25    	0.135375 	0.0869792 	0.61849  
61 	25    	0.135375 	0.0869792 	0.61849  
62 	25    	0.135719 	0.0869792 	0.627083 
63 	25    	0.135719 	0.0869792 	0.627083 
64 	25    	0.165667 	0.0880208 	0.835677 
65 	25    	0.165667 	0.0880208 	0.835677 
66 	25    	0.165667 	0.0880208 	0.835677 
67 	25    	0.165667 	0.0880208 	0.835677 
68 	25    	0.167177 	0.0880208 	0.873438 
69 	25    	0.167177 	0.0880208 	0.873438 
70 	25    	0.167375 	0.0885417 	0.873438 
71 	25    	0.167823 	0.0885417 	0.873438 
72 	25    	0.167823 	0.0885417 	0.873438 
73 	25    	0.17076  	0.0885417 	0.873438 
74 	25    	0.17076  	0.0885417 	0.873438 
75 	25    	0.17076  	0.0885417 	0.873438 
76 	25    	0.17076  	0.0885417 	0.873438 
77 	25    	0.17076  	0.0885417 	0.873438 
78 	25    	0.170948 	0.0885417 	0.873438 
79 	25    	0.170948 	0.0885417 	0.873438 
80 	25    	0.170948 	0.0885417 	0.873438 
81 	25    	0.170948 	0.0885417 	0.873438 
82 	25    	0.171427 	0.0885417 	0.873438 
83 	25    	0.171427 	0.0885417 	0.873438 
84 	25    	0.171427 	0.0885417 	0.873438 
85 	25    	0.171542 	0.0885417 	0.873438 
86 	25    	0.171542 	0.0885417 	0.873438 
87 	25    	0.171542 	0.0885417 	0.873438 
88 	25    	0.171542 	0.0885417 	0.873438 
89 	25    	0.171542 	0.0885417 	0.873438 
90 	25    	0.171542 	0.0885417 	0.873438 
91 	25    	0.171542 	0.0885417 	0.873438 
92 	25    	0.171542 	0.0885417 	0.873438 
93 	25    	0.171542 	0.0885417 	0.873438 
94 	25    	0.171542 	0.0885417 	0.873438 
95 	25    	0.171542 	0.0885417 	0.873438 
96 	25    	0.171542 	0.0885417 	0.873438 
97 	25    	0.172615 	0.0919271 	0.873438 
98 	25    	0.172615 	0.0919271 	0.873438 
99 	25    	0.172615 	0.0919271 	0.873438 
100	25    	0.172708 	0.0927083 	0.873438 
101	25    	0.172708 	0.0927083 	0.873438 
102	25    	0.172708 	0.0927083 	0.873438 
103	25    	0.172708 	0.0927083 	0.873438 
104	25    	0.172708 	0.0927083 	0.873438 
105	25    	0.172708 	0.0927083 	0.873438 
106	25    	0.172708 	0.0927083 	0.873438 
107	25    	0.172708 	0.0927083 	0.873438 
108	25    	0.172708 	0.0927083 	0.873438 
109	25    	0.172708 	0.0927083 	0.873438 
110	25    	0.172708 	0.0927083 	0.873438 
111	25    	0.172708 	0.0927083 	0.873438 
112	25    	0.172708 	0.0927083 	0.873438 
113	25    	0.172708 	0.0927083 	0.873438 
114	25    	0.172708 	0.0927083 	0.873438 
115	25    	0.172979 	0.0927083 	0.873438 
116	25    	0.179167 	0.0929687 	0.873438 
117	25    	0.179167 	0.0929687 	0.873438 
118	25    	0.179167 	0.0929687 	0.873438 
119	25    	0.179167 	0.0929687 	0.873438 
120	25    	0.179167 	0.0929687 	0.873438 
121	25    	0.179167 	0.0929687 	0.873438 
122	25    	0.179177 	0.0929687 	0.873438 
123	25    	0.179177 	0.0929687 	0.873438 
124	25    	0.179177 	0.0929687 	0.873438 
125	25    	0.179354 	0.0942708 	0.873438 
126	25    	0.179354 	0.0942708 	0.873438 
127	25    	0.179521 	0.0942708 	0.873438 
128	25    	0.179521 	0.0942708 	0.873438 
129	25    	0.179917 	0.0945313 	0.873438 
130	25    	0.179917 	0.0945313 	0.873438 
131	25    	0.179917 	0.0945313 	0.873438 
132	25    	0.179917 	0.0945313 	0.873438 
133	25    	0.179917 	0.0945313 	0.873438 
134	25    	0.179917 	0.0945313 	0.873438 
135	25    	0.179917 	0.0945313 	0.873438 
136	25    	0.179917 	0.0945313 	0.873438 
137	25    	0.180542 	0.0945313 	0.873438 
138	25    	0.180542 	0.0945313 	0.873438 
139	25    	0.180542 	0.0945313 	0.873438 
140	25    	0.180542 	0.0945313 	0.873438 
141	25    	0.180542 	0.0945313 	0.873438 
142	25    	0.188208 	0.096875  	0.873438 
143	25    	0.189375 	0.096875  	0.873438 
144	25    	0.189375 	0.096875  	0.873438 
145	25    	0.189375 	0.096875  	0.873438 
146	25    	0.189375 	0.096875  	0.873438 
147	25    	0.189375 	0.096875  	0.873438 
148	25    	0.189375 	0.096875  	0.873438 
149	25    	0.189375 	0.096875  	0.873438 
150	25    	0.189375 	0.096875  	0.873438 
151	25    	0.189375 	0.096875  	0.873438 
152	25    	0.189375 	0.096875  	0.873438 
153	25    	0.189375 	0.096875  	0.873438 
154	25    	0.192458 	0.096875  	0.873438 
155	25    	0.192458 	0.096875  	0.873438 
156	25    	0.192948 	0.096875  	0.873438 
157	25    	0.192948 	0.096875  	0.873438 
158	25    	0.192948 	0.096875  	0.873438 
159	25    	0.192948 	0.096875  	0.873438 
160	25    	0.192948 	0.096875  	0.873438 
161	25    	0.192948 	0.096875  	0.873438 
162	25    	0.192948 	0.096875  	0.873438 
163	25    	0.192948 	0.096875  	0.873438 
164	25    	0.192948 	0.096875  	0.873438 
165	25    	0.192948 	0.096875  	0.873438 
166	25    	0.192948 	0.096875  	0.873438 
167	25    	0.192948 	0.096875  	0.873438 
168	25    	0.192948 	0.096875  	0.873438 
169	25    	0.192948 	0.096875  	0.873438 
170	25    	0.204    	0.096875  	0.873438 
171	25    	0.204    	0.096875  	0.873438 
172	25    	0.204    	0.096875  	0.873438 
173	25    	0.204    	0.096875  	0.873438 
174	25    	0.204    	0.096875  	0.873438 
175	25    	0.204    	0.096875  	0.873438 
176	25    	0.204    	0.096875  	0.873438 
177	25    	0.204    	0.096875  	0.873438 
178	25    	0.204135 	0.096875  	0.873438 
179	25    	0.204135 	0.096875  	0.873438 
180	25    	0.205844 	0.096875  	0.873438 
181	25    	0.20624  	0.096875  	0.873438 
182	25    	0.20624  	0.096875  	0.873438 
183	25    	0.20624  	0.096875  	0.873438 
184	25    	0.21324  	0.096875  	0.873438 
185	25    	0.21324  	0.096875  	0.873438 
186	25    	0.21324  	0.096875  	0.873438 
187	25    	0.21324  	0.096875  	0.873438 
188	25    	0.21324  	0.096875  	0.873438 
189	25    	0.21324  	0.096875  	0.873438 
190	25    	0.21324  	0.096875  	0.873438 
191	25    	0.21324  	0.096875  	0.873438 
192	25    	0.21324  	0.096875  	0.873438 
193	25    	0.213469 	0.096875  	0.873438 
194	25    	0.213469 	0.096875  	0.873438 
195	25    	0.213469 	0.096875  	0.873438 
196	25    	0.213469 	0.096875  	0.873438 
197	25    	0.213469 	0.096875  	0.873438 
198	25    	0.213469 	0.096875  	0.873438 
199	25    	0.213469 	0.096875  	0.873438 
200	25    	0.213469 	0.096875  	0.873438 
201	25    	0.213469 	0.096875  	0.873438 
202	25    	0.213469 	0.096875  	0.873438 
203	25    	0.213469 	0.096875  	0.873438 
204	25    	0.213469 	0.096875  	0.873438 
205	25    	0.220833 	0.096875  	0.873438 
206	25    	0.220833 	0.096875  	0.873438 
207	25    	0.220896 	0.096875  	0.873438 
208	25    	0.220896 	0.096875  	0.873438 
209	25    	0.220896 	0.096875  	0.873438 
210	25    	0.220896 	0.096875  	0.873438 
211	25    	0.221542 	0.096875  	0.873438 
212	25    	0.221542 	0.096875  	0.873438 
213	25    	0.221542 	0.096875  	0.873438 
214	25    	0.221542 	0.096875  	0.873438 
215	25    	0.221542 	0.096875  	0.873438 
216	25    	0.227271 	0.0979167 	0.873438 
217	25    	0.233052 	0.0979167 	0.873438 
218	25    	0.233052 	0.0979167 	0.873438 
219	25    	0.233052 	0.0979167 	0.873438 
220	25    	0.233052 	0.0979167 	0.873438 
221	25    	0.233052 	0.0979167 	0.873438 
222	25    	0.233052 	0.0979167 	0.873438 
223	25    	0.233052 	0.0979167 	0.873438 
224	25    	0.236865 	0.0979167 	0.873438 
225	25    	0.239125 	0.0979167 	0.873438 
226	25    	0.239125 	0.0979167 	0.873438 
227	25    	0.243885 	0.0979167 	0.873438 
228	25    	0.243885 	0.0979167 	0.873438 
229	25    	0.243885 	0.0979167 	0.873438 
230	25    	0.243885 	0.0979167 	0.873438 
231	25    	0.243885 	0.0979167 	0.873438 
232	25    	0.247729 	0.0979167 	0.873438 
233	25    	0.248302 	0.0979167 	0.873438 
234	25    	0.248302 	0.0979167 	0.873438 
235	25    	0.248302 	0.0979167 	0.873438 
236	25    	0.252083 	0.0979167 	0.873438 
237	25    	0.252083 	0.0979167 	0.873438 
238	25    	0.273406 	0.0979167 	0.873438 
239	25    	0.273406 	0.0979167 	0.873438 
240	25    	0.273406 	0.0979167 	0.873438 
241	25    	0.273406 	0.0979167 	0.873438 
242	25    	0.273406 	0.0979167 	0.873438 
243	25    	0.273406 	0.0979167 	0.873438 
244	25    	0.273406 	0.0979167 	0.873438 
245	25    	0.273406 	0.0979167 	0.873438 
246	25    	0.279052 	0.0979167 	0.873438 
247	25    	0.283073 	0.0979167 	0.873438 
248	25    	0.283073 	0.0979167 	0.873438 
249	25    	0.283073 	0.0979167 	0.873438 
250	25    	0.283073 	0.0979167 	0.873438 
251	25    	0.283073 	0.0979167 	0.873438 
252	25    	0.283073 	0.0979167 	0.873438 
253	25    	0.286677 	0.0979167 	0.873438 
254	25    	0.28724  	0.0979167 	0.873438 
255	25    	0.307865 	0.0979167 	0.873438 
256	25    	0.307865 	0.0979167 	0.873438 
257	25    	0.307865 	0.0979167 	0.873438 
258	25    	0.307865 	0.0979167 	0.873438 
259	25    	0.3085   	0.0979167 	0.873438 
260	25    	0.3085   	0.0979167 	0.873438 
261	25    	0.311729 	0.0979167 	0.873438 
262	25    	0.311729 	0.0979167 	0.873438 
263	25    	0.311729 	0.0979167 	0.873438 
264	25    	0.322958 	0.0979167 	0.873438 
265	25    	0.322958 	0.0979167 	0.873438 
266	25    	0.322958 	0.0979167 	0.873438 
267	25    	0.322958 	0.0979167 	0.873438 
268	25    	0.322958 	0.0979167 	0.873438 
269	25    	0.322958 	0.0979167 	0.873438 
270	25    	0.323229 	0.0979167 	0.873438 
271	25    	0.324063 	0.0979167 	0.873438 
272	25    	0.324063 	0.0979167 	0.873438 
273	25    	0.324063 	0.0979167 	0.873438 
274	25    	0.324063 	0.0979167 	0.873438 
275	25    	0.324063 	0.0979167 	0.873438 
276	25    	0.324063 	0.0979167 	0.873438 
277	25    	0.324063 	0.0979167 	0.873438 
278	25    	0.324063 	0.0979167 	0.873438 
279	25    	0.324063 	0.0979167 	0.873438 
280	25    	0.324063 	0.0979167 	0.873438 
281	25    	0.324063 	0.0979167 	0.873438 
282	25    	0.324063 	0.0979167 	0.873438 
283	25    	0.324063 	0.0979167 	0.873438 
284	25    	0.324063 	0.0979167 	0.873438 
285	25    	0.324063 	0.0979167 	0.873438 
286	25    	0.324385 	0.0979167 	0.873438 
287	25    	0.324385 	0.0979167 	0.873438 
288	25    	0.324385 	0.0979167 	0.873438 
289	25    	0.328365 	0.0979167 	0.873438 
290	25    	0.328365 	0.0979167 	0.873438 
291	25    	0.328365 	0.0979167 	0.873438 
292	25    	0.328365 	0.0979167 	0.873438 
293	25    	0.336563 	0.0979167 	0.873438 
294	25    	0.336563 	0.0979167 	0.873438 
295	25    	0.336563 	0.0979167 	0.873438 
296	25    	0.336563 	0.0979167 	0.873438 
297	25    	0.336563 	0.0979167 	0.873438 
298	25    	0.336563 	0.0979167 	0.873438 
299	25    	0.336698 	0.0979167 	0.873438 
300	25    	0.336698 	0.0979167 	0.873438 
301	25    	0.336698 	0.0979167 	0.873438 
302	25    	0.336698 	0.0979167 	0.873438 
303	25    	0.336698 	0.0979167 	0.873438 
304	25    	0.336698 	0.0979167 	0.873438 
305	25    	0.336698 	0.0979167 	0.873438 
306	25    	0.34024  	0.0979167 	0.873438 
307	25    	0.34024  	0.0979167 	0.873438 
308	25    	0.34024  	0.0979167 	0.873438 
309	25    	0.34024  	0.0979167 	0.873438 
310	25    	0.34024  	0.0979167 	0.873438 
311	25    	0.340458 	0.0979167 	0.873438 
312	25    	0.340458 	0.0979167 	0.873438 
313	25    	0.340458 	0.0979167 	0.873438 
314	25    	0.352656 	0.0979167 	0.873438 
315	25    	0.352656 	0.0979167 	0.873438 
316	25    	0.352656 	0.0979167 	0.873438 
317	25    	0.352656 	0.0979167 	0.873438 
318	25    	0.352656 	0.0979167 	0.873438 
319	25    	0.363438 	0.0979167 	0.873438 
320	25    	0.363438 	0.0979167 	0.873438 
321	25    	0.366    	0.0979167 	0.873438 
322	25    	0.366    	0.0979167 	0.873438 
323	25    	0.366    	0.0979167 	0.873438 
324	25    	0.366    	0.0979167 	0.873438 
325	25    	0.366    	0.0979167 	0.873438 
326	25    	0.367073 	0.0994792 	0.873438 
327	25    	0.367073 	0.0994792 	0.873438 
328	25    	0.37049  	0.0994792 	0.873438 
329	25    	0.383396 	0.0994792 	0.873438 
330	25    	0.383813 	0.0994792 	0.873438 
331	25    	0.383813 	0.0994792 	0.873438 
332	25    	0.383813 	0.0994792 	0.873438 
333	25    	0.383813 	0.0994792 	0.873438 
334	25    	0.383813 	0.0994792 	0.873438 
335	25    	0.383813 	0.0994792 	0.873438 
336	25    	0.384604 	0.0994792 	0.873438 
337	25    	0.384604 	0.0994792 	0.873438 
338	25    	0.384604 	0.0994792 	0.873438 
339	25    	0.384604 	0.0994792 	0.873438 
340	25    	0.384604 	0.0994792 	0.873438 
341	25    	0.391094 	0.0994792 	0.873438 
342	25    	0.391094 	0.0994792 	0.873438 
343	25    	0.391094 	0.0994792 	0.873438 
344	25    	0.407104 	0.0994792 	0.873438 
345	25    	0.407104 	0.0994792 	0.873438 
346	25    	0.407104 	0.0994792 	0.873438 
347	25    	0.407104 	0.0994792 	0.873438 
348	25    	0.413344 	0.0994792 	0.873438 
349	25    	0.413344 	0.0994792 	0.873438 
350	25    	0.413344 	0.0994792 	0.873438 
351	25    	0.413344 	0.0994792 	0.873438 
352	25    	0.415802 	0.0994792 	0.873438 
353	25    	0.415802 	0.0994792 	0.873438 
354	25    	0.415802 	0.0994792 	0.873438 
355	25    	0.415802 	0.0994792 	0.873438 
356	25    	0.415802 	0.0994792 	0.873438 
357	25    	0.415802 	0.0994792 	0.873438 
358	25    	0.415802 	0.0994792 	0.873438 
359	25    	0.415802 	0.0994792 	0.873438 
360	25    	0.417781 	0.0994792 	0.873438 
361	25    	0.417781 	0.0994792 	0.873438 
362	25    	0.417781 	0.0994792 	0.873438 
363	25    	0.417781 	0.0994792 	0.873438 
364	25    	0.417781 	0.0994792 	0.873438 
365	25    	0.417781 	0.0994792 	0.873438 
366	25    	0.418375 	0.103906  	0.873438 
367	25    	0.418375 	0.103906  	0.873438 
368	25    	0.418375 	0.103906  	0.873438 
369	25    	0.420094 	0.103906  	0.873438 
370	25    	0.425188 	0.103906  	0.873438 
371	25    	0.425188 	0.103906  	0.873438 
372	25    	0.425188 	0.103906  	0.873438 
373	25    	0.435406 	0.103906  	0.873438 
374	25    	0.455    	0.103906  	0.873438 
375	25    	0.455    	0.103906  	0.873438 
376	25    	0.455    	0.103906  	0.873438 
377	25    	0.455    	0.103906  	0.873438 
378	25    	0.455    	0.103906  	0.873438 
379	25    	0.455    	0.103906  	0.873438 
380	25    	0.455    	0.103906  	0.873438 