gen	nevals	avg    	min   	max   
1  	25    	1269.06	494.8 	2072.4
2  	25    	1381.81	585.6 	4299.2
3  	25    	1053.39	582.8 	1760.4
4  	25    	1295.66	748.4 	2584  
5  	25    	1267.07	734.8 	2268.8
6  	25    	1610.83	830.4 	3010  
7  	25    	1771.97	789.2 	3779.2
8  	25    	2069.55	1295.6	3536  
9  	25    	2381.18	1010.8	3966.4
10 	25    	2476.08	1292.8	3780  
11 	25    	2648.62	859.6 	4022.4
12 	25    	2646.74	1666.4	3284.8
13 	25    	2667.84	1627.2	3433.6
14 	25    	2421.58	1593.6	3498.8
15 	25    	2450.29	989.2 	3304  
16 	25    	2261.82	988.4 	3753.2
17 	25    	2426.37	1268  	3516.4
18 	25    	2510.7 	1384.8	3797.2
19 	25    	2593.79	1528.4	3977.6
20 	25    	2474.38	1294.8	4380  
21 	25    	2877.3 	2170  	4112.4
22 	25    	2682.64	1778.8	3894.4
23 	25    	2719.3 	1618.8	4199.6
24 	25    	2758.24	1820  	3914.4
25 	25    	2855.74	1861.6	3794  
26 	25    	2803.18	2027.6	4203.2
27 	25    	3055.49	2369.2	4102.4
28 	25    	2856.19	2042.4	4087.6
29 	25    	2823.44	2151.2	4628.8
30 	25    	2883.66	1892.8	4089.2
31 	25    	2827.79	1834.4	3781.2
32 	25    	3187.23	2223.2	5058.4
33 	25    	3003.49	2076  	4721.2
34 	25    	2912.51	2075.6	4399.6
35 	25    	3014.58	2161.2	4516.4
36 	25    	2917.58	1510  	4192.4
37 	25    	2958.69	1983.6	4073.6
38 	25    	3035.86	1910.4	4947.2
39 	25    	3251.95	1736.8	4876  
40 	25    	3362.19	2103.6	4342.8
41 	25    	3204.03	2306.4	4283.6
42 	25    	3229.68	1904  	4344.8
43 	25    	3088.18	2152.4	4840.4
44 	25    	3268.32	1910  	4904  
45 	25    	3169.06	2152.8	4249.2
46 	25    	3335.78	2294  	4585.6
47 	25    	3264.54	2205.2	4744.8
48 	25    	3112.3 	1978  	4531.2
49 	25    	3470.85	2266.8	4664  
50 	25    	3642.94	2650.4	5606.8
51 	25    	3458.34	2350.4	5060  
52 	25    	3455.94	2330.8	5219.6
53 	25    	3543.25	2249.6	5235.6
54 	25    	3428.46	2143.2	4996.4
55 	25    	3347.65	2268.4	4935.2
56 	25    	3434.5 	2434.4	4476.8
57 	25    	3452.19	2277.2	4749.2
58 	25    	3584.7 	2073.6	4726.8
59 	25    	3610.91	2164.4	4954.8
60 	25    	3540.83	2439.2	4510.4
61 	25    	3690.75	2654.4	4971.2
62 	25    	3413.31	2496  	4765.2
63 	25    	3346.78	2167.2	4384.4
64 	25    	3271.3 	2182.4	4328.8
65 	25    	3271.39	1512.4	4274.4
66 	25    	3424.05	1642.4	5077.6
67 	25    	3643.15	2378.4	4864.8
68 	25    	3414.27	2139.2	4582.4
69 	25    	3582.94	2148  	4728  
70 	25    	3204.03	2203.2	4525.6
71 	25    	3543.52	2236.4	4610.8
72 	25    	3534.91	2584.8	4759.2
73 	25    	3425.87	2079.6	4312  
74 	25    	3632.48	2703.2	5298.8
75 	25    	3662.53	2418.8	5867.2
76 	25    	3762.58	2692.4	5658  
77 	25    	3559.49	2476.8	5328.8
78 	25    	3933.04	2758.8	5202.8
79 	25    	3581.1 	2294  	4414  
80 	25    	3441.33	2220.8	4974.4
81 	25    	3745.57	2313.2	5279.6
82 	25    	3811.28	2157.2	5473.6
83 	25    	3562.45	2240  	5010  
84 	25    	3657.39	2520.4	5298.8
85 	25    	3570.48	2590  	5334.8
86 	25    	3757.81	2570  	5482  
87 	25    	3830.22	2669.6	4928.4
88 	25    	3663.66	2592.4	5287.2
89 	25    	3911.87	2556  	5410  
90 	25    	3807.41	2702.8	5244.8
91 	25    	3955.95	2271.2	5801.2
92 	25    	3912.96	2548.8	5471.2
93 	25    	4100.69	2607.2	5212.4
94 	25    	3902.32	2380.4	5410  
95 	25    	3863.73	2688.8	5629.6
96 	25    	3912.85	2735.6	5193.6
97 	25    	3630.11	2357.2	5202  
98 	25    	3770.1 	2582.8	5143.6
99 	25    	3922.77	2877.2	5128.8
100	25    	3949.26	2369.6	5298.8
101	25    	3930.86	2705.6	5254  
102	25    	3689.38	2625.6	5360  
103	25    	3907.86	2594.4	5435.6
104	25    	4071.92	2710  	5776.4
105	25    	3921.31	2838.8	5724.8
106	25    	3801.25	2663.6	5835.2
107	25    	3954.93	3213.2	5949.2
108	25    	3991.89	2458.4	6390.8
109	25    	4035.94	2983.6	4779.6
110	25    	3515.15	2342  	4704.8
111	25    	3791.15	2461.2	5331.2
112	25    	3743.47	2568.8	5117.6
113	25    	3795.5 	2594.8	6151.2
114	25    	3886.37	2705.2	5842.8
115	25    	3983.68	2439.2	5576.4
116	25    	3809.84	2935.6	4912.8
117	25    	3859.23	2423.6	5231.2
118	25    	3926.42	2446.4	5851.2
119	25    	3706.96	2552.4	5096  
120	25    	3750.26	2434  	4661.6
121	25    	3940.53	3146.4	5167.6
122	25    	3811.26	2906.8	5566.4
123	25    	3567.17	2623.6	5190.8
124	25    	3563.09	2516  	5051.2
125	25    	3872.24	2761.2	5716.8
126	25    	3775.22	2420  	5358  
127	25    	3821.82	2575.2	4999.2
128	25    	3737.38	2724.4	5030.8
129	25    	3631.41	2525.6	4854  
130	25    	3895.14	2749.2	5236  
131	25    	3892.26	2463.2	5062.8
132	25    	3824.58	2777.2	5088.4
133	25    	3892.96	2944.4	5062  
134	25    	4002.78	2679.2	5161.6
135	25    	4011.44	3021.2	5277.2
136	25    	3927.04	2683.2	5260.4
137	25    	3783.58	2610.4	5098.8
138	25    	3919.39	2983.2	5043.2
139	25    	4024.98	3133.6	4996  
140	25    	3819.07	2922.8	4984.8
141	25    	3791.55	2830  	5027.2
142	25    	3847.87	2634.8	5014.8
143	25    	3925.78	2858.8	5300.8
144	25    	3905.7 	2569.6	5238  
145	25    	3560.64	2461.2	4603.6
146	25    	3846.67	2969.6	4717.6
147	25    	4024.59	2846  	5460.4
148	25    	3708.24	2324.8	5105.6
149	25    	3830.66	2652  	4868.4
150	25    	3912.32	2699.2	5389.2
151	25    	4137.46	3085.6	6132  
152	25    	4014.88	3132.4	5694.8
153	25    	3933.31	2413.2	5082  
154	25    	3876.16	2565.6	5408.8
155	25    	4047.97	2881.2	5558.4
156	25    	4050.16	2737.2	5030  
157	25    	3752.19	2516.4	4666.8
158	25    	3841.2 	2722.4	5048.4
159	25    	3829.74	2856.4	5298.8
160	25    	3892.85	2365.2	5525.2
161	25    	3945.15	3151.6	5046.4
162	25    	3895.38	2895.2	4746  
163	25    	4048.62	2911.2	5899.6
164	25    	3895.36	2524  	5523.6
165	25    	4052.22	2433.6	5352.4
166	25    	3905.18	2763.2	5150  
167	25    	4118.77	3220.8	5461.6
168	25    	4019.1 	2975.2	5470.4
169	25    	3977.63	2902  	5664  
170	25    	4020.4 	2536  	5124.4
171	25    	4203.5 	2882  	5056.8
172	25    	4002.32	2189.6	6187.2
173	25    	4136.37	3250  	5286  
174	25    	4005.04	2712.8	5844  
175	25    	3758.99	2388.8	4896.4
176	25    	4124.83	2731.6	6167.2
177	25    	4334.77	2754.8	6163.2
178	25    	4044.46	2761.2	5432.8
179	25    	4149.42	3030.8	5813.6
180	25    	4374.78	3097.6	6036  
181	25    	4061.39	2899.2	6242.8
182	25    	4221.57	2885.2	5516  
183	25    	3937.89	2669.6	5346.4
184	25    	3896.78	3080.4	6515.6
185	25    	4318.34	3326  	5877.2
186	25    	4152.48	3225.2	5262.8
187	25    	3962.62	2496  	5035.2
188	25    	4107.47	2384.4	5905.6
189	25    	3974   	2758  	5500.8
190	25    	4053.65	2904.4	5236.4
191	25    	4040.16	3096.4	5726.4
192	25    	4129.38	2726.8	6156  
193	25    	4218.64	2886.4	5328  
194	25    	4301.47	2997.6	5934  
195	25    	3996.11	2459.6	5651.2
196	25    	4167.52	2665.2	5388.4
197	25    	3940.64	2355.6	5078  
198	25    	3891.68	2517.2	6297.6
199	25    	4241.33	3342.4	5268  
200	25    	4032.16	2794.4	6163.2
201	25    	3969.01	2707.2	5406.8
202	25    	3754.93	2769.6	4510.8
203	25    	4089.23	3257.6	5275.2
204	25    	4070.7 	2857.2	5249.2
205	25    	3872.58	2606.4	5450  
206	25    	3746.51	2463.2	5195.6
207	25    	3919.87	2922.8	5542.4
208	25    	3855.07	1943.2	6108  
209	25    	3864.05	2626.8	5439.2
210	25    	4081.81	3155.6	5604.4
211	25    	4253.2 	2668.8	5556.8
212	25    	3995.58	2480  	5735.6
213	25    	3774.54	2750  	5219.6
214	25    	3758.82	2608.4	5536.4
215	25    	3848   	2779.6	5040.8
216	25    	3779.94	2923.6	5102.8
217	25    	4174.59	2720.4	5904.8
218	25    	4158.11	2823.2	5974.4
219	25    	3828.78	2791.6	4985.2
220	25    	4281.18	3473.2	5445.2
221	25    	4024.9 	2570  	5385.6
222	25    	4053.94	2396.8	5917.6
223	25    	4039.98	2502.4	5692.8
224	25    	4138.21	2822.4	5737.2
225	25    	4115.79	3082.8	5686.4
226	25    	4348.62	2978.4	6388.8
227	25    	4116.9 	2896.8	5495.2
228	25    	4149.17	2942.8	5532.4
229	25    	4268.45	3162.4	6754  
230	25    	3999.55	2919.6	5300  
231	25    	4202.4 	2746  	5417.6
232	25    	4152.21	2879.6	6169.6
233	25    	4506.62	3421.6	6295.2
234	25    	4223.39	3014.4	5542.4
235	25    	4463.39	3284.4	5722  
236	25    	3954.03	2335.2	5942.8
237	25    	4138.58	2765.6	5308  
238	25    	4199.14	2662.4	5434.4
239	25    	4116.34	2606  	5975.2
240	25    	4481.25	3090.8	6108.8
241	25    	4327.17	3340.4	5852.4
242	25    	4242.05	2471.6	5408.8
243	25    	4120.91	3142  	5363.6
244	25    	4166.85	2717.6	5756.4
245	25    	4624.1 	3129.6	5718.8
246	25    	4250.74	3163.2	5878  
247	25    	4080.93	2870.8	5110  
248	25    	3898.24	2435.2	5010.4
249	25    	4155.47	2966  	5698  
250	25    	4259.04	2895.6	5494  
251	25    	4342.61	3013.2	5991.2
252	25    	4096.27	2958.8	5553.6
253	25    	4212.99	2837.2	5900  
254	25    	4131.52	3247.6	5276.4
255	25    	4106.62	2637.2	5770  
256	25    	4181.68	2922.8	5360.8
257	25    	4355.78	2784.8	5991.6
258	25    	3878.75	2130  	5238.8
259	25    	4353.12	3213.2	5492.4
260	25    	4427.89	3134.4	5386.8
261	25    	4235.57	2669.6	6181.2
262	25    	4474.4 	2639.6	5596  
263	25    	4093.9 	2746  	5659.6
264	25    	4205.5 	2671.6	6050.8
265	25    	4298.74	3258.8	5658.8
266	25    	4226.53	2891.2	6596.4
267	25    	4071.41	3051.6	5511.2
268	25    	4616.54	3554.4	6357.6
269	25    	4070.4 	2650.8	6272.8
270	25    	4474.34	3429.2	5879.6
271	25    	4501.58	3378.4	5489.6
272	25    	4156.42	2866.4	6578  
273	25    	4449.62	2806.4	7063.2
274	25    	4149.04	3144.4	5310.8
275	25    	4433.74	3517.2	6310.4
276	25    	4375.09	3270  	5430.4
277	25    	4252.66	2941.6	5371.6
278	25    	4401.9 	3167.6	5859.2
279	25    	4347.54	2471.2	6266  
280	25    	4293.28	3394  	5278.8
281	25    	4352.42	3048  	5886.4
282	25    	4350.75	3190  	5960.4
283	25    	4466.45	3284.4	6107.6
284	25    	4201.18	3180.4	5708.8
285	25    	4343.78	3020.8	6119.6
286	25    	4081.23	2896.8	5545.6
287	25    	4204.74	2776  	5843.6
288	25    	4160.91	3118.8	5247.2
289	25    	4363.12	2567.2	5754.8
290	25    	4111.41	2278.8	6095.2
291	25    	4226.58	3328.4	5411.2
292	25    	4232.83	3178  	6366.4
293	25    	4237.23	3225.6	5656.8
294	25    	4227.12	3210.8	6350.8
295	25    	4330.32	2834.4	6364  
296	25    	3896.85	2696.4	6052.4
297	25    	4412.9 	2814.8	5976  
298	25    	4275.65	3175.6	5778.4
299	25    	4276.61	3160  	5396  
300	25    	3980.42	2500  	5879.6
301	25    	4066.16	2642.4	5440.4
302	25    	4164.78	2544  	5783.2
303	25    	3792.72	2928  	5250  
304	25    	3894.43	2303.6	5236  
305	25    	4086.34	2841.2	5300.4
306	25    	3875.14	2726.4	5218.8
307	25    	3927.06	2152.4	5568  
308	25    	4034.1 	2872  	5244  
309	25    	3944.82	2925.6	5620.4
310	25    	3896.86	3018.4	5327.6
311	25    	4169.73	2842  	5901.6
312	25    	3950.8 	2892.4	5285.6
313	25    	3966.42	2733.2	5514.8
314	25    	3911.9 	2846.4	5830.4
315	25    	3939.07	2547.6	5285.6
316	25    	3960.75	2744.4	5860.4
317	25    	3934.24	2804  	5532.8
318	25    	4053.65	2853.2	5616.8
319	25    	3916.64	2520.4	5066.4
320	25    	4384.83	2468.8	5793.6
321	25    	4096.29	3141.2	5041.6
322	25    	3741.95	2707.6	4870.4
323	25    	3837.78	2543.2	4968.8
324	25    	4090.94	2968  	6054.4
325	25    	4028.67	2916.4	5786.4
326	25    	4284.03	3341.2	5652  
327	25    	3997.46	2398  	5242.8
328	25    	4248.27	2692.4	6333.2
329	25    	3990.42	2272.8	5373.6
330	25    	3981.3 	3053.6	5046  
331	25    	4116.3 	3098.8	5618  
332	25    	3903.26	2560  	5254.8
333	25    	4023.39	2797.6	5313.6
334	25    	4309.01	3018.4	5270.8
335	25    	4063.79	3003.6	5043.6
336	25    	4171.2 	1916  	5598.8
337	25    	4230.13	3050.4	5389.6
338	25    	3786.94	2398.4	6076.4
339	25    	3979.62	2483.2	5491.6
340	25    	3825.9 	2918.8	4963.2
341	25    	4159.68	2704.4	5462  
342	25    	3930.72	3148.4	5538.8
343	25    	4158.64	2604.8	5789.6
344	25    	4143.62	3170.4	5623.2
345	25    	3973.9 	2253.2	5118.8
346	25    	3817.97	2563.6	5847.2
347	25    	4069.94	2346.4	5486.4
348	25    	4233.41	2820.4	6268  
349	25    	4126.19	2728  	5854.8
350	25    	4173.98	3017.6	5910.8
351	25    	3974.43	2653.2	6250  
352	25    	4040.11	2703.6	5002.4
353	25    	4035.18	2924  	5301.6
354	25    	3761.92	2412.4	4959.6
355	25    	4231.97	2955.6	5592.4
356	25    	4057.46	2432.4	6271.6
357	25    	4122.27	2664.8	6779.2
358	25    	4040.45	2682.4	5728.8
359	25    	4058.5 	3092.4	5192.8
360	25    	4037.63	2928.8	5019.2
361	25    	4228.18	3013.2	6072.8
362	25    	4206.99	2816.4	5689.6
363	25    	4144.46	3054.8	5552.4
364	25    	4480.5 	2748.4	5532  
365	25    	4164.18	2589.6	5673.6
366	25    	4292.42	3411.2	5568.4
367	25    	4040.58	2543.6	5501.6
368	25    	4584.42	3581.2	5978.4
369	25    	4182.86	2680.4	5122.4
370	25    	4352.27	2562.4	6544.8
371	25    	4477.66	3005.2	6282  
372	25    	4099.73	2241.6	5760.4
373	25    	4086.67	3052.4	5685.6
374	25    	4457.34	3330.4	5918  
375	25    	4212.74	3162  	5244  
376	25    	4073.52	2642.8	6884.8
377	25    	4253.3 	2513.2	5626.4
378	25    	4502.7 	3016  	7216.4
379	25    	4064.61	3054.4	7035.2
380	25    	4234.5 	3260  	5539.6
381	25    	4231.06	3184  	5752.8
382	25    	4409.25	3367.6	6228  
383	25    	4280.46	3239.6	6312.8
384	25    	3993.76	2812.8	6240.4
385	25    	4391.54	3311.6	5295.6
386	25    	4146.43	2850.4	5476  
387	25    	4451.98	2689.2	6558  
388	25    	4053.17	2856.4	5844.4
389	25    	4093.14	2570  	4976.8
390	25    	4223.87	2954.4	5551.2
391	25    	4445.23	3090  	6134  
392	25    	4331.25	3273.2	5651.6
393	25    	4396.27	3170.4	5674  
394	25    	4343.07	2825.6	6291.2
395	25    	4226.13	2644.4	6297.2
396	25    	4103.17	2496  	5595.6
397	25    	4230.11	3064.8	6061.2
398	25    	4418.85	3193.2	5805.2
399	25    	4275.71	3045.2	5715.2
400	25    	4262.21	2592.8	5860  
401	25    	4496.46	3024.4	5814  
402	25    	4287.97	2506.8	6276.4
403	25    	4282.35	2689.2	5696.4
404	25    	4153.34	3081.2	5792.4
405	25    	4244.08	2573.2	5167.6
406	25    	4245.73	3042  	5988.8
407	25    	3916.56	2748  	4989.2
408	25    	4156.66	2824  	5286  
409	25    	3929.57	2190  	5857.6
410	25    	3888.14	2469.2	5143.6
411	25    	3968.74	2490  	5082  
412	25    	4002.35	2508.8	5434.4
413	25    	4277.62	2740  	5730.8
414	25    	4173.17	3284  	6000  
415	25    	4187.66	3108  	5836.8
416	25    	4108.98	2657.6	6090  
417	25    	4220   	2473.6	5323.2
418	25    	4123.58	2724  	5514.8
419	25    	4115.87	3124.8	5757.6
420	25    	4051.04	2760  	5051.6
421	25    	4104.83	2776  	6118.4
422	25    	4108.13	2405.6	5668.8
423	25    	3939.9 	2327.2	5014  
424	25    	4105.3 	3252  	5686.8
425	25    	3987.97	2734.4	5560.8
426	25    	3999.74	2627.2	5104.4
427	25    	4160.03	2234  	5737.2
428	25    	4053.09	2638.4	5728.4
429	25    	3945.42	2909.2	4970.8
430	25    	4255.3 	3333.2	5929.6
431	25    	3966.66	2731.6	5811.2
432	25    	4344.42	2374.4	5646  
433	25    	4239.38	2884.8	5512.8
434	25    	4230.06	2935.2	5631.6
435	25    	4287.44	2834.8	6505.2
436	25    	4308.9 	2856.4	5857.6
437	25    	4370.18	2612  	5778  
438	25    	4274.86	3383.6	5761.2
439	25    	4128.18	2882  	6858.4
440	25    	4203.73	3037.2	5397.2
441	25    	4144.91	2600  	5757.6
442	25    	4404.1 	3274.8	6418  
443	25    	4466.05	2971.6	6557.6
444	25    	4195.9 	3096.8	5819.2
445	25    	4289.54	2938  	5946  
446	25    	4365.52	3351.6	6460.8
447	25    	4412.26	2885.6	6606  
448	25    	4264.91	2492.8	5241.2
449	25    	4425.86	2861.2	6432  
450	25    	4124.43	2513.2	5729.2
451	25    	4324.16	3224  	5718.4
452	25    	4440.56	3338.4	5533.2
453	25    	4162.7 	3135.2	5396.4
454	25    	4480.27	3095.2	6448  
455	25    	4117.89	2673.2	5310  
456	25    	4286.21	2866.8	6086  
457	25    	4282.85	3066.4	5619.6
458	25    	4128.1 	3002  	6211.2
459	25    	4127.74	2686.4	5374.8
460	25    	4031.07	2914  	5653.2
461	25    	4365.82	3077.2	5781.2
462	25    	3902.8 	2808.8	5516.8
463	25    	4198.78	3201.2	5625.2
464	25    	4265.1 	2884.4	5610.4
465	25    	4041.86	2570.4	5293.6
466	25    	4406.54	3098.8	5885.6
467	25    	4185.49	2776  	6136  
468	25    	3930.85	2896.4	5116.8
469	25    	4138.42	2276  	5624  
470	25    	4433.55	3456  	5408.4
471	25    	4191.9 	3283.6	5675.2
472	25    	4346.37	2839.6	5812.4
473	25    	4180.34	2508.4	5561.6
474	25    	4202.96	3088  	5102.4
475	25    	4254.62	2706.4	5358.8
476	25    	4210.78	2828  	5207.6
477	25    	4156.83	2828  	5358.4
478	25    	4369.25	2624  	6419.6
479	25    	4421.68	2851.6	5983.6
480	25    	4225.28	3248.4	5735.2
481	25    	4026.59	2870.8	6094.8
482	25    	4326.83	2850.8	6175.2
483	25    	4176.62	2858  	5485.2
484	25    	4332.42	2755.6	5404.4
485	25    	4599.09	2931.6	6688  
486	25    	4103.76	2570  	5135.2
487	25    	4328.56	2509.2	5651.2
488	25    	4460.16	3250.4	5992  
489	25    	4126.61	3345.2	5393.6
490	25    	3985.68	2620.4	5100.8
491	25    	4469.44	3170.4	6274.4
492	25    	4223.98	3281.2	5279.2
493	25    	4228.99	3194.8	5842.8
494	25    	4263.66	2858.4	5362  
495	25    	4481.74	3543.6	5869.2
496	25    	4559.04	2985.2	6711.6
497	25    	4240.9 	3197.2	5568.8
498	25    	4110.37	2796.4	5772.4
499	25    	4255.12	2602.8	5587.2
500	25    	4249.31	2843.6	5916  
501	25    	4306.8 	2694  	5376.4
502	25    	4144.91	2749.6	5504.8
503	25    	4091.58	2659.2	5366.4
504	25    	4199.42	2940.8	5378  
505	25    	4335.66	3412.4	5567.6
506	25    	4203.78	3322.4	5039.2
507	25    	4318.4 	3319.6	5790.4
508	25    	4039.49	2828.8	5862  
509	25    	4109.79	2867.6	6006.8
510	25    	4533.71	3482  	6146.8
511	25    	4255.74	3318.4	5695.6
512	25    	4398.3 	3169.2	5998  
513	25    	4301.76	3150  	5292  
514	25    	4352.32	3478  	5376  
515	25    	3996.29	3211.6	5341.6
516	25    	4145.63	3300  	5772.8
517	25    	4145.84	2776  	5645.2
518	25    	4239.73	3036.4	5253.6
519	25    	4145.28	2860.4	5373.6
520	25    	4254.37	3216.4	7042.4
521	25    	4347.04	3043.2	6027.2
522	25    	4207.62	3325.2	5560  
523	25    	4413.98	3151.6	5706  
524	25    	4339.36	2508.8	6577.2
525	25    	4449.55	2638.4	7187.6
526	25    	4373.74	2930.8	5475.6
527	25    	4547.06	3113.6	6162.8
528	25    	4511.36	3054  	5651.2
529	25    	4207.15	3056.8	5431.2
530	25    	4275.02	3327.2	6242.8
531	25    	4429.17	3065.2	6034.8
532	25    	4433.74	3165.6	7110.8
533	25    	4270.06	2763.2	5393.2
534	25    	4351.9 	3092  	6045.6
535	25    	4346.21	3146.4	5992.4
536	25    	4297.38	3092.8	5774.4
537	25    	4432.14	3414  	5952  
538	25    	4365.12	3182  	6167.2
539	25    	4582.51	3440.4	5782.8
540	25    	4347.38	3253.2	5548  
541	25    	4530   	3254.4	5681.6
542	25    	4204.18	2559.6	6219.2
543	25    	4145.02	2396.8	5515.6
544	25    	4141.23	2944.4	5502  
545	25    	4268.18	3434.8	5670.4
546	25    	4108.45	2544.4	5666.4
547	25    	4126.56	2622.8	5495.2
548	25    	4147.38	2999.2	6308.8
549	25    	4355.49	3180.8	5337.6
550	25    	4271.26	2686.4	5987.6
551	25    	4180.67	3155.2	5028.8
552	25    	4297.52	3115.2	6084.4
553	25    	4508.88	2872.8	5999.2
554	25    	4302.48	3302.8	6258.4
555	25    	4296.77	3051.2	6214.4
556	25    	4467.36	2818  	7457.6
557	25    	4158.11	3205.2	6291.2
558	25    	4331.68	3263.6	6021.6
559	25    	4428.91	2317.2	6298  
560	25    	4420.98	2823.2	5711.6
561	25    	4279.1 	3309.6	5258.8
562	25    	4384.69	3719.2	5389.6
563	25    	4234.13	2991.2	5806.8
564	25    	4389.71	3325.6	6292.4
565	25    	4010.75	3178.8	5284  
566	25    	4355.06	2760.8	6179.6
567	25    	4348.78	2839.6	6219.2
568	25    	4384.75	2831.6	5882.4
569	25    	4333.34	2831.6	5888.8
570	25    	4188.38	2941.6	5346.4
571	25    	4281.14	3272.8	6055.2
572	25    	4129.86	3060.8	5983.6
573	25    	4300.58	3130  	5740.8
574	25    	4008.14	2466.8	5312  
575	25    	4003.68	2595.2	5776.8
576	25    	4345.3 	2928.8	5383.6
577	25    	4436.96	3242.4	5459.6
578	25    	4151.28	2775.2	5880  
579	25    	4019.66	2719.2	5584  
580	25    	4288.94	3042.8	6539.6
581	25    	4145.92	2151.2	5631.2
582	25    	4179.9 	3021.6	5632  
583	25    	4104.72	2774  	5402  
584	25    	4403.49	3086.8	5918.8
585	25    	4089.2 	2844.4	5143.6
586	25    	4152.45	2970.8	5491.2
587	25    	4014.22	2924.8	5252.4
588	25    	4402.43	2571.6	5701.6
589	25    	4098.85	3194.4	5520.4
590	25    	4185.94	2950.4	7692.4
591	25    	4291.97	3502.8	5371.2
592	25    	4461.49	2820  	5400  
593	25    	4027.31	2907.2	4902.4
594	25    	4078.05	2620.4	5263.2
595	25    	4396.66	2266.8	5392.8
596	25    	4388.54	3542  	5665.2
597	25    	4194.22	2882  	5520  
598	25    	4277.38	2955.2	5394.4
599	25    	4371.65	3294  	5939.6
600	25    	4447.26	3215.6	5562.4
601	25    	4101.82	3249.6	4950.4
602	25    	4169.26	3080.4	6427.2
603	25    	4109.15	3080.4	5178.4
604	25    	4103.33	2912  	5488.4
605	25    	4302.4 	3074.8	5341.6
606	25    	4154.83	2436.8	5891.6
607	25    	4124.62	3069.6	5723.6
608	25    	4300.11	3149.6	6067.2
609	25    	4408.34	2877.6	6915.6
610	25    	4414.88	3234.8	6208.4
611	25    	4416.02	2731.6	6194.8
612	25    	4101.81	2394.8	6515.6
613	25    	4215.18	2954  	5670  
614	25    	4247.6 	3160.4	5748.4
615	25    	4191.36	3084  	5706.8
616	25    	4132.03	2673.6	5552  
617	25    	4335.04	3057.2	5418.4
618	25    	4337.63	3089.6	5407.2
619	25    	4307.12	2750.8	5990.8
620	25    	4018.78	2954.8	5310.4
621	25    	4216.14	3108.4	5708  
622	25    	4055.92	2474.8	5876.8
623	25    	4239.2 	2891.6	5490  
624	25    	3772.8 	2872.4	5106.8
625	25    	4235.71	2974  	6596.8
626	25    	4162.66	3308  	5528.4
627	25    	4329.89	2791.6	5733.2
628	25    	4421.58	2976  	5525.6
629	25    	4139.5 	2764.4	5438.4
630	25    	4318.91	2983.2	7642.4
631	25    	4317.07	2997.6	5334  
632	25    	4214.46	3234.8	6472.8
633	25    	4039.36	2608  	4816.8
634	25    	4237.23	2980.8	5965.6
635	25    	4266.16	2101.2	7922.4
636	25    	4020.82	2968.8	5826  
637	25    	4380.35	2903.2	7117.6
638	25    	4298.93	2834  	5542.8
639	25    	4239.15	3412.8	5796.8
640	25    	4155.42	3335.6	5661.6
641	25    	4293.65	3113.6	5374.4
642	25    	4342.75	3202.4	5639.6
643	25    	4192.94	2845.6	5262.4
644	25    	4106.45	3104.4	5470.8
645	25    	4125.62	3142.4	5139.2
646	25    	4296.58	3238.4	5596.8
647	25    	4182.34	3287.6	5161.2
648	25    	4365.74	3023.2	5528  
649	25    	4280.18	2700  	6310  
650	25    	4289.84	3002.8	6012.8
651	25    	4091.52	2886.8	5248.8
652	25    	4175.36	2652.8	5643.6
653	25    	4332.98	3080.8	5924.8
654	25    	4326   	3342.8	6068.4
655	25    	4318.74	3812.8	5578.4
656	25    	4153.84	2461.2	5593.2
657	25    	4403.2 	3267.2	6998.4
658	25    	4344.64	2832.8	5948.8
659	25    	4264.5 	2280.8	5405.6
660	25    	4411.98	3039.2	6265.6
661	25    	4258.13	2744  	6508  
662	25    	4237.09	2956.4	5171.6
663	25    	4375.17	3162.8	5629.2
664	25    	4492.62	3389.6	5842  
665	25    	4336.91	3037.2	5825.2
666	25    	4295.55	2449.2	5554.8
667	25    	4065.25	2646.8	5443.2
668	25    	4399.5 	3418  	5725.2
669	25    	4529.15	3270.4	6027.6
670	25    	4058.64	3224.4	4858.4
671	25    	4125.62	2550.8	5628.8
672	25    	4336.32	3434.8	5798.8
673	25    	4050.72	2966.8	5064.8
674	25    	4340.72	2788.4	5862.4
675	25    	4234.34	2254.8	5520  
676	25    	4312.02	2930.8	5980  
677	25    	4210.45	2397.6	5224.8
678	25    	4323.39	3071.6	5412  
679	25    	4266.72	2956  	5632.8
680	25    	4281.7 	3014  	5332  
681	25    	4513.02	3067.2	5777.6
682	25    	4154.77	2717.2	5362.4
683	25    	4092.11	3089.2	5639.2
684	25    	4336.21	2684  	6419.2
685	25    	4698.22	3294.4	6744.4
686	25    	4361.14	3453.2	5628.4
687	25    	4374.29	3249.2	6361.2
688	25    	4325.31	2937.2	6136  
689	25    	4241.25	2600  	5931.6
690	25    	4528.91	2652  	5826.8
691	25    	4339.47	3042.8	6731.2
692	25    	4084.64	2622.4	5931.6
693	25    	4247.41	2730.8	6016.8
694	25    	4177.5 	2519.2	6230  
695	25    	4198.3 	2424.4	5943.2
696	25    	4240.08	3314.4	5693.6
697	25    	4368.82	3147.2	5274.4
698	25    	4129.52	2928.4	6724  
699	25    	4195.41	3094  	5320.4
700	25    	4175.89	3011.6	6169.6
701	25    	4463.54	3254.8	6158.8
702	25    	4233.97	2459.2	5309.2
703	25    	4136.69	2706.8	5525.6
704	25    	4263.66	2217.6	5721.2
705	25    	4555.47	3216.8	6729.2
706	25    	4365.63	3197.2	5711.6
707	25    	4264.72	3016  	6894.4
708	25    	4105.98	3060.8	5508  
709	25    	4403.23	2781.6	5544.8
710	25    	4090.45	2994.8	5050  
711	25    	4214.96	3113.2	5555.6
712	25    	4374.22	3074.8	5684.4
713	25    	4342.9 	2721.2	5810.4
714	25    	4295.86	3158  	6140  
715	25    	4257.1 	3005.2	6160.4
716	25    	4352.56	2777.6	6023.2
717	25    	4425.82	3299.6	5750.8
718	25    	4357.33	2874  	6064.8
719	25    	4431.38	2662.4	6046.8
720	25    	4171.87	2764.4	5450.4
721	25    	4050.66	2910.4	5639.6
722	25    	3994.66	2924.4	5540.4
723	25    	4269.06	3371.6	5900  
724	25    	4259.1 	2658  	6218.8
725	25    	4195.6 	2272.8	6458.8
726	25    	4107.23	3264.4	5249.2
727	25    	4295.2 	2877.6	5512  
728	25    	4567.33	3212.8	6784.8
729	25    	4434.56	3176.8	6112.4
730	25    	4488.78	2258  	6023.6
731	25    	4540.93	3046  	6923.2
732	25    	4217.92	2891.6	5514  
733	25    	4602.91	3176.4	5738.8
734	25    	4392.56	3235.6	5545.6
735	25    	4424.16	2984.4	6242  
736	25    	4579.12	2730.8	6532.4
737	25    	4478.34	2978  	5779.2
738	25    	4079.25	2697.6	5512.4
739	25    	4207.15	3029.6	5905.6
740	25    	4404.21	2606.8	6097.6
741	25    	4166.27	2644.4	5509.2
742	25    	4314.32	3240.8	5811.6
743	25    	4272.94	2884.4	6021.6
744	25    	4564.98	2953.2	6224  
745	25    	4532.86	3406.8	5890.8
746	25    	4264.32	3057.6	5706.4
747	25    	4304.91	2578.4	5951.6
748	25    	4610.45	2826  	5704.4
749	25    	4279.36	2801.6	5905.2
750	25    	4354.61	3085.2	5652.8
751	25    	4202.72	2736.8	6010.4
752	25    	4690.26	3207.2	6367.2
753	25    	4262.7 	3324  	5485.6
754	25    	4538.78	3319.2	6160.8
755	25    	4268.82	3214.4	5252.4
756	25    	4578.06	3257.6	6220.4
757	25    	4121.34	2775.6	6262.4
758	25    	4290.13	2526.4	5482  
759	25    	4267.89	3136.8	5596.4
760	25    	4444.77	3052.4	6037.2
761	25    	4456.66	3095.2	5728  
762	25    	4174.9 	3068.8	5406  
763	25    	4257.15	3092.4	5363.6
764	25    	4337.87	2674  	5412  
765	25    	4643.82	3236.4	6431.2
766	25    	4159.46	2850.4	5382.8
767	25    	4295.33	2738.4	6579.2
768	25    	4390.9 	3355.6	5864.8
769	25    	4317.31	2826  	6668.8
770	25    	4482.86	3349.6	6913.2
771	25    	4373.3 	2722.8	5867.2
772	25    	4483.02	3030  	6058.8
773	25    	4197.9 	2758.4	6331.2
774	25    	4358.54	3162.8	5368.4
775	25    	4394.91	2910  	6036.8
776	25    	4138.3 	2992.8	5238  
777	25    	4161.92	2507.6	5582.8
778	25    	4272.43	3306.8	5371.2
779	25    	4271.04	3116.8	5880.8
780	25    	4122.34	3028.8	5358.4
781	25    	4288.03	2812.4	6427.2
782	25    	4441.04	2883.2	6547.6
783	25    	4252.26	3186.4	5734  
784	25    	4769.5 	3116.4	6682.8
785	25    	4538.24	3074.4	5881.2
786	25    	4546.69	2570  	6689.6
787	25    	4667.98	3844.8	6223.2
788	25    	4576.77	3476.8	6402.4
789	25    	4475.14	3655.2	5682.8
790	25    	4442.88	3178  	6558.8
791	25    	4311.78	3033.6	5821.2
792	25    	4390.77	2680.8	5944.8
793	25    	4361.5 	2418  	6214.8
794	25    	4351.06	3140.4	6200.8
795	25    	4195.82	3170.4	5338.8
796	25    	4173.2 	2719.6	5500.4
797	25    	4272.75	3193.2	5798.4
798	25    	4517.34	2740  	5496.4
799	25    	4444.29	3220.8	5449.6
800	25    	4570.96	3058.4	6366.4