gen 	nevals	avg      	min       	max     
0   	25    	0.0974375	0         	0.595313
1   	25    	0.126812 	0         	0.442969
2   	25    	0.207594 	0         	0.625   
3   	25    	0.265719 	0         	0.502344
4   	25    	0.341625 	0         	0.65    
5   	25    	0.319406 	0.015625  	0.622656
6   	25    	0.351375 	0.00625   	0.655469
7   	25    	0.364469 	0         	0.760156
8   	25    	0.389469 	0         	0.639062
9   	25    	0.407938 	0         	0.724219
10  	25    	0.467469 	0.192188  	0.764062
11  	25    	0.404563 	0.0015625 	0.697656
12  	25    	0.474594 	0         	0.721875
13  	25    	0.395969 	0         	0.703125
14  	25    	0.413969 	0.0046875 	0.688281
15  	25    	0.495531 	0.0421875 	0.815625
16  	25    	0.491563 	0.0601563 	0.710156
17  	25    	0.427656 	0         	0.759375
18  	25    	0.409656 	0.0515625 	0.742188
19  	25    	0.424625 	0         	0.671875
20  	25    	0.467781 	0         	0.678125
21  	25    	0.480563 	0         	0.80625 
22  	25    	0.487094 	0         	0.785937
23  	25    	0.547687 	0.28125   	0.69375 
24  	25    	0.600688 	0.207031  	0.967969
25  	25    	0.491375 	0         	0.715625
26  	25    	0.470719 	0.0125    	0.696094
27  	25    	0.538594 	0         	0.880469
28  	25    	0.434063 	0         	0.808594
29  	25    	0.551    	0.0757812 	0.821094
30  	25    	0.580781 	0.466406  	0.807813
31  	25    	0.560813 	0.05625   	0.819531
32  	25    	0.568531 	0.257812  	0.846875
33  	25    	0.532594 	0.00390625	0.719531
34  	25    	0.614563 	0.309375  	0.909375
35  	25    	0.611    	0.445312  	0.795312
36  	25    	0.576375 	0.225     	0.797656
37  	25    	0.551156 	0.350781  	0.746094
38  	25    	0.574594 	0.228125  	0.799219
39  	25    	0.55075  	0.207031  	0.885938
40  	25    	0.550937 	0.392188  	0.698438
41  	25    	0.634531 	0.360938  	0.813281
42  	25    	0.596656 	0.191406  	0.814844
43  	25    	0.632687 	0.439063  	0.839844
44  	25    	0.592187 	0.396875  	0.853125
45  	25    	0.637875 	0.505469  	0.846875
46  	25    	0.594562 	0.382812  	0.760938
47  	25    	0.631969 	0.390625  	0.847656
48  	25    	0.597313 	0.415625  	0.741406
49  	25    	0.549125 	0.321094  	0.839844
50  	25    	0.573906 	0.380469  	0.74375 
51  	25    	0.611031 	0.400781  	0.876563
52  	25    	0.5425   	0.0515625 	0.86875 
53  	25    	0.580937 	0.316406  	0.775781
54  	25    	0.612437 	0.392969  	0.8625  
55  	25    	0.551844 	0.410938  	0.867188
56  	25    	0.595437 	0.395313  	0.840625
57  	25    	0.582031 	0.182031  	0.740625
58  	25    	0.57375  	0.433594  	0.760156
59  	25    	0.597312 	0.458594  	0.782813
60  	25    	0.580531 	0         	0.760156
61  	25    	0.580406 	0.084375  	0.827344
62  	25    	0.5875   	0.321094  	0.741406
63  	25    	0.620156 	0.396875  	0.848437
64  	25    	0.580625 	0.255469  	0.814844
65  	25    	0.593844 	0.378906  	0.833594
66  	25    	0.659781 	0.482031  	0.817969
67  	25    	0.588094 	0.417187  	0.81875 
68  	25    	0.637406 	0.452344  	0.85625 
69  	25    	0.616563 	0.465625  	0.910156
70  	25    	0.600156 	0.389844  	0.872656
71  	25    	0.560844 	0.365625  	0.767969
72  	25    	0.558187 	0.283594  	0.780469
73  	25    	0.558656 	0.203125  	0.733594
74  	25    	0.537344 	0.347656  	0.703906
75  	25    	0.60175  	0.3625    	0.832031
76  	25    	0.622062 	0.361719  	0.782813
77  	25    	0.625938 	0.425781  	0.882812
78  	25    	0.644312 	0.410156  	0.833594
79  	25    	0.564844 	0         	0.733594
80  	25    	0.567031 	0.00234375	0.771094
81  	25    	0.576844 	0.109375  	0.776563
82  	25    	0.588594 	0.384375  	0.844531
83  	25    	0.578406 	0         	0.841406
84  	25    	0.547438 	0.1125    	0.827344
85  	25    	0.600375 	0.4375    	0.767188
86  	25    	0.63725  	0.447656  	0.891406
87  	25    	0.605313 	0.332031  	0.804688
88  	25    	0.554625 	0.209375  	0.777344
89  	25    	0.620094 	0.407031  	0.791406
90  	25    	0.571219 	0         	0.840625
91  	25    	0.580469 	0.342187  	0.727344
92  	25    	0.583656 	0.446094  	0.758594
93  	25    	0.608812 	0.442188  	0.757812
94  	25    	0.619125 	0.352344  	0.853125
95  	25    	0.62     	0.39375   	0.847656
96  	25    	0.548313 	0.225     	0.727344
97  	25    	0.601344 	0.403125  	0.825781
98  	25    	0.569594 	0.342187  	0.769531
99  	25    	0.594375 	0.127344  	0.867188
100 	25    	0.541281 	0.369531  	0.710938
101 	25    	0.594562 	0.346094  	0.841406
102 	25    	0.600125 	0.444531  	0.83125 
103 	25    	0.543906 	0.229687  	0.883594
104 	25    	0.592719 	0.371875  	0.808594
105 	25    	0.603281 	0.260937  	0.794531
106 	25    	0.6115   	0.453906  	0.838281
107 	25    	0.599156 	0.430469  	0.824219
108 	25    	0.606781 	0.460156  	0.85    
109 	25    	0.595156 	0.389844  	0.775   
110 	25    	0.610812 	0.0398437 	0.894531
111 	25    	0.568813 	0.0875    	0.78125 
112 	25    	0.623312 	0.453125  	0.88125 
113 	25    	0.618219 	0.427344  	0.766406
114 	25    	0.597031 	0.41875   	0.751563
115 	25    	0.624719 	0.449219  	0.823438
116 	25    	0.608812 	0.234375  	0.823438
117 	25    	0.600688 	0.0132812 	0.871875
118 	25    	0.581937 	0.285156  	0.755469
119 	25    	0.60125  	0.275781  	0.807031
120 	25    	0.615563 	0.350781  	0.916406
121 	25    	0.592719 	0.164062  	0.764062
122 	25    	0.599406 	0.201563  	0.801562
123 	25    	0.574625 	0.335156  	0.804688
124 	25    	0.592031 	0.44375   	0.838281
125 	25    	0.57775  	0.353125  	0.832031
126 	25    	0.579719 	0.457031  	0.734375
127 	25    	0.592563 	0.429688  	0.794531
128 	25    	0.542031 	0.0710937 	0.816406
129 	25    	0.591688 	0.341406  	0.830469
130 	25    	0.613    	0.366406  	0.858594
131 	25    	0.598    	0.365625  	0.985156
132 	25    	0.561781 	0.364844  	0.717187
133 	25    	0.588969 	0.369531  	0.8     
134 	25    	0.600375 	0.453906  	0.817969
135 	25    	0.55225  	0.0460938 	0.745313
136 	25    	0.53375  	0         	0.750781
137 	25    	0.568031 	0.075     	0.726562
138 	25    	0.584719 	0.116406  	0.894531
139 	25    	0.567094 	0.289062  	0.739844
140 	25    	0.582531 	0.0304687 	0.8375  
141 	25    	0.5785   	0.084375  	0.878906
142 	25    	0.546875 	0.294531  	0.810156
143 	25    	0.613125 	0.226562  	0.811719
144 	25    	0.620594 	0.404687  	0.851562
145 	25    	0.581187 	0.426563  	0.728125
146 	25    	0.603187 	0.433594  	0.823438
147 	25    	0.61225  	0.00625   	0.780469
148 	25    	0.624875 	0.43125   	0.817969
149 	25    	0.553594 	0.203125  	0.796875
150 	25    	0.546969 	0.31875   	0.803125
151 	25    	0.606969 	0.434375  	0.771875
152 	25    	0.555625 	0.355469  	0.771875
153 	25    	0.581313 	0.425     	0.783594
154 	25    	0.536969 	0.115625  	0.724219
155 	25    	0.580562 	0.0140625 	0.784375
156 	25    	0.609187 	0.310156  	0.8625  
157 	25    	0.578375 	0.015625  	0.86875 
158 	25    	0.588906 	0.00546875	0.780469
159 	25    	0.584313 	0.40625   	0.884375
160 	25    	0.536125 	0.386719  	0.715625
161 	25    	0.560344 	0.0484375 	0.8125  
162 	25    	0.567719 	0.282813  	0.79375 
163 	25    	0.6195   	0.433594  	0.835156
164 	25    	0.56175  	0.265625  	0.772656
165 	25    	0.580531 	0.357812  	0.727344
166 	25    	0.596844 	0.369531  	0.860938
167 	25    	0.656344 	0.363281  	0.88125 
168 	25    	0.547    	0.0726563 	0.809375
169 	25    	0.539469 	0.411719  	0.696094
170 	25    	0.597    	0.385937  	0.807031
171 	25    	0.592281 	0.438281  	0.769531
172 	25    	0.621563 	0.316406  	0.790625
173 	25    	0.570562 	0.277344  	0.742969
174 	25    	0.537156 	0         	0.7875  
175 	25    	0.556437 	0         	0.782031
176 	25    	0.604938 	0.302344  	0.7875  
177 	25    	0.5655   	0.34375   	0.866406
178 	25    	0.516813 	0         	0.732812
179 	25    	0.611219 	0.386719  	0.876563
180 	25    	0.572406 	0.367969  	0.794531
181 	25    	0.552938 	0.180469  	0.89375 
182 	25    	0.572937 	0         	0.867188
183 	25    	0.619531 	0.450781  	0.81875 
184 	25    	0.571906 	0.009375  	0.824219
185 	25    	0.576969 	0.336719  	0.814844
186 	25    	0.596063 	0.319531  	0.855469
187 	25    	0.635625 	0.497656  	0.773438
188 	25    	0.566719 	0.407813  	0.797656
189 	25    	0.559969 	0         	0.921875
190 	25    	0.552031 	0         	0.729688
191 	25    	0.603812 	0         	0.871094
192 	25    	0.603844 	0.380469  	0.765625
193 	25    	0.562156 	0.396875  	0.708594
194 	25    	0.577531 	0.3875    	0.738281
195 	25    	0.550375 	0.0359375 	0.796094
196 	25    	0.576562 	0.282813  	0.847656
197 	25    	0.593781 	0.392969  	0.8625  
198 	25    	0.585688 	0         	0.850781
199 	25    	0.564031 	0.0601563 	0.739062
200 	25    	0.542312 	0.207031  	0.758594
201 	25    	0.552531 	0.163281  	0.782813
202 	25    	0.527594 	0         	0.814063
203 	25    	0.582875 	0.297656  	0.776563
204 	25    	0.590938 	0.0648438 	0.755469
205 	25    	0.589594 	0.266406  	0.707812
206 	25    	0.555312 	0.100781  	0.864062
207 	25    	0.530937 	0.009375  	0.784375
208 	25    	0.55475  	0.258594  	0.749219
209 	25    	0.5485   	0         	0.846875
210 	25    	0.540375 	0         	0.733594
211 	25    	0.569656 	0.388281  	0.770312
212 	25    	0.565937 	0.103906  	0.750781
213 	25    	0.543125 	0         	0.808594
214 	25    	0.503125 	0         	0.796875
215 	25    	0.593094 	0.450781  	0.759375
216 	25    	0.5425   	0         	0.807031
217 	25    	0.557469 	0.157031  	0.733594
218 	25    	0.584969 	0.364844  	0.808594
219 	25    	0.592531 	0.3375    	0.796875
220 	25    	0.554188 	0.228906  	0.751563
221 	25    	0.550437 	0.278125  	0.879687
222 	25    	0.58775  	0.0726563 	0.754687
223 	25    	0.567781 	0         	0.799219
224 	25    	0.581406 	0.385937  	0.882031
225 	25    	0.535125 	0.0125    	0.832812
226 	25    	0.5545   	0         	0.766406
227 	25    	0.546844 	0.0101563 	0.783594
228 	25    	0.517563 	0         	0.880469
229 	25    	0.571906 	0         	0.814844
230 	25    	0.541219 	0         	0.803125
231 	25    	0.575406 	0         	0.763281
232 	25    	0.531188 	0         	0.771094
233 	25    	0.552687 	0         	0.79375 
234 	25    	0.561125 	0.276562  	0.769531
235 	25    	0.541312 	0.289062  	0.763281
236 	25    	0.580031 	0.142969  	0.78125 
237 	25    	0.551406 	0         	0.813281
238 	25    	0.543813 	0.00546875	0.728906
239 	25    	0.611094 	0.38125   	0.83125 
240 	25    	0.556375 	0.136719  	0.885156
241 	25    	0.581906 	0         	0.919531
242 	25    	0.596187 	0.373437  	0.792969
243 	25    	0.53     	0         	0.672656
244 	25    	0.57225  	0.338281  	0.799219
245 	25    	0.563531 	0.321094  	0.738281
246 	25    	0.55075  	0.0179687 	0.765625
247 	25    	0.518969 	0.0148437 	0.738281
248 	25    	0.523406 	0.00703125	0.851562
249 	25    	0.574594 	0         	0.79375 
250 	25    	0.554063 	0.205469  	0.810156
251 	25    	0.552438 	0.009375  	0.885156
252 	25    	0.580906 	0.428125  	0.707812
253 	25    	0.578625 	0.351562  	0.832031
254 	25    	0.583187 	0.404687  	0.754687
255 	25    	0.615563 	0.439063  	0.849219
256 	25    	0.514406 	0         	0.7375  
257 	25    	0.564719 	0.110937  	0.875   
258 	25    	0.553594 	0         	0.811719
259 	25    	0.574281 	0         	0.803125
260 	25    	0.539937 	0         	0.779687
261 	25    	0.5685   	0.129688  	0.773438
262 	25    	0.562813 	0.346875  	0.801562
263 	25    	0.545281 	0.00625   	0.863281
264 	25    	0.551594 	0.141406  	0.841406
265 	25    	0.558719 	0         	0.813281
266 	25    	0.534719 	0         	0.773438
267 	25    	0.596813 	0.425     	0.795312
268 	25    	0.577062 	0.31875   	0.747656
269 	25    	0.57375  	0.0585938 	0.758594
270 	25    	0.642813 	0.365625  	0.903125
271 	25    	0.60375  	0.355469  	0.85625 
272 	25    	0.593812 	0.39375   	0.79375 
273 	25    	0.572187 	0         	0.759375
274 	25    	0.52975  	0         	0.792188
275 	25    	0.56525  	0         	0.884375
276 	25    	0.558156 	0         	0.716406
277 	25    	0.594844 	0.0328125 	0.814844
278 	25    	0.623781 	0.41875   	0.877344
279 	25    	0.630875 	0.425781  	0.81875 
280 	25    	0.61425  	0.382031  	0.783594
281 	25    	0.602938 	0.0320312 	0.755469
282 	25    	0.641062 	0.354687  	0.841406
283 	25    	0.590187 	0.0632812 	0.819531
284 	25    	0.546594 	0.0609375 	0.810937
285 	25    	0.544312 	0.021875  	0.879687
286 	25    	0.624719 	0.449219  	0.777344
287 	25    	0.573937 	0.239063  	0.7625  
288 	25    	0.577844 	0.0078125 	0.780469
289 	25    	0.622125 	0.394531  	0.810937
290 	25    	0.603156 	0         	0.888281
291 	25    	0.599906 	0.426563  	0.767188
292 	25    	0.582437 	0         	0.765625
293 	25    	0.561375 	0.04375   	0.788281
294 	25    	0.564844 	0         	0.828125
295 	25    	0.58625  	0.0109375 	0.866406
296 	25    	0.6      	0.166406  	0.828125
297 	25    	0.562312 	0.15625   	0.805469
298 	25    	0.548219 	0         	0.854688
299 	25    	0.579813 	0.175     	0.810937
300 	25    	0.604062 	0.297656  	0.817969
301 	25    	0.556063 	0.303125  	0.807031
302 	25    	0.552719 	0.0460938 	0.775   
303 	25    	0.614156 	0.404687  	0.895312
304 	25    	0.613781 	0.172656  	0.798438
305 	25    	0.594219 	0.0570312 	0.782031
306 	25    	0.565469 	0         	0.833594
307 	25    	0.603906 	0.416406  	0.751563
308 	25    	0.596062 	0.360156  	0.792188
309 	25    	0.571906 	0.015625  	0.721094
310 	25    	0.580937 	0.0976562 	0.789844
311 	25    	0.587062 	0         	0.832031
312 	25    	0.63075  	0.408594  	0.822656
313 	25    	0.607594 	0.214062  	0.84375 
314 	25    	0.605687 	0.0179687 	0.783594
315 	25    	0.649375 	0.33125   	0.892969
316 	25    	0.56625  	0         	0.792969
317 	25    	0.556    	0         	0.8375  
318 	25    	0.5995   	0.432812  	0.728125
319 	25    	0.606094 	0         	0.845313
320 	25    	0.501031 	0         	0.769531
321 	25    	0.5085   	0.009375  	0.896094
322 	25    	0.543063 	0         	0.817969
323 	25    	0.483844 	0         	0.713281
324 	25    	0.523656 	0         	0.744531
325 	25    	0.59225  	0         	0.842969
326 	25    	0.578625 	0.065625  	0.78125 
327 	25    	0.520687 	0         	0.748437
328 	25    	0.508844 	0         	0.696875
329 	25    	0.515719 	0         	0.892969
330 	25    	0.564406 	0         	0.857031
331 	25    	0.466469 	0         	0.727344
332 	25    	0.578781 	0         	0.840625
333 	25    	0.580969 	0         	0.807813
334 	25    	0.558719 	0         	0.903125
335 	25    	0.505281 	0         	0.814063
336 	25    	0.584125 	0.266406  	0.780469
337 	25    	0.569062 	0.0335937 	0.832812
338 	25    	0.567625 	0         	0.810156
339 	25    	0.39675  	0         	0.680469
340 	25    	0.590531 	0         	0.754687
341 	25    	0.533875 	0         	0.851562
342 	25    	0.540063 	0         	0.842187
343 	25    	0.521031 	0         	0.771094
344 	25    	0.52375  	0         	0.860156
345 	25    	0.600875 	0         	0.939063
346 	25    	0.544344 	0         	0.809375
347 	25    	0.5105   	0         	0.850781
348 	25    	0.582937 	0         	0.789844
349 	25    	0.5125   	0         	0.809375
350 	25    	0.475656 	0         	0.758594
351 	25    	0.513437 	0.0109375 	0.904687
352 	25    	0.522469 	0         	0.786719
353 	25    	0.450844 	0         	0.861719
354 	25    	0.467875 	0         	0.835938
355 	25    	0.550187 	0         	0.935156
356 	25    	0.524531 	0         	0.832031
357 	25    	0.537031 	0.0460938 	0.773438
358 	25    	0.513938 	0.0210938 	0.891406
359 	25    	0.559625 	0         	0.801562
360 	25    	0.533281 	0         	0.810156
361 	25    	0.558125 	0.0210938 	0.803125
362 	25    	0.531687 	0         	0.7625  
363 	25    	0.553563 	0.08125   	0.779687
364 	25    	0.481531 	0         	0.739062
365 	25    	0.556562 	0.00703125	0.803125
366 	25    	0.61675  	0.4       	0.846094
367 	25    	0.51     	0         	0.752344
368 	25    	0.510188 	0         	0.85625 
369 	25    	0.54225  	0.154688  	0.75625 
370 	25    	0.545    	0.0742188 	0.747656
371 	25    	0.537438 	0         	0.769531
372 	25    	0.554344 	0.173437  	0.782031
373 	25    	0.592687 	0.0492187 	0.796875
374 	25    	0.5845   	0.4       	0.735156
375 	25    	0.592094 	0.326562  	0.765625
376 	25    	0.572531 	0         	0.841406
377 	25    	0.570625 	0         	0.846094
378 	25    	0.635031 	0.195312  	0.815625
379 	25    	0.590875 	0         	0.817187
380 	25    	0.585063 	0.38125   	0.728125
381 	25    	0.560781 	0.321875  	0.774219
382 	25    	0.5485   	0         	0.815625
383 	25    	0.600219 	0.148438  	0.811719
384 	25    	0.622375 	0.464844  	0.820312
385 	25    	0.589531 	0.382812  	0.769531
386 	25    	0.57225  	0         	0.7375  
387 	25    	0.5565   	0         	0.855469
388 	25    	0.601375 	0         	0.841406
389 	25    	0.625656 	0.44375   	0.86875 
390 	25    	0.557469 	0.00546875	0.721094
391 	25    	0.599969 	0.416406  	0.878125
392 	25    	0.551469 	0.0570312 	0.811719
393 	25    	0.571219 	0.453125  	0.721094
394 	25    	0.630906 	0.330469  	0.8375  
395 	25    	0.597219 	0.0148437 	0.824219
396 	25    	0.536531 	0         	0.804688
397 	25    	0.503031 	0         	0.739844
398 	25    	0.567031 	0         	0.810937
399 	25    	0.546594 	0.0078125 	0.785156
400 	25    	0.582625 	0.428906  	0.86875 
401 	25    	0.5845   	0.03125   	0.900781
402 	25    	0.587687 	0.374219  	0.810937
403 	25    	0.61925  	0.433594  	0.835156
404 	25    	0.605469 	0.435156  	0.8875  
405 	25    	0.610313 	0.45625   	0.813281
406 	25    	0.608344 	0.399219  	0.882031
407 	25    	0.631344 	0.372656  	0.801562
408 	25    	0.621062 	0.430469  	0.858594
409 	25    	0.605969 	0.382812  	0.903125
410 	25    	0.592187 	0.378906  	0.825   
411 	25    	0.59875  	0.432031  	0.839844
412 	25    	0.566437 	0.3125    	0.773438
413 	25    	0.629687 	0.45      	0.792969
414 	25    	0.597281 	0.430469  	0.775781
415 	25    	0.62025  	0.451562  	0.747656
416 	25    	0.616938 	0.44375   	0.794531
417 	25    	0.620719 	0.347656  	0.804688
418 	25    	0.593031 	0.310937  	0.827344
419 	25    	0.599344 	0.460156  	0.766406
420 	25    	0.591406 	0.125781  	0.899219
421 	25    	0.61275  	0.339062  	0.867969
422 	25    	0.593625 	0.00234375	0.767969
423 	25    	0.563969 	0.203125  	0.807813
424 	25    	0.588625 	0.00859375	0.791406
425 	25    	0.576187 	0.00703125	0.751563
426 	25    	0.563563 	0         	0.746094
427 	25    	0.575313 	0.333594  	0.735156
428 	25    	0.618062 	0.454688  	0.779687
429 	25    	0.609844 	0.449219  	0.846875
430 	25    	0.593719 	0.401562  	0.850781
431 	25    	0.61875  	0.385937  	0.775   
432 	25    	0.57375  	0.0148437 	0.828906
433 	25    	0.579438 	0.389844  	0.835938
434 	25    	0.581094 	0.128125  	0.839063
435 	25    	0.555625 	0         	0.778125
436 	25    	0.577406 	0.0226562 	0.884375
437 	25    	0.619844 	0.432031  	0.898438
438 	25    	0.600812 	0.179688  	0.828125
439 	25    	0.610594 	0.374219  	0.749219
440 	25    	0.578281 	0         	0.808594
441 	25    	0.544656 	0         	0.817969
442 	25    	0.553531 	0         	0.797656
443 	25    	0.642406 	0.479687  	0.914844
444 	25    	0.505687 	0         	0.810156
445 	25    	0.58175  	0.421875  	0.79375 
446 	25    	0.580219 	0.0289063 	0.723437
447 	25    	0.532844 	0.0617188 	0.748437
448 	25    	0.566313 	0.217969  	0.730469
449 	25    	0.586094 	0.342187  	0.860156
450 	25    	0.585531 	0         	0.826562
451 	25    	0.58575  	0.351562  	0.817187
452 	25    	0.6215   	0.471094  	0.797656
453 	25    	0.615875 	0.402344  	0.832031
454 	25    	0.560281 	0.00625   	0.792969
455 	25    	0.574625 	0.0015625 	0.83125 
456 	25    	0.614156 	0.280469  	0.802344
457 	25    	0.582031 	0         	0.777344
458 	25    	0.5815   	0.230469  	0.7375  
459 	25    	0.589625 	0.329688  	0.753906
460 	25    	0.573125 	0.0429688 	0.746875
461 	25    	0.542063 	0.01875   	0.795312
462 	25    	0.559188 	0.330469  	0.779687
463 	25    	0.513313 	0         	0.744531
464 	25    	0.50575  	0.009375  	0.7375  
465 	25    	0.556063 	0.0625    	0.778125
466 	25    	0.551906 	0         	0.771875
467 	25    	0.561031 	0         	0.783594
468 	25    	0.522281 	0         	0.749219
469 	25    	0.573937 	0.394531  	0.803125
470 	25    	0.538813 	0         	0.778125
471 	25    	0.562    	0.167187  	0.721094
472 	25    	0.573187 	0         	0.842187
473 	25    	0.558719 	0.364063  	0.774219
474 	25    	0.576438 	0.3375    	0.789062
475 	25    	0.526875 	0.0390625 	0.760938
476 	25    	0.564437 	0.0046875 	0.830469
477 	25    	0.523031 	0         	0.709375
478 	25    	0.599156 	0.239063  	0.896094
479 	25    	0.6085   	0.378125  	0.780469
480 	25    	0.544781 	0.125     	0.926562
481 	25    	0.562375 	0         	0.845313
482 	25    	0.58025  	0.394531  	0.810937
483 	25    	0.606406 	0         	0.870313
484 	25    	0.600094 	0.414844  	0.947656
485 	25    	0.585687 	0.403125  	0.819531
486 	25    	0.539281 	0.1875    	0.746875
487 	25    	0.593313 	0.0507812 	0.914062
488 	25    	0.529219 	0         	0.725781
489 	25    	0.525594 	0         	0.789062
490 	25    	0.629594 	0.319531  	0.797656
491 	25    	0.597375 	0.0203125 	0.85    
492 	25    	0.609281 	0.407031  	0.783594
493 	25    	0.602219 	0.421875  	0.775   
494 	25    	0.625688 	0.451562  	0.794531
495 	25    	0.610844 	0.397656  	0.751563
496 	25    	0.570312 	0.165625  	0.86875 
497 	25    	0.587625 	0.399219  	0.807813
498 	25    	0.56275  	0.310156  	0.794531
499 	25    	0.582281 	0         	0.892969
500 	25    	0.568844 	0.0625    	0.771094
501 	25    	0.528813 	0.00234375	0.766406
502 	25    	0.579688 	0.374219  	0.822656
503 	25    	0.6005   	0.396875  	0.763281
504 	25    	0.575781 	0.410156  	0.741406
505 	25    	0.583813 	0         	0.813281
506 	25    	0.620031 	0.439063  	0.808594
507 	25    	0.588562 	0.389844  	0.835156
508 	25    	0.526219 	0         	0.720313
509 	25    	0.59325  	0.394531  	0.792969
510 	25    	0.535188 	0.003125  	0.760156
511 	25    	0.5585   	0.00546875	0.75    
512 	25    	0.580156 	0.396875  	0.910937
513 	25    	0.56875  	0.378906  	0.830469
514 	25    	0.613437 	0.375     	0.819531
515 	25    	0.576687 	0.419531  	0.721875
516 	25    	0.579437 	0.254688  	0.760938
517 	25    	0.598437 	0.388281  	0.73125 
518 	25    	0.525875 	0.0804688 	0.746094
519 	25    	0.556187 	0.419531  	0.778125
520 	25    	0.527125 	0.0585938 	0.728906
521 	25    	0.617281 	0.446875  	0.828125
522 	25    	0.567688 	0         	0.815625
523 	25    	0.608844 	0.349219  	0.841406
524 	25    	0.561312 	0         	0.804688
525 	25    	0.621219 	0.397656  	0.838281
526 	25    	0.577281 	0.439844  	0.71875 
527 	25    	0.576406 	0.353125  	0.857812
528 	25    	0.5275   	0.0664062 	0.760938
529 	25    	0.577156 	0.398438  	0.772656
530 	25    	0.59225  	0.394531  	0.936719
531 	25    	0.586469 	0.0351562 	0.842187
532 	25    	0.661312 	0.469531  	0.915625
533 	25    	0.565531 	0.142187  	0.832812
534 	25    	0.57425  	0.284375  	0.763281
535 	25    	0.605469 	0.391406  	0.754687
536 	25    	0.478219 	0.0609375 	0.727344
537 	25    	0.561469 	0.00859375	0.755469
538 	25    	0.599594 	0.382812  	0.820312
539 	25    	0.603219 	0.421094  	0.778125
540 	25    	0.584875 	0.353125  	0.823438
541 	25    	0.59975  	0.439844  	0.748437
542 	25    	0.583875 	0.0726563 	0.839063
543 	25    	0.578    	0.417969  	0.767188
544 	25    	0.554406 	0.0695313 	0.725   
545 	25    	0.591719 	0.394531  	0.829688
546 	25    	0.585406 	0.265625  	0.738281
547 	25    	0.503938 	0.200781  	0.774219
548 	25    	0.573969 	0         	0.832031
549 	25    	0.562813 	0.3       	0.923438
550 	25    	0.556781 	0.119531  	0.742188
551 	25    	0.600656 	0.248438  	0.878906
552 	25    	0.566688 	0.155469  	0.864062
553 	25    	0.572937 	0.391406  	0.828906
554 	25    	0.571062 	0.285938  	0.750781
555 	25    	0.592781 	0.370312  	0.817187
556 	25    	0.576063 	0.432812  	0.784375
557 	25    	0.587313 	0.417187  	0.817969
558 	25    	0.603344 	0.370312  	0.786719
559 	25    	0.584844 	0.382812  	0.764062
560 	25    	0.510625 	0         	0.83125 
561 	25    	0.611094 	0.460156  	0.839063
562 	25    	0.530875 	0.173437  	0.821094
563 	25    	0.593781 	0         	0.823438
564 	25    	0.606187 	0.385156  	0.795312
565 	25    	0.575469 	0.378125  	0.711719
566 	25    	0.593562 	0.310937  	0.795312
567 	25    	0.588437 	0.0203125 	0.786719
568 	25    	0.623531 	0.333594  	0.773438
569 	25    	0.566656 	0.272656  	0.745313
570 	25    	0.571438 	0         	0.834375
571 	25    	0.612344 	0.416406  	0.792969
572 	25    	0.579656 	0.404687  	0.751563
573 	25    	0.526719 	0.0210938 	0.782813
574 	25    	0.568656 	0.382031  	0.772656
575 	25    	0.599562 	0.409375  	0.780469
576 	25    	0.60925  	0.383594  	0.783594
577 	25    	0.559531 	0.378125  	0.871875
578 	25    	0.591219 	0.374219  	0.934375
579 	25    	0.611719 	0.3875    	0.778906
580 	25    	0.624719 	0.419531  	0.852344
581 	25    	0.624406 	0.421094  	0.815625
582 	25    	0.621031 	0.433594  	0.800781
583 	25    	0.5655   	0.391406  	0.75    
584 	25    	0.633594 	0.353125  	0.892969
585 	25    	0.584313 	0.404687  	0.7875  
586 	25    	0.555281 	0.284375  	0.719531
587 	25    	0.595344 	0.442188  	0.899219
588 	25    	0.588062 	0.420312  	0.810156
589 	25    	0.57575  	0.142187  	0.777344
590 	25    	0.558656 	0.391406  	0.811719
591 	25    	0.573125 	0.009375  	0.789844
592 	25    	0.603625 	0.376563  	0.814844
593 	25    	0.624938 	0.428125  	0.914062
594 	25    	0.573562 	0.427344  	0.736719
595 	25    	0.591656 	0.448437  	0.800781
596 	25    	0.570312 	0.378125  	0.820312
597 	25    	0.630156 	0.503125  	0.761719
598 	25    	0.612844 	0.395313  	0.747656
599 	25    	0.633    	0.439844  	0.869531
600 	25    	0.612625 	0.404687  	0.89375 
601 	25    	0.584    	0.139063  	0.8625  
602 	25    	0.579313 	0.386719  	0.757031
603 	25    	0.599719 	0.453125  	0.757812
604 	25    	0.626438 	0.325781  	0.841406
605 	25    	0.626313 	0.392969  	0.8375  
606 	25    	0.594281 	0         	0.889062
607 	25    	0.596187 	0.0914062 	0.772656
608 	25    	0.58575  	0.290625  	0.813281
609 	25    	0.589562 	0.441406  	0.803906
610 	25    	0.597    	0.484375  	0.754687
611 	25    	0.555156 	0.09375   	0.778906
612 	25    	0.588187 	0.339062  	0.889844
613 	25    	0.6435   	0.465625  	0.839844
614 	25    	0.602313 	0.226562  	0.827344
615 	25    	0.544281 	0         	0.817969
616 	25    	0.544406 	0         	0.795312
617 	25    	0.55275  	0.284375  	0.74375 
618 	25    	0.578781 	0.307031  	0.778125
619 	25    	0.571375 	0.195312  	0.782813
620 	25    	0.573469 	0.0523438 	0.780469
621 	25    	0.521469 	0         	0.717187
622 	25    	0.567906 	0.0703125 	0.760156
623 	25    	0.541375 	0.0015625 	0.832031
624 	25    	0.542    	0.199219  	0.771094
625 	25    	0.59825  	0.348438  	0.809375
626 	25    	0.581063 	0.452344  	0.884375
627 	25    	0.583281 	0.345313  	0.8375  
628 	25    	0.593938 	0.389062  	0.745313
629 	25    	0.502313 	0         	0.824219
630 	25    	0.567844 	0.354687  	0.817187
631 	25    	0.602969 	0.421094  	0.804688
632 	25    	0.626313 	0         	0.829688
633 	25    	0.618156 	0.400781  	0.875781
634 	25    	0.594906 	0.435156  	0.819531
635 	25    	0.585875 	0.0765625 	0.853906
636 	25    	0.564906 	0.160156  	0.904687
637 	25    	0.581281 	0.357812  	0.854688
638 	25    	0.589656 	0.132812  	0.805469
639 	25    	0.6005   	0.299219  	0.823438
640 	25    	0.580063 	0.428906  	0.789844
641 	25    	0.577187 	0.388281  	0.807813
642 	25    	0.622594 	0.46875   	0.748437
643 	25    	0.580688 	0.157812  	0.827344
644 	25    	0.565219 	0.0367188 	0.779687
645 	25    	0.616719 	0.335156  	0.836719
646 	25    	0.592469 	0.403125  	0.853125
647 	25    	0.584375 	0.414062  	0.865625
648 	25    	0.626594 	0.415625  	0.839063
649 	25    	0.604531 	0.175781  	0.835938
650 	25    	0.590719 	0.208594  	0.801562
651 	25    	0.607094 	0.444531  	0.874219
652 	25    	0.592187 	0.296094  	0.870313
653 	25    	0.595094 	0.453906  	0.791406
654 	25    	0.578531 	0.0953125 	0.751563
655 	25    	0.608563 	0.4375    	0.75    
656 	25    	0.598531 	0.420312  	0.832031
657 	25    	0.6065   	0.428125  	0.805469
658 	25    	0.636313 	0.474219  	0.925   
659 	25    	0.631188 	0.45      	0.824219
660 	25    	0.592    	0.375     	0.825781
661 	25    	0.569844 	0         	0.885938
662 	25    	0.59775  	0.460938  	0.786719
663 	25    	0.613938 	0.134375  	0.844531
664 	25    	0.609031 	0.464844  	0.813281
665 	25    	0.575125 	0.436719  	0.789062
666 	25    	0.613594 	0.453906  	0.885938
667 	25    	0.629781 	0.355469  	0.871875
668 	25    	0.632469 	0.471094  	0.796875
669 	25    	0.60475  	0.338281  	0.763281
670 	25    	0.615969 	0.377344  	0.796875
671 	25    	0.608281 	0.439844  	0.79375 
672 	25    	0.562875 	0.142969  	0.857812
673 	25    	0.618031 	0.438281  	0.7875  
674 	25    	0.61125  	0.457813  	0.859375
675 	25    	0.608719 	0.0734375 	0.869531
676 	25    	0.578438 	0.367969  	0.876563
677 	25    	0.6085   	0.457031  	0.830469
678 	25    	0.604375 	0.0578125 	0.775781
679 	25    	0.602375 	0.442188  	0.776563
680 	25    	0.625688 	0.363281  	0.855469
681 	25    	0.585906 	0.390625  	0.728906
682 	25    	0.601094 	0.0179687 	0.836719
683 	25    	0.602031 	0.403125  	0.776563
684 	25    	0.604094 	0.13125   	0.786719
685 	25    	0.580188 	0.317969  	0.774219
686 	25    	0.5665   	0         	0.929688
687 	25    	0.590906 	0.150781  	0.878125
688 	25    	0.610969 	0.425     	0.775   
689 	25    	0.572344 	0.126562  	0.867188
690 	25    	0.577625 	0.460938  	0.772656
691 	25    	0.555406 	0.207031  	0.732812
692 	25    	0.542562 	0         	0.817187
693 	25    	0.615906 	0.45625   	0.757812
694 	25    	0.630781 	0.434375  	0.783594
695 	25    	0.604437 	0.210156  	0.805469
696 	25    	0.604313 	0.355469  	0.803906
697 	25    	0.600375 	0         	0.898438
698 	25    	0.575812 	0         	0.825   
699 	25    	0.615844 	0.363281  	0.848437
700 	25    	0.59025  	0         	0.833594
701 	25    	0.580125 	0.175     	0.835938
702 	25    	0.550937 	0         	0.777344
703 	25    	0.498875 	0         	0.722656
704 	25    	0.528844 	0.0257812 	0.769531
705 	25    	0.577531 	0.0757812 	0.791406
706 	25    	0.516188 	0         	0.771094
707 	25    	0.547719 	0.2       	0.795312
708 	25    	0.532031 	0.01875   	0.74375 
709 	25    	0.544844 	0.151562  	0.7125  
710 	25    	0.593656 	0.404687  	0.792188
711 	25    	0.554219 	0         	0.789062
712 	25    	0.615438 	0.432812  	0.796094
713 	25    	0.564937 	0.266406  	0.799219
714 	25    	0.560281 	0         	0.788281
715 	25    	0.567344 	0         	0.801562
716 	25    	0.612375 	0.376563  	0.885938
717 	25    	0.521875 	0         	0.813281
718 	25    	0.540906 	0         	0.742188
719 	25    	0.550375 	0.253125  	0.725781
720 	25    	0.6075   	0.392969  	0.800781
721 	25    	0.630063 	0.421875  	0.819531
722 	25    	0.636469 	0.428125  	0.860156
723 	25    	0.584719 	0         	0.871094
724 	25    	0.560969 	0         	0.739062
725 	25    	0.591156 	0         	0.801562
726 	25    	0.605094 	0         	0.788281
727 	25    	0.643531 	0.479687  	0.810937
728 	25    	0.574625 	0         	0.727344
729 	25    	0.600219 	0.298438  	0.836719
730 	25    	0.556375 	0         	0.732031
731 	25    	0.581969 	0.24375   	0.767969
732 	25    	0.614406 	0.429688  	0.774219
733 	25    	0.594406 	0         	0.849219
734 	25    	0.570781 	0.414062  	0.74375 
735 	25    	0.601781 	0.145313  	0.828906
736 	25    	0.648406 	0.435156  	0.88125 
737 	25    	0.59475  	0.402344  	0.863281
738 	25    	0.620062 	0.30625   	0.80625 
739 	25    	0.584125 	0.357031  	0.807031
740 	25    	0.560375 	0         	0.808594
741 	25    	0.548562 	0.028125  	0.742969
742 	25    	0.587219 	0.0867187 	0.795312
743 	25    	0.572156 	0.419531  	0.792188
744 	25    	0.627938 	0.384375  	0.863281
745 	25    	0.609969 	0.394531  	0.841406
746 	25    	0.594438 	0.0773438 	0.785156
747 	25    	0.613938 	0.440625  	0.808594
748 	25    	0.572875 	0.0609375 	0.76875 
749 	25    	0.619375 	0.403906  	0.917188
750 	25    	0.611031 	0.14375   	0.8625  
751 	25    	0.550125 	0         	0.829688
752 	25    	0.619437 	0.4375    	0.741406
753 	25    	0.604812 	0.4875    	0.839063
754 	25    	0.55975  	0.0898438 	0.792969
755 	25    	0.618094 	0.43125   	0.836719
756 	25    	0.578562 	0.0109375 	0.853125
757 	25    	0.597187 	0.139063  	0.865625
758 	25    	0.516625 	0.0273438 	0.879687
759 	25    	0.602469 	0.428125  	0.878125
760 	25    	0.567813 	0.286719  	0.775   
761 	25    	0.579812 	0.367969  	0.811719
762 	25    	0.641281 	0.405469  	0.892969
763 	25    	0.581406 	0.328906  	0.797656
764 	25    	0.5955   	0.39375   	0.805469
765 	25    	0.62125  	0.305469  	0.814063
766 	25    	0.541344 	0         	0.820312
767 	25    	0.534813 	0         	0.771875
768 	25    	0.536594 	0         	0.8125  
769 	25    	0.515594 	0         	0.705469
770 	25    	0.549875 	0         	0.713281
771 	25    	0.557344 	0         	0.859375
772 	25    	0.602156 	0.0289063 	0.728125
773 	25    	0.617969 	0.445312  	0.824219
774 	25    	0.541844 	0         	0.752344
775 	25    	0.574719 	0.379688  	0.849219
776 	25    	0.57425  	0.101562  	0.753125
777 	25    	0.574812 	0.0257812 	0.817969
778 	25    	0.5735   	0.274219  	0.807813
779 	25    	0.59425  	0.0765625 	0.738281
780 	25    	0.539563 	0.104688  	0.735156
781 	25    	0.566219 	0.132031  	0.772656
782 	25    	0.548312 	0.351562  	0.778906
783 	25    	0.520813 	0.196875  	0.817969
784 	25    	0.573813 	0.267188  	0.761719
785 	25    	0.545219 	0.0078125 	0.867188
786 	25    	0.580344 	0         	0.826562
787 	25    	0.567625 	0.415625  	0.721094
788 	25    	0.59425  	0.378125  	0.789062
789 	25    	0.565094 	0.434375  	0.721875
790 	25    	0.570344 	0.117969  	0.828906
791 	25    	0.592875 	0.374219  	0.910156
792 	25    	0.567281 	0.18125   	0.873437
793 	25    	0.494781 	0.0570312 	0.797656
794 	25    	0.577656 	0.090625  	0.860938
795 	25    	0.557219 	0.025     	0.764844
796 	25    	0.570469 	0.285938  	0.807031
797 	25    	0.567375 	0.163281  	0.765625
798 	25    	0.575    	0.2       	0.753125
799 	25    	0.568688 	0.3375    	0.779687
800 	25    	0.58325  	0.440625  	0.828125
801 	25    	0.598875 	0.424219  	0.882812
802 	25    	0.570312 	0.4375    	0.748437
803 	25    	0.565656 	0.344531  	0.828125
804 	25    	0.559906 	0.286719  	0.728125
805 	25    	0.577313 	0.382031  	0.883594
806 	25    	0.560937 	0.0765625 	0.75    
807 	25    	0.528531 	0.0148437 	0.880469
808 	25    	0.564187 	0.395313  	0.800781
809 	25    	0.543125 	0.284375  	0.81875 
810 	25    	0.51925  	0.025     	0.971875
811 	25    	0.565219 	0.400781  	0.800781
812 	25    	0.575031 	0.269531  	0.800781
813 	25    	0.542875 	0.350781  	0.802344
814 	25    	0.560406 	0.03125   	0.745313
815 	25    	0.554875 	0.342187  	0.876563
816 	25    	0.572    	0.3625    	0.850781
817 	25    	0.556625 	0.139844  	0.817187
818 	25    	0.606156 	0.414062  	0.853125
819 	25    	0.584656 	0.395313  	0.844531
820 	25    	0.566063 	0.399219  	0.734375
821 	25    	0.579344 	0.364063  	0.744531
822 	25    	0.58575  	0.282813  	0.835938
823 	25    	0.628563 	0.454688  	0.882031
824 	25    	0.624312 	0.395313  	0.884375
825 	25    	0.583594 	0.446094  	0.852344
826 	25    	0.610625 	0.378125  	0.8125  
827 	25    	0.583531 	0.0320312 	0.744531
828 	25    	0.587125 	0.391406  	0.784375
829 	25    	0.576625 	0.350781  	0.790625
830 	25    	0.564844 	0.0632812 	0.778906
831 	25    	0.618688 	0.389844  	0.840625
832 	25    	0.536312 	0.103125  	0.792188
833 	25    	0.632344 	0.407813  	0.852344
834 	25    	0.612312 	0.392969  	0.901563
835 	25    	0.573594 	0.417187  	0.727344
836 	25    	0.54375  	0.113281  	0.750781
837 	25    	0.57975  	0.00859375	0.875   
838 	25    	0.62575  	0.357812  	0.921094
839 	25    	0.608187 	0.2       	0.803906
840 	25    	0.629281 	0.428125  	0.880469
841 	25    	0.631094 	0.475     	0.761719
842 	25    	0.608344 	0.352344  	0.959375
843 	25    	0.602844 	0.271875  	0.848437
844 	25    	0.610437 	0.415625  	0.807031
845 	25    	0.583937 	0.363281  	0.742969
846 	25    	0.602375 	0.134375  	0.828125
847 	25    	0.633719 	0.402344  	0.850781
848 	25    	0.6565   	0.476562  	0.820312
849 	25    	0.57875  	0.274219  	0.840625
850 	25    	0.633219 	0.2875    	0.860938
851 	25    	0.572156 	0.241406  	0.778906
852 	25    	0.638781 	0.432812  	0.821094
853 	25    	0.656875 	0.455469  	0.845313
854 	25    	0.616281 	0.484375  	0.753906
855 	25    	0.601906 	0.04375   	0.782031
856 	25    	0.6305   	0.413281  	0.842969
857 	25    	0.553875 	0.427344  	0.695312
858 	25    	0.597688 	0.349219  	0.94375 
859 	25    	0.586187 	0.36875   	0.828125
860 	25    	0.590406 	0.453125  	0.784375
861 	25    	0.545656 	0.321094  	0.680469
862 	25    	0.549469 	0.0117188 	0.75    
863 	25    	0.61975  	0.432812  	0.8375  
864 	25    	0.58075  	0.00859375	0.855469
865 	25    	0.591125 	0.389844  	0.816406
866 	25    	0.641375 	0.383594  	0.880469
867 	25    	0.603875 	0.327344  	0.775781
868 	25    	0.58775  	0.389062  	0.867969
869 	25    	0.592938 	0.00390625	0.747656
870 	25    	0.619469 	0.0257812 	0.813281
871 	25    	0.572906 	0         	0.788281
872 	25    	0.624469 	0.39375   	0.817969
873 	25    	0.546281 	0         	0.823438
874 	25    	0.574313 	0.0328125 	0.884375
875 	25    	0.518937 	0.0078125 	0.723437
876 	25    	0.583719 	0.276562  	0.770312
877 	25    	0.540094 	0.142969  	0.729688
878 	25    	0.519375 	0.0828125 	0.705469
879 	25    	0.545031 	0.0148437 	0.865625
880 	25    	0.562875 	0.0773438 	0.847656
881 	25    	0.542031 	0.0140625 	0.825   
882 	25    	0.549375 	0.413281  	0.760156
883 	25    	0.5515   	0.272656  	0.777344
884 	25    	0.590156 	0         	0.814844
885 	25    	0.538156 	0.103125  	0.747656
886 	25    	0.583219 	0.0726563 	0.761719
887 	25    	0.547656 	0.244531  	0.695312
888 	25    	0.607438 	0.335156  	0.916406
889 	25    	0.54725  	0.0429688 	0.8625  
890 	25    	0.539344 	0.369531  	0.782031
891 	25    	0.524437 	0.00625   	0.789062
892 	25    	0.596063 	0.414844  	0.771875
893 	25    	0.597375 	0.165625  	0.852344
894 	25    	0.587312 	0.0726563 	0.783594
895 	25    	0.581031 	0.0132812 	0.801562
896 	25    	0.579656 	0.0179687 	0.778906
897 	25    	0.579125 	0         	0.773438
898 	25    	0.58225  	0.08125   	0.761719
899 	25    	0.613687 	0.44375   	0.921094
900 	25    	0.605813 	0.396094  	0.853906
901 	25    	0.609469 	0.476562  	0.796875
902 	25    	0.627281 	0.400781  	0.885156
903 	25    	0.598688 	0.403906  	0.764844
904 	25    	0.630969 	0.389062  	0.878125
905 	25    	0.618188 	0.360938  	0.851562
906 	25    	0.630406 	0.441406  	0.859375
907 	25    	0.628094 	0.488281  	0.823438
908 	25    	0.627375 	0.467969  	0.836719
909 	25    	0.631437 	0.426563  	0.907813
910 	25    	0.596187 	0.416406  	0.79375 
911 	25    	0.606375 	0.396094  	0.810937
912 	25    	0.551781 	0.0664062 	0.871875
913 	25    	0.604969 	0.460938  	0.777344
914 	25    	0.55875  	0         	0.889844
915 	25    	0.630719 	0.366406  	0.823438
916 	25    	0.548625 	0.242969  	0.807813
917 	25    	0.573031 	0.277344  	0.857812
918 	25    	0.606125 	0.0265625 	0.859375
919 	25    	0.545781 	0         	0.822656
920 	25    	0.579469 	0.307812  	0.803906
921 	25    	0.611469 	0.273438  	0.885938
922 	25    	0.541094 	0.003125  	0.907813
923 	25    	0.532406 	0.0796875 	0.742969
924 	25    	0.57475  	0.388281  	0.757031
925 	25    	0.543938 	0.285156  	0.7875  
926 	25    	0.602844 	0.380469  	0.786719
927 	25    	0.591187 	0.432812  	0.701562
928 	25    	0.553281 	0.282031  	0.814063
929 	25    	0.582125 	0.05      	0.78125 
930 	25    	0.556    	0.389844  	0.794531
931 	25    	0.575781 	0.11875   	0.823438
932 	25    	0.551687 	0.00625   	0.808594
933 	25    	0.532719 	0.130469  	0.839063
934 	25    	0.571125 	0.263281  	0.889062
935 	25    	0.586656 	0.407031  	0.761719
936 	25    	0.614219 	0.475     	0.780469
937 	25    	0.576531 	0.0679687 	0.892969
938 	25    	0.612125 	0.464844  	0.835156
939 	25    	0.576531 	0.0890625 	0.773438
940 	25    	0.613625 	0.0226562 	0.860938
941 	25    	0.581906 	0.408594  	0.757812
942 	25    	0.6305   	0.430469  	0.7875  
943 	25    	0.583969 	0         	0.916406
944 	25    	0.559844 	0         	0.821875
945 	25    	0.511469 	0         	0.853125
946 	25    	0.569844 	0.386719  	0.88125 
947 	25    	0.54225  	0         	0.844531
948 	25    	0.592656 	0.310156  	0.782813
949 	25    	0.589063 	0.395313  	0.869531
950 	25    	0.511531 	0.0148437 	0.771875
951 	25    	0.591531 	0.08125   	0.783594
952 	25    	0.554375 	0.003125  	0.810937
953 	25    	0.590344 	0.385937  	0.884375
954 	25    	0.602594 	0.440625  	0.778906
955 	25    	0.608313 	0.411719  	0.783594
956 	25    	0.645125 	0.428906  	0.833594
957 	25    	0.602469 	0.479687  	0.758594
958 	25    	0.620719 	0.142969  	0.846875
959 	25    	0.589594 	0.104688  	0.802344
960 	25    	0.595562 	0.428125  	0.815625
961 	25    	0.549    	0.217188  	0.907813
962 	25    	0.571313 	0.0796875 	0.776563
963 	25    	0.572625 	0.310156  	0.700781
964 	25    	0.557344 	0.367969  	0.713281
965 	25    	0.590969 	0.346875  	0.801562
966 	25    	0.602594 	0.201563  	0.79375 
967 	25    	0.5245   	0         	0.800781
968 	25    	0.592344 	0.411719  	0.84375 
969 	25    	0.599781 	0.426563  	0.835156
970 	25    	0.5875   	0.329688  	0.773438
971 	25    	0.638406 	0.442969  	0.884375
972 	25    	0.5975   	0.382031  	0.745313
973 	25    	0.600438 	0.439063  	0.742969
974 	25    	0.601188 	0.398438  	0.821094
975 	25    	0.622938 	0.378906  	0.8375  
976 	25    	0.599469 	0.391406  	0.772656
977 	25    	0.575469 	0.414844  	0.7625  
978 	25    	0.549406 	0.0015625 	0.872656
979 	25    	0.576688 	0.421094  	0.821094
980 	25    	0.562    	0.408594  	0.836719
981 	25    	0.592781 	0.40625   	0.845313
982 	25    	0.590562 	0.455469  	0.780469
983 	25    	0.592594 	0.378906  	0.839063
984 	25    	0.574031 	0.399219  	0.792188
985 	25    	0.560438 	0.382812  	0.782813
986 	25    	0.61425  	0.366406  	0.829688
987 	25    	0.590719 	0.439063  	0.804688
988 	25    	0.587594 	0.430469  	0.714844
989 	25    	0.628469 	0.447656  	0.814063
990 	25    	0.598969 	0.340625  	0.857812
991 	25    	0.581906 	0.432812  	0.750781
992 	25    	0.586531 	0.335938  	0.9125  
993 	25    	0.631906 	0.446094  	0.79375 
994 	25    	0.590469 	0.40625   	0.836719
995 	25    	0.519906 	0.311719  	0.735938
996 	25    	0.550438 	0.128906  	0.764844
997 	25    	0.601125 	0.3625    	0.814844
998 	25    	0.570562 	0.352344  	0.81875 
999 	25    	0.571875 	0.344531  	0.783594
1000	25    	0.577063 	0.376563  	0.725781