gen	nevals	avg     	min        	max    
0  	10    	0.382108	-0.0426875 	3.93862
1  	10    	2.57243 	-0.00737089	5.7523 
2  	10    	4.65731 	0.00533737 	8.22026
3  	10    	7.63719 	4.76972    	13.8786
4  	10    	9.85267 	5.67904    	13.8786
5  	10    	7.99761 	5.08685    	13.8786
6  	10    	11.8136 	6.79174    	17.5492
7  	10    	13.8792 	5.92026    	17.5492
8  	10    	15.6458 	2.90417    	17.5492
9  	10    	17.5492 	17.5492    	17.5492
10 	10    	17.5492 	17.5492    	17.5492
11 	10    	15.2383 	5.91813    	17.5492
12 	10    	15.2575 	2.95005    	17.5492
13 	10    	17.5492 	17.5492    	17.5492
14 	10    	16.2821 	4.87849    	17.5492
15 	10    	14.7107 	3.28117    	17.5492
16 	10    	17.5492 	17.5492    	17.5492
17 	10    	16.4884 	6.94109    	17.5492
18 	10    	17.5492 	17.5492    	17.5492
19 	10    	17.5492 	17.5492    	17.5492
20 	10    	16.1662 	3.71912    	17.5492
21 	10    	16.1699 	3.75564    	17.5492
22 	10    	17.5492 	17.5492    	17.5492
23 	10    	16.2597 	4.65374    	17.5492
24 	10    	16.3209 	5.26565    	17.5492
25 	10    	17.5492 	17.5492    	17.5492
26 	10    	17.5492 	17.5492    	17.5492
27 	10    	17.5492 	17.5492    	17.5492
28 	10    	15.21   	8.29837    	17.5492
29 	10    	16.1488 	3.5453     	17.5492
30 	10    	17.5492 	17.5492    	17.5492
31 	10    	14.9182 	4.15736    	17.5492
32 	10    	14.219  	-0.00779907	17.5492
33 	10    	15.9747 	1.8042     	17.5492
34 	10    	14.5778 	1.04197    	17.5492
35 	10    	16.3651 	5.70791    	17.5492
36 	10    	17.5492 	17.5492    	17.5492
37 	10    	16.171  	3.76696    	17.5492
38 	10    	16.1751 	3.8082     	17.5492
39 	10    	17.5492 	17.5492    	17.5492
40 	10    	16.2566 	4.62286    	17.5492
41 	10    	14.8854 	3.69135    	17.5492
42 	10    	15.6008 	3.75512    	17.5492
43 	10    	16.2787 	4.84418    	17.5492
44 	10    	15.8301 	2.96703    	17.5492
45 	10    	17.5492 	17.5492    	17.5492
46 	10    	16.3284 	5.34092    	17.5492
47 	10    	16.4902 	6.9587     	17.5492
48 	10    	17.5492 	17.5492    	17.5492
49 	10    	17.5492 	17.5492    	17.5492
50 	10    	16.2498 	4.55525    	17.5492
51 	10    	14.8856 	3.30069    	17.5492
52 	10    	16.4183 	6.23985    	17.5492
53 	10    	16.0687 	2.74388    	17.5492
54 	10    	17.5492 	17.5492    	17.5492
55 	10    	16.4108 	6.16546    	17.5492
56 	10    	14.0791 	4.07857    	17.5492
57 	10    	17.5492 	17.5492    	17.5492
58 	10    	15.4085 	6.13122    	17.5492
59 	10    	15.0225 	2.55629    	17.5492
60 	10    	17.5492 	17.5492    	17.5492
61 	10    	14.5713 	3.69235    	17.5492
62 	10    	17.5492 	17.5492    	17.5492
63 	10    	15.029  	2.36332    	17.5492
64 	10    	17.5492 	17.5492    	17.5492
65 	10    	17.5492 	17.5492    	17.5492
66 	10    	14.8886 	3.39559    	17.5492
67 	10    	17.5492 	17.5492    	17.5492
68 	10    	16.3062 	5.11874    	17.5492
69 	10    	14.8542 	4.35013    	17.5492
70 	10    	15.4281 	4.13024    	17.5492
71 	10    	16.7342 	9.39929    	17.5492
72 	10    	12.798  	3.34055    	17.5492
73 	10    	17.5492 	17.5492    	17.5492
74 	10    	17.5492 	17.5492    	17.5492
75 	10    	15.3529 	4.7508     	17.5492
76 	10    	14.4411 	-0.0251029 	17.5492
77 	10    	17.5492 	17.5492    	17.5492
78 	10    	17.5492 	17.5492    	17.5492
79 	10    	17.5492 	17.5492    	17.5492
80 	10    	16.5549 	7.60601    	17.5492
81 	10    	16.1852 	3.90875    	17.5492
82 	10    	13.1952 	2.03793    	17.5492
83 	10    	17.5492 	17.5492    	17.5492
84 	10    	17.5492 	17.5492    	17.5492
85 	10    	17.5492 	17.5492    	17.5492
86 	10    	17.5492 	17.5492    	17.5492
87 	10    	15.9177 	1.23403    	17.5492
88 	10    	16.5645 	7.70165    	17.5492
89 	10    	16.2451 	4.50828    	17.5492
90 	10    	17.5492 	17.5492    	17.5492
91 	10    	16.5244 	7.30142    	17.5492
92 	10    	17.5492 	17.5492    	17.5492
93 	10    	16.3632 	5.68875    	17.5492
94 	10    	15.6465 	7.42703    	17.5492
95 	10    	16.211  	4.16685    	17.5492
96 	10    	14.9363 	3.8867     	17.5492
97 	10    	17.5492 	17.5492    	17.5492
98 	10    	14.9619 	3.88811    	17.5492
99 	10    	17.5492 	17.5492    	17.5492
100	10    	17.5492 	17.5492    	17.5492
101	10    	14.7957 	2.43345    	17.5492
102	10    	17.5492 	17.5492    	17.5492
103	10    	17.5492 	17.5492    	17.5492
104	10    	16.3185 	5.24235    	17.5492
105	10    	16.7049 	9.10606    	17.5492
106	10    	17.5492 	17.5492    	17.5492
107	10    	16.5909 	7.96643    	17.5492
108	10    	16.4096 	6.15325    	17.5492
109	10    	17.5492 	17.5492    	17.5492
110	10    	15.9451 	1.50818    	17.5492
111	10    	16.7931 	9.98759    	17.5492
112	10    	16.7353 	9.40995    	17.5492
113	10    	17.5492 	17.5492    	17.5492
114	10    	17.5492 	17.5492    	17.5492
115	10    	16.5981 	8.03847    	17.5492
116	10    	17.5492 	17.5492    	17.5492
117	10    	17.5492 	17.5492    	17.5492
118	10    	15.9589 	7.21527    	17.5492
119	10    	17.5492 	17.5492    	17.5492
120	10    	16.404  	6.09709    	17.5492
121	10    	16.9869 	11.9264    	17.5492
122	10    	16.2284 	4.34059    	17.5492
123	10    	17.5492 	17.5492    	17.5492
124	10    	15.5083 	4.87253    	17.5492
125	10    	17.5492 	17.5492    	17.5492
126	10    	14.883  	3.96543    	17.5492
127	10    	17.5492 	17.5492    	17.5492
128	10    	16.0594 	2.65077    	17.5492
129	10    	17.5492 	17.5492    	17.5492
130	10    	16.4372 	6.42949    	17.5492
131	10    	17.5492 	17.5492    	17.5492
132	10    	16.4633 	6.69033    	17.5492
133	10    	17.5492 	17.5492    	17.5492
134	10    	14.8796 	1.69252    	17.5492
135	10    	16.2492 	4.54933    	17.5492
136	10    	16.174  	3.79734    	17.5492
137	10    	17.5492 	17.5492    	17.5492
138	10    	15.4935 	4.85282    	17.5492
139	10    	17.5492 	17.5492    	17.5492
140	10    	16.0487 	2.54371    	17.5492
141	10    	16.0683 	2.73998    	17.5492
142	10    	15.1061 	4.74844    	17.5492
143	10    	16.7732 	9.78912    	17.5492
144	10    	14.5479 	-0.0139971 	17.5492
145	10    	16.6248 	5.09953    	20.7545
146	10    	16.5612 	4.46348    	20.7545
147	10    	13.9833 	3.47991    	20.7545
148	10    	11.1665 	2.63985    	20.7545
149	10    	16.5749 	6.12891    	20.7545
150	10    	20.7545 	20.7545    	20.7545
151	10    	19.6407 	9.61636    	20.7545
152	10    	19.1066 	4.2758     	20.7545
153	10    	20.7545 	20.7545    	20.7545
154	10    	19.2335 	5.54425    	20.7545
155	10    	20.7545 	20.7545    	20.7545
156	10    	20.7545 	20.7545    	20.7545
157	10    	20.7545 	20.7545    	20.7545
158	10    	20.7545 	20.7545    	20.7545
159	10    	19.4015 	7.22425    	20.7545
160	10    	16.819  	6.07239    	20.7545
161	10    	20.7545 	20.7545    	20.7545
162	10    	20.7545 	20.7545    	20.7545
163	10    	20.7545 	20.7545    	20.7545
164	10    	18.5761 	5.63288    	25.7448
165	10    	21.7526 	20.7545    	25.7448
166	10    	16.143  	3.39581    	25.7448
167	10    	21.0678 	6.26472    	25.7448
168	10    	21.6549 	4.35704    	25.7448
169	10    	22.0761 	5.87783    	25.7448
170	10    	25.7448 	25.7448    	25.7448
171	10    	23.8532 	6.82821    	25.7448
172	10    	20.2133 	5.48935    	25.7448
173	10    	23.9127 	7.42352    	25.7448
174	10    	24.0004 	8.30036    	25.7448
175	10    	23.6955 	5.25165    	25.7448
176	10    	22.2698 	5.41191    	25.7448
177	10    	25.7448 	25.7448    	25.7448
178	10    	25.7448 	25.7448    	25.7448
179	10    	25.7448 	25.7448    	25.7448
180	10    	25.7448 	25.7448    	25.7448
181	10    	24.0837 	9.13419    	25.7448
182	10    	22.0297 	5.0041     	25.7448
183	10    	24.0713 	9.00986    	25.7448
184	10    	21.4912 	3.43345    	25.7448
185	10    	25.7448 	25.7448    	25.7448
186	10    	23.7556 	5.85277    	25.7448
187	10    	23.8338 	6.63475    	25.7448
188	10    	25.7448 	25.7448    	25.7448
189	10    	21.6888 	5.41293    	25.7448
190	10    	23.9467 	7.76362    	25.7448
191	10    	25.7448 	25.7448    	25.7448
192	10    	25.7448 	25.7448    	25.7448
193	10    	23.3991 	2.28734    	25.7448
194	10    	25.7448 	25.7448    	25.7448
195	10    	21.9246 	6.4044     	25.7448
196	10    	23.8262 	6.55854    	25.7448
197	10    	24.0853 	9.1497     	25.7448
198	10    	23.7733 	6.02931    	25.7448
199	10    	25.7448 	25.7448    	25.7448
200	10    	25.7448 	25.7448    	25.7448
201	10    	25.7448 	25.7448    	25.7448
202	10    	25.7448 	25.7448    	25.7448
203	10    	23.9466 	7.76226    	25.7448
204	10    	24.9648 	17.9451    	25.7448
205	10    	25.7448 	25.7448    	25.7448
206	10    	21.6672 	4.86201    	25.7448
207	10    	23.7401 	5.69725    	25.7448
208	10    	19.5927 	4.88036    	25.7448
209	10    	24.0912 	9.2083     	25.7448
210	10    	21.6086 	4.71173    	25.7448
211	10    	21.4909 	8.05954    	25.7448
212	10    	25.7448 	25.7448    	25.7448
213	10    	24.1978 	10.2746    	25.7448
214	10    	25.7448 	25.7448    	25.7448
215	10    	25.7448 	25.7448    	25.7448
216	10    	24.507  	13.3664    	25.7448
217	10    	25.7448 	25.7448    	25.7448
218	10    	24.1153 	9.45017    	25.7448
219	10    	25.7448 	25.7448    	25.7448
220	10    	25.7448 	25.7448    	25.7448
221	10    	25.7448 	25.7448    	25.7448
222	10    	24.1184 	9.48105    	25.7448
223	10    	25.7448 	25.7448    	25.7448
224	10    	23.6216 	4.51316    	25.7448
225	10    	21.4861 	4.14195    	25.7448
226	10    	25.7448 	25.7448    	25.7448
227	10    	20.2298 	4.1889     	25.7448
228	10    	23.6875 	5.17203    	25.7448
229	10    	25.7448 	25.7448    	25.7448
230	10    	25.7448 	25.7448    	25.7448
231	10    	23.818  	10.535     	25.7448
232	10    	23.9054 	7.35089    	25.7448
233	10    	19.8539 	3.99702    	25.7448
234	10    	25.7448 	25.7448    	25.7448
235	10    	25.7448 	25.7448    	25.7448
236	10    	25.7448 	25.7448    	25.7448
237	10    	25.7448 	25.7448    	25.7448
238	10    	25.7448 	25.7448    	25.7448
239	10    	23.5538 	3.8348     	25.7448
240	10    	23.5899 	4.19523    	25.7448
241	10    	23.2662 	11.0297    	25.7448
242	10    	23.7199 	5.49554    	25.7448
243	10    	23.6335 	4.63214    	25.7448
244	10    	25.7448 	25.7448    	25.7448
245	10    	21.588  	4.37837    	25.7448
246	10    	19.8085 	3.33095    	25.7448
247	10    	23.6333 	4.6295     	25.7448
248	10    	25.7448 	25.7448    	25.7448
249	10    	24.1793 	10.09      	25.7448
250	10    	25.7448 	25.7448    	25.7448
251	10    	24.0095 	8.39202    	25.7448
252	10    	24.3444 	11.7408    	25.7448
253	10    	23.6819 	5.11522    	25.7448
254	10    	25.7448 	25.7448    	25.7448
255	10    	25.7448 	25.7448    	25.7448
256	10    	24.1192 	9.48823    	25.7448
257	10    	23.6166 	4.46307    	25.7448
258	10    	22.3262 	5.32471    	25.7448
259	10    	22.1528 	7.01644    	25.7448
260	10    	22.1786 	4.19712    	25.7448
261	10    	23.4497 	2.79336    	25.7448
262	10    	23.6707 	5.00319    	25.7448
263	10    	23.6579 	4.87614    	25.7448
264	10    	23.4815 	3.11163    	25.7448
265	10    	25.7448 	25.7448    	25.7448
266	10    	25.6843 	25.1396    	25.7448
267	10    	23.842  	6.7168     	25.7448
268	10    	21.5309 	3.08509    	25.7448
269	10    	23.6486 	4.7825     	25.7448
270	10    	23.1713 	0.00943143 	25.7448
271	10    	25.7448 	25.7448    	25.7448
272	10    	25.7448 	25.7448    	25.7448
273	10    	23.7144 	5.44079    	25.7448
274	10    	25.7448 	25.7448    	25.7448
275	10    	22.5063 	7.18053    	25.7448
276	10    	25.7448 	25.7448    	25.7448
277	10    	25.7448 	25.7448    	25.7448
278	10    	25.7448 	25.7448    	25.7448
279	10    	25.7448 	25.7448    	25.7448
280	10    	23.7504 	5.80081    	25.7448
281	10    	25.7448 	25.7448    	25.7448
282	10    	24.4256 	12.5522    	25.7448
283	10    	24.4183 	12.48      	25.7448
284	10    	24.0656 	8.95277    	25.7448
285	10    	25.7448 	25.7448    	25.7448
286	10    	25.7448 	25.7448    	25.7448
287	10    	23.8396 	6.69243    	25.7448
288	10    	22.0144 	7.0301     	25.7448
289	10    	23.9659 	7.95522    	25.7448
290	10    	21.81   	3.9867     	25.7448
291	10    	25.7448 	25.7448    	25.7448
292	10    	24.5498 	13.7945    	25.7448
293	10    	25.7448 	25.7448    	25.7448
294	10    	22.2902 	8.31117    	25.7448
295	10    	23.8041 	6.33738    	25.7448
296	10    	24.4727 	13.0241    	25.7448
297	10    	25.7448 	25.7448    	25.7448
298	10    	25.7448 	25.7448    	25.7448
299	10    	25.7448 	25.7448    	25.7448
300	10    	23.5    	3.2967     	25.7448
301	10    	25.7448 	25.7448    	25.7448
302	10    	25.7448 	25.7448    	25.7448
303	10    	23.61   	4.39627    	25.7448
304	10    	25.7448 	25.7448    	25.7448
305	10    	25.7448 	25.7448    	25.7448
306	10    	25.7448 	25.7448    	25.7448
307	10    	25.7448 	25.7448    	25.7448
308	10    	21.7633 	5.40416    	25.7448
309	10    	23.7797 	6.09393    	25.7448
310	10    	23.7693 	5.98975    	25.7448
311	10    	23.7852 	6.14822    	25.7448
312	10    	20.044  	4.86526    	25.7448
313	10    	22.8251 	8.69844    	25.7448
314	10    	25.7448 	25.7448    	25.7448
315	10    	23.7976 	6.2727     	25.7448
316	10    	24.5718 	14.0144    	25.7448
317	10    	25.7448 	25.7448    	25.7448
318	10    	23.5003 	3.29944    	25.7448
319	10    	25.7448 	25.7448    	25.7448
320	10    	22.3315 	7.90559    	25.7448
321	10    	21.3999 	3.42524    	25.7448
322	10    	23.4567 	2.86354    	25.7448
323	10    	22.0866 	5.0148     	25.7448
324	10    	25.7448 	25.7448    	25.7448
325	10    	25.7448 	25.7448    	25.7448
326	10    	25.7448 	25.7448    	25.7448
327	10    	25.7448 	25.7448    	25.7448
328	10    	25.7448 	25.7448    	25.7448
329	10    	23.483  	9.84508    	25.7448
330	10    	25.7448 	25.7448    	25.7448
331	10    	25.7448 	25.7448    	25.7448
332	10    	24.4093 	12.3898    	25.7448
333	10    	21.5365 	4.28446    	25.7448
334	10    	25.7448 	25.7448    	25.7448
335	10    	25.7448 	25.7448    	25.7448
336	10    	25.7448 	25.7448    	25.7448
337	10    	24.6695 	14.9921    	25.7448
338	10    	21.5915 	4.71192    	25.7448
339	10    	25.7448 	25.7448    	25.7448
340	10    	25.7448 	25.7448    	25.7448
341	10    	24.1647 	9.94319    	25.7448
342	10    	23.5697 	3.9939     	25.7448
343	10    	25.7448 	25.7448    	25.7448
344	10    	23.579  	4.08706    	25.7448
345	10    	23.7398 	5.69474    	25.7448
346	10    	25.7448 	25.7448    	25.7448
347	10    	22.7483 	4.91533    	25.7448
348	10    	23.8995 	7.29172    	25.7448
349	10    	24.8762 	17.0589    	25.7448
350	10    	24.1586 	9.88235    	25.7448
351	10    	25.7448 	25.7448    	25.7448
352	10    	25.7448 	25.7448    	25.7448
353	10    	23.5322 	3.61829    	25.7448
354	10    	25.7448 	25.7448    	25.7448
355	10    	23.6653 	4.94996    	25.7448
356	10    	25.7448 	25.7448    	25.7448
357	10    	23.8112 	6.40911    	25.7448
358	10    	23.7486 	5.78279    	25.7448
359	10    	23.7732 	6.02894    	25.7448
360	10    	25.7448 	25.7448    	25.7448
361	10    	23.4325 	2.62141    	25.7448
362	10    	25.7448 	25.7448    	25.7448
363	10    	23.7252 	5.54883    	25.7448
364	10    	23.754  	5.83713    	25.7448
365	10    	23.6244 	4.54105    	25.7448
366	10    	23.5576 	3.87258    	25.7448
367	10    	24.0485 	8.7816     	25.7448
368	10    	22.037  	5.70783    	25.7448
369	10    	21.9489 	3.90831    	25.7448
370	10    	25.7448 	25.7448    	25.7448
371	10    	21.9654 	6.34816    	25.7448
372	10    	25.7448 	25.7448    	25.7448
373	10    	25.7448 	25.7448    	25.7448
374	10    	23.8713 	7.0092     	25.7448
375	10    	25.7448 	25.7448    	25.7448
376	10    	25.7448 	25.7448    	25.7448
377	10    	25.7448 	25.7448    	25.7448
378	10    	23.5408 	3.70433    	25.7448
379	10    	19.952  	3.88268    	25.7448
380	10    	25.7448 	25.7448    	25.7448
381	10    	24.1079 	9.37593    	25.7448
382	10    	25.7448 	25.7448    	25.7448
383	10    	19.5294 	3.92565    	25.7448
384	10    	25.7448 	25.7448    	25.7448
385	10    	25.7448 	25.7448    	25.7448
386	10    	24.0556 	8.85232    	25.7448
387	10    	25.7448 	25.7448    	25.7448
388	10    	24.3742 	12.0385    	25.7448
389	10    	25.7448 	25.7448    	25.7448
390	10    	23.8444 	6.74089    	25.7448
391	10    	23.6171 	4.46748    	25.7448
392	10    	25.7448 	25.7448    	25.7448
393	10    	25.7448 	25.7448    	25.7448
394	10    	25.7448 	25.7448    	25.7448
395	10    	25.7448 	25.7448    	25.7448
396	10    	24.1185 	9.48217    	25.7448
397	10    	25.0582 	18.8789    	25.7448
398	10    	23.6038 	4.33499    	25.7448
399	10    	24.9867 	18.1633    	25.7448
400	10    	24.8809 	17.1056    	25.7448
401	10    	23.647  	4.76624    	25.7448
402	10    	25.7448 	25.7448    	25.7448
403	10    	25.7448 	25.7448    	25.7448
404	10    	23.8587 	6.88327    	25.7448
405	10    	25.7448 	25.7448    	25.7448
406	10    	25.7448 	25.7448    	25.7448
407	10    	22.0949 	6.89411    	25.7448
408	10    	23.7774 	6.07062    	25.7448
409	10    	25.7448 	25.7448    	25.7448
410	10    	23.7553 	5.84978    	25.7448
411	10    	23.66   	4.89655    	25.7448
412	10    	25.7448 	25.7448    	25.7448
413	10    	25.7448 	25.7448    	25.7448
414	10    	23.8804 	7.10095    	25.7448
415	10    	23.7966 	6.2631     	25.7448
416	10    	25.7448 	25.7448    	25.7448
417	10    	25.7448 	25.7448    	25.7448
418	10    	25.7448 	25.7448    	25.7448
419	10    	24.0206 	8.5022     	25.7448
420	10    	23.8691 	6.9873     	25.7448
421	10    	23.6583 	4.88016    	25.7448
422	10    	25.7448 	25.7448    	25.7448
423	10    	25.7448 	25.7448    	25.7448
424	10    	23.8383 	6.67951    	25.7448
425	10    	23.7094 	5.3902     	25.7448
426	10    	24.2607 	10.9038    	25.7448
427	10    	25.7448 	25.7448    	25.7448
428	10    	23.803  	6.32697    	25.7448
429	10    	25.7448 	25.7448    	25.7448
430	10    	22.532  	7.83122    	25.7448
431	10    	25.7448 	25.7448    	25.7448
432	10    	23.2404 	11.2869    	25.7448
433	10    	22.2564 	6.48399    	25.7448
434	10    	24.0493 	8.78992    	25.7448
435	10    	25.7448 	25.7448    	25.7448
436	10    	19.6443 	4.05016    	25.7448
437	10    	19.958  	5.96975    	25.7448
438	10    	25.7448 	25.7448    	25.7448
439	10    	23.9735 	8.03161    	25.7448
440	10    	20.0049 	5.0453     	25.7448
441	10    	25.7448 	25.7448    	25.7448
442	10    	25.7448 	25.7448    	25.7448
443	10    	25.7448 	25.7448    	25.7448
444	10    	23.91   	7.39625    	25.7448
445	10    	25.7448 	25.7448    	25.7448
446	10    	25.7448 	25.7448    	25.7448
447	10    	23.7195 	5.49185    	25.7448
448	10    	25.7448 	25.7448    	25.7448
449	10    	25.7448 	25.7448    	25.7448
450	10    	23.6549 	4.84574    	25.7448
451	10    	25.7448 	25.7448    	25.7448
452	10    	25.1979 	20.2756    	25.7448
453	10    	25.7448 	25.7448    	25.7448
454	10    	25.7448 	25.7448    	25.7448
455	10    	25.7448 	25.7448    	25.7448
456	10    	25.7448 	25.7448    	25.7448
457	10    	24.3392 	11.6887    	25.7448
458	10    	19.6541 	2.9263     	25.7448
459	10    	25.7448 	25.7448    	25.7448
460	10    	21.7929 	5.64199    	25.7448
461	10    	21.9488 	3.53285    	25.7448
462	10    	22.8918 	10.4695    	25.7448
463	10    	25.7448 	25.7448    	25.7448
464	10    	22.489  	8.10188    	25.7448
465	10    	23.6471 	4.76723    	25.7448
466	10    	24.0086 	8.38299    	25.7448
467	10    	23.8605 	6.90175    	25.7448
468	10    	21.7383 	4.13997    	25.7448
469	10    	23.4474 	2.77068    	25.7448
470	10    	23.8102 	6.3982     	25.7448
471	10    	22.1029 	6.90032    	25.7448
472	10    	23.5323 	3.61981    	25.7448
473	10    	23.6558 	4.85438    	25.7448
474	10    	25.7448 	25.7448    	25.7448
475	10    	23.92   	7.49631    	25.7448
476	10    	22.7909 	5.1476     	25.7448
477	10    	22.4472 	8.57864    	25.7448
478	10    	23.9668 	7.96486    	25.7448
479	10    	25.7448 	25.7448    	25.7448
480	10    	22.6273 	9.59822    	25.7448
481	10    	22.1534 	4.326      	25.7448
482	10    	23.4589 	10.3611    	25.7448
483	10    	25.7448 	25.7448    	25.7448
484	10    	25.7448 	25.7448    	25.7448
485	10    	23.9619 	7.91618    	25.7448
486	10    	22.1074 	6.80876    	25.7448
487	10    	23.9129 	7.42538    	25.7448
488	10    	23.6396 	4.69276    	25.7448
489	10    	23.4818 	3.11464    	25.7448
490	10    	21.3642 	3.73504    	25.7448
491	10    	25.7448 	25.7448    	25.7448
492	10    	23.7827 	6.1238     	25.7448
493	10    	25.7448 	25.7448    	25.7448
494	10    	22.3389 	6.40488    	25.7448
495	10    	25.7448 	25.7448    	25.7448
496	10    	23.5158 	3.45485    	25.7448
497	10    	25.7448 	25.7448    	25.7448
498	10    	25.7448 	25.7448    	25.7448
499	10    	25.7448 	25.7448    	25.7448
500	10    	25.7448 	25.7448    	25.7448
501	10    	24.5183 	13.4801    	25.7448
502	10    	25.7448 	25.7448    	25.7448
503	10    	23.8678 	6.97475    	25.7448
504	10    	23.6654 	4.95059    	25.7448
505	10    	24.0261 	8.55784    	25.7448
506	10    	25.7448 	25.7448    	25.7448
507	10    	19.8645 	4.19712    	25.7448
508	10    	24.032  	8.61672    	25.7448
509	10    	22.0912 	6.74775    	25.7448
510	10    	25.7448 	25.7448    	25.7448
511	10    	19.3671 	3.99541    	25.7448
512	10    	20.4126 	5.0206     	25.7448
513	10    	23.3141 	9.93514    	25.7448
514	10    	23.9487 	7.784      	25.7448
515	10    	24.4704 	13.0003    	25.7448
516	10    	21.881  	3.44475    	25.7448
517	10    	21.8722 	5.83775    	25.7448
518	10    	22.5221 	9.23566    	25.7448
519	10    	25.7448 	25.7448    	25.7448
520	10    	24.1318 	9.61465    	25.7448
521	10    	21.8053 	5.48106    	25.7448
522	10    	23.9529 	7.82581    	25.7448
523	10    	25.7448 	25.7448    	25.7448
524	10    	25.7448 	25.7448    	25.7448
525	10    	25.7448 	25.7448    	25.7448
526	10    	23.9599 	7.89534    	25.7448
527	10    	25.7448 	25.7448    	25.7448
528	10    	24.0737 	9.03387    	25.7448
529	10    	23.5782 	4.07849    	25.7448
530	10    	23.7975 	6.27157    	25.7448
531	10    	21.7427 	5.26312    	25.7448
532	10    	25.7448 	25.7448    	25.7448
533	10    	24.285  	11.147     	25.7448
534	10    	22.1115 	5.48893    	25.7448
535	10    	23.7986 	6.28288    	25.7448
536	10    	23.9887 	8.18334    	25.7448
537	10    	21.5037 	4.27727    	25.7448
538	10    	25.731  	25.6067    	25.7448
539	10    	25.7448 	25.7448    	25.7448
540	10    	24.2058 	10.3545    	25.7448
541	10    	23.3949 	2.24534    	25.7448
542	10    	23.8634 	6.93059    	25.7448
543	10    	23.8724 	7.02063    	25.7448
544	10    	25.7448 	25.7448    	25.7448
545	10    	23.8456 	6.75245    	25.7448
546	10    	25.7448 	25.7448    	25.7448
547	10    	25.7448 	25.7448    	25.7448
548	10    	25.7448 	25.7448    	25.7448
549	10    	23.7646 	5.94251    	25.7448
550	10    	22.0434 	7.03095    	25.7448
551	10    	23.6469 	4.76568    	25.7448
552	10    	24.3447 	11.7439    	25.7448
553	10    	24.0488 	8.78421    	25.7448
554	10    	25.7448 	25.7448    	25.7448
555	10    	23.642  	4.71682    	25.7448
556	10    	25.7448 	25.7448    	25.7448
557	10    	23.5455 	3.75204    	25.7448
558	10    	23.5641 	3.93733    	25.7448
559	10    	23.8581 	6.87756    	25.7448
560	10    	23.4761 	3.05776    	25.7448
561	10    	25.7448 	25.7448    	25.7448
562	10    	23.8035 	6.33157    	25.7448
563	10    	23.8251 	6.54813    	25.7448
564	10    	25.7448 	25.7448    	25.7448
565	10    	21.4743 	3.69484    	25.7448
566	10    	25.7448 	25.7448    	25.7448
567	10    	24.0699 	8.99588    	25.7448
568	10    	23.9    	7.29705    	25.7448
569	10    	25.7448 	25.7448    	25.7448
570	10    	25.7448 	25.7448    	25.7448
571	10    	22.1532 	5.12019    	25.7448
572	10    	25.7448 	25.7448    	25.7448
573	10    	23.6784 	5.0811     	25.7448
574	10    	23.705  	5.34665    	25.7448
575	10    	25.7448 	25.7448    	25.7448
576	10    	21.9043 	6.40027    	25.7448
577	10    	25.7448 	25.7448    	25.7448
578	10    	21.5718 	2.14702    	25.7448
579	10    	23.9354 	7.65089    	25.7448
580	10    	23.5221 	3.51744    	25.7448
581	10    	24.5687 	13.9838    	25.7448
582	10    	25.7448 	25.7448    	25.7448
583	10    	23.7041 	5.33815    	25.7448
584	10    	21.0381 	-0.0478735 	25.7448
585	10    	23.6639 	4.93526    	25.7448
586	10    	23.2259 	12.2489    	25.7448
587	10    	25.7448 	25.7448    	25.7448
588	10    	25.7448 	25.7448    	25.7448
589	10    	22.7566 	7.08388    	25.7448
590	10    	25.7448 	25.7448    	25.7448
591	10    	25.7448 	25.7448    	25.7448
592	10    	25.7448 	25.7448    	25.7448
593	10    	25.7448 	25.7448    	25.7448
594	10    	24      	8.29714    	25.7448
595	10    	25.7448 	25.7448    	25.7448
596	10    	24.0553 	8.85013    	25.7448
597	10    	19.5477 	3.39035    	25.7448
598	10    	21.4949 	3.44825    	25.7448
599	10    	24.3974 	12.2707    	25.7448
600	10    	24.0083 	8.37979    	25.7448
601	10    	23.8926 	7.22284    	25.7448
602	10    	20.3005 	2.30859    	25.7448
603	10    	25.7448 	25.7448    	25.7448
604	10    	17.8099 	4.46071    	25.7448
605	10    	22.6502 	9.1571     	25.7448
606	10    	25.7448 	25.7448    	25.7448
607	10    	22.6333 	8.10043    	25.7448
608	10    	25.7448 	25.7448    	25.7448
609	10    	17.8693 	3.39834    	25.7448
610	10    	24.015  	8.44637    	25.7448
611	10    	25.7448 	25.7448    	25.7448
612	10    	25.7448 	25.7448    	25.7448
613	10    	18.0403 	4.57923    	25.7448
614	10    	25.7448 	25.7448    	25.7448
615	10    	25.7448 	25.7448    	25.7448
616	10    	23.624  	4.53712    	25.7448
617	10    	24.0651 	8.94808    	25.7448
618	10    	24.2605 	10.9016    	25.7448
619	10    	24.6264 	14.5611    	25.7448
620	10    	24.3179 	11.4757    	25.7448
621	10    	25.7448 	25.7448    	25.7448
622	10    	25.7448 	25.7448    	25.7448
623	10    	23.8595 	6.89214    	25.7448
624	10    	23.7035 	5.33143    	25.7448
625	10    	23.7393 	5.69004    	25.7448
626	10    	21.6614 	4.60483    	25.7448
627	10    	25.7448 	25.7448    	25.7448
628	10    	23.6338 	4.63424    	25.7448
629	10    	25.7448 	25.7448    	25.7448
630	10    	24.1464 	9.76102    	25.7448
631	10    	25.7448 	25.7448    	25.7448
632	10    	23.7775 	6.07183    	25.7448
633	10    	25.7448 	25.7448    	25.7448
634	10    	19.567  	3.68338    	25.7448
635	10    	25.7448 	25.7448    	25.7448
636	10    	25.7448 	25.7448    	25.7448
637	10    	21.4925 	3.96368    	25.7448
638	10    	24.0413 	8.70983    	25.7448
639	10    	23.9776 	8.07246    	25.7448
640	10    	25.7448 	25.7448    	25.7448
641	10    	25.7448 	25.7448    	25.7448
642	10    	25.7448 	25.7448    	25.7448
643	10    	25.7448 	25.7448    	25.7448
644	10    	23.7633 	5.93006    	25.7448
645	10    	25.7448 	25.7448    	25.7448
646	10    	25.7448 	25.7448    	25.7448
647	10    	25.7448 	25.7448    	25.7448
648	10    	24.0489 	8.78552    	25.7448
649	10    	23.9268 	7.56496    	25.7448
650	10    	25.7448 	25.7448    	25.7448
651	10    	21.4536 	3.87171    	25.7448
652	10    	23.6968 	5.26442    	25.7448
653	10    	23.6409 	4.70524    	25.7448
654	10    	23.6717 	5.01405    	25.7448
655	10    	24.103  	9.32636    	25.7448
656	10    	24.5547 	13.844     	25.7448
657	10    	21.6295 	2.91354    	25.7448
658	10    	25.7448 	25.7448    	25.7448
659	10    	24.3917 	12.2141    	25.7448
660	10    	25.7448 	25.7448    	25.7448
661	10    	25.7448 	25.7448    	25.7448
662	10    	25.7448 	25.7448    	25.7448
663	10    	23.8441 	6.73732    	25.7448
664	10    	25.7448 	25.7448    	25.7448
665	10    	25.7448 	25.7448    	25.7448
666	10    	25.7448 	25.7448    	25.7448
667	10    	25.7448 	25.7448    	25.7448
668	10    	21.8181 	5.39578    	25.7448
669	10    	24.1197 	9.49372    	25.7448
670	10    	23.933  	7.62627    	25.7448
671	10    	25.7448 	25.7448    	25.7448
672	10    	25.7448 	25.7448    	25.7448
673	10    	23.6237 	4.53339    	25.7448
674	10    	23.6305 	4.60132    	25.7448
675	10    	25.7448 	25.7448    	25.7448
676	10    	25.7448 	25.7448    	25.7448
677	10    	23.7426 	5.72267    	25.7448
678	10    	23.8877 	7.17404    	25.7448
679	10    	24.7356 	15.6531    	25.7448
680	10    	21.0786 	-0.0318422 	25.7448
681	10    	25.7448 	25.7448    	25.7448
682	10    	23.7109 	5.40545    	25.7448
683	10    	25.7448 	25.7448    	25.7448
684	10    	25.7448 	25.7448    	25.7448
685	10    	25.7448 	25.7448    	25.7448
686	10    	23.7482 	5.77918    	25.7448
687	10    	24.483  	13.1271    	25.7448
688	10    	25.7448 	25.7448    	25.7448
689	10    	23.8316 	6.61226    	25.7448
690	10    	24.1922 	10.219     	25.7448
691	10    	25.7448 	25.7448    	25.7448
692	10    	25.7448 	25.7448    	25.7448
693	10    	24.2678 	10.9748    	25.7448
694	10    	21.2937 	2.04733    	25.7448
695	10    	23.5941 	4.23766    	25.7448
696	10    	23.8516 	6.81233    	25.7448
697	10    	25.7448 	25.7448    	25.7448
698	10    	25.7448 	25.7448    	25.7448
699	10    	23.5673 	3.97003    	25.7448
700	10    	23.0828 	6.48171    	25.7448
701	10    	23.23   	6.81719    	25.7448
702	10    	25.7448 	25.7448    	25.7448
703	10    	23.6027 	4.32362    	25.7448
704	10    	24.22   	10.4969    	25.7448
705	10    	21.8099 	5.04321    	25.7448
706	10    	25.7448 	25.7448    	25.7448
707	10    	25.7448 	25.7448    	25.7448
708	10    	25.7448 	25.7448    	25.7448
709	10    	23.5448 	3.74426    	25.7448
710	10    	25.7448 	25.7448    	25.7448
711	10    	25.7448 	25.7448    	25.7448
712	10    	25.7448 	25.7448    	25.7448
713	10    	25.7448 	25.7448    	25.7448
714	10    	25.7448 	25.7448    	25.7448
715	10    	23.7542 	5.83898    	25.7448
716	10    	22.0829 	7.14787    	25.7448
717	10    	22.1463 	7.55743    	25.7448
718	10    	24.2909 	11.2055    	25.7448
719	10    	24.3113 	11.4093    	25.7448
720	10    	25.7448 	25.7448    	25.7448
721	10    	23.5386 	3.68316    	25.7448
722	10    	22.0499 	6.84001    	25.7448
723	10    	25.7448 	25.7448    	25.7448
724	10    	24.6234 	14.531     	25.7448
725	10    	25.7448 	25.7448    	25.7448
726	10    	21.486  	3.9469     	25.7448
727	10    	23.7401 	5.69719    	25.7448
728	10    	25.7448 	25.7448    	25.7448
729	10    	25.7448 	25.7448    	25.7448
730	10    	25.7448 	25.7448    	25.7448
731	10    	23.8521 	6.81778    	25.7448
732	10    	21.6689 	2.82835    	25.7448
733	10    	23.7097 	5.39418    	25.7448
734	10    	24.2323 	10.6202    	25.7448
735	10    	25.7448 	25.7448    	25.7448
736	10    	23.6805 	5.1016     	25.7448
737	10    	21.9661 	6.34389    	25.7448
738	10    	20.4416 	5.95989    	25.7448
739	10    	22.0715 	6.95285    	25.7448
740	10    	25.7448 	25.7448    	25.7448
741	10    	25.7448 	25.7448    	25.7448
742	10    	25.7448 	25.7448    	25.7448
743	10    	23.5864 	4.16073    	25.7448
744	10    	25.7448 	25.7448    	25.7448
745	10    	25.7448 	25.7448    	25.7448
746	10    	25.1523 	19.8199    	25.7448
747	10    	23.7833 	6.1301     	25.7448
748	10    	23.2701 	5.62956    	25.7448
749	10    	25.7448 	25.7448    	25.7448
750	10    	23.7624 	5.92055    	25.7448
751	10    	25.7448 	25.7448    	25.7448
752	10    	24.628  	14.5764    	25.7448
753	10    	25.7448 	25.7448    	25.7448
754	10    	19.7561 	5.03283    	25.7448
755	10    	22.0747 	5.85019    	25.7448
756	10    	25.7448 	25.7448    	25.7448
757	10    	23.8863 	7.15989    	25.7448
758	10    	24.4779 	13.0756    	25.7448
759	10    	23.8179 	6.47559    	25.7448
760	10    	24.1708 	10.0051    	25.7448
761	10    	22.0867 	7.00694    	25.7448
762	10    	23.1061 	8.86301    	25.7448
763	10    	25.7448 	25.7448    	25.7448
764	10    	22.2323 	7.96862    	25.7448
765	10    	23.5928 	4.22517    	25.7448
766	10    	25.7448 	25.7448    	25.7448
767	10    	23.5787 	4.08329    	25.7448
768	10    	23.9005 	7.30156    	25.7448
769	10    	21.6075 	4.2757     	25.7448
770	10    	24.4204 	12.5011    	25.7448
771	10    	22.538  	8.46681    	25.7448
772	10    	22.1401 	3.40519    	25.7448
773	10    	23.6559 	4.85526    	25.7448
774	10    	25.7448 	25.7448    	25.7448
775	10    	23.9001 	7.29759    	25.7448
776	10    	25.7448 	25.7448    	25.7448
777	10    	25.7448 	25.7448    	25.7448
778	10    	23.767  	5.96688    	25.7448
779	10    	25.7448 	25.7448    	25.7448
780	10    	25.7448 	25.7448    	25.7448
781	10    	25.7448 	25.7448    	25.7448
782	10    	23.6269 	4.56532    	25.7448
783	10    	25.7448 	25.7448    	25.7448
784	10    	24.0933 	9.22971    	25.7448
785	10    	23.5088 	3.38496    	25.7448
786	10    	25.7448 	25.7448    	25.7448
787	10    	25.7448 	25.7448    	25.7448
788	10    	25.7448 	25.7448    	25.7448
789	10    	19.9533 	4.61077    	25.7448
790	10    	25.7448 	25.7448    	25.7448
791	10    	25.7448 	25.7448    	25.7448
792	10    	23.64   	4.69677    	25.7448
793	10    	24.1463 	9.7601     	25.7448
794	10    	25.7448 	25.7448    	25.7448
795	10    	23.1625 	9.38047    	25.7448
796	10    	21.9365 	6.69618    	25.7448
797	10    	21.8212 	3.23903    	25.7448
798	10    	25.7448 	25.7448    	25.7448
799	10    	23.5764 	4.0607     	25.7448
800	10    	24.0556 	8.85256    	25.7448
801	10    	21.4237 	3.65912    	25.7448
802	10    	25.7448 	25.7448    	25.7448
803	10    	23.6575 	4.87145    	25.7448
804	10    	21.995  	6.43325    	25.7448
805	10    	25.7448 	25.7448    	25.7448