gen	nevals	avg       	min      	max      
0  	25    	0.00903125	0        	0.0851562
1  	25    	0.0214375 	0        	0.0757812
2  	25    	0.0480312 	0        	0.107031 
3  	25    	0.0522188 	0        	0.104687 
4  	25    	0.0692812 	0.0078125	0.10625  
5  	25    	0.065625  	0.0078125	0.0984375
6  	25    	0.0719687 	0.0078125	0.116406 
7  	25    	0.0791875 	0.0492188	0.116406 
8  	25    	0.0725938 	0.0078125	0.110937 
9  	25    	0.0712813 	0.0078125	0.110937 
10 	25    	0.069875  	0.0078125	0.124219 
11 	25    	0.0692187 	0.0484375	0.103125 
12 	25    	0.0731563 	0.0078125	0.119531 
13 	25    	0.0646563 	0.0078125	0.119531 
14 	25    	0.0722188 	0.0078125	0.111719 
15 	25    	0.07425   	0.0078125	0.103125 
16 	25    	0.0709375 	0        	0.116406 
17 	25    	0.0621563 	0.0078125	0.1125   
18 	25    	0.0715    	0.0453125	0.0945313
19 	25    	0.0665    	0.0078125	0.0867188
20 	25    	0.0755625 	0.0421875	0.114844 
21 	25    	0.0685313 	0.0078125	0.11875  
22 	25    	0.072875  	0.0078125	0.102344 
23 	25    	0.0805938 	0.0078125	0.123438 
24 	25    	0.0716875 	0.0078125	0.117188 
25 	25    	0.07425   	0.0476562	0.111719 
26 	25    	0.077     	0.046875 	0.122656 
27 	25    	0.0739375 	0.0078125	0.103125 
28 	25    	0.0648125 	0        	0.1125   
29 	25    	0.0677187 	0        	0.107031 
30 	25    	0.061     	0        	0.10625  
31 	25    	0.0648437 	0        	0.0976562
32 	25    	0.0831875 	0.0570313	0.140625 
33 	25    	0.0741562 	0.0476562	0.121875 
34 	25    	0.0745    	0.0078125	0.115625 
35 	25    	0.0705313 	0        	0.107031 
36 	25    	0.0703125 	0        	0.0960938
37 	25    	0.070125  	0.046875 	0.0921875
38 	25    	0.0714687 	0        	0.135937 
39 	25    	0.0699688 	0        	0.105469 
40 	25    	0.0746562 	0        	0.125781 
41 	25    	0.0763125 	0.04375  	0.11875  
42 	25    	0.0704375 	0        	0.110156 
43 	25    	0.0673438 	0        	0.0929687
44 	25    	0.0733125 	0.0453125	0.0976562
45 	25    	0.0753125 	0.0492188	0.103906 
46 	25    	0.0730312 	0.0507812	0.100781 
47 	25    	0.0779375 	0.0515625	0.103906 
48 	25    	0.0756875 	0.0507812	0.102344 
49 	25    	0.0726875 	0.0476562	0.100781 
50 	25    	0.0674687 	0.0429688	0.114844 
51 	25    	0.0687188 	0        	0.104687 
52 	25    	0.0673125 	0        	0.124219 
53 	25    	0.0745625 	0.0507812	0.120312 
54 	25    	0.0751562 	0.0445312	0.111719 
55 	25    	0.0762812 	0.0460938	0.102344 
56 	25    	0.071375  	0.0492188	0.111719 
57 	25    	0.0743125 	0.0476562	0.114844 
58 	25    	0.0706875 	0.046875 	0.103906 
59 	25    	0.0750625 	0.0460938	0.115625 
60 	25    	0.0785937 	0.053125 	0.120312 
61 	25    	0.0773438 	0.0546875	0.104687 
62 	25    	0.0728125 	0.0453125	0.1125   
63 	25    	0.0748438 	0.0546875	0.114063 
64 	25    	0.0791875 	0.0570313	0.107813 
65 	25    	0.075     	0.0484375	0.100781 
66 	25    	0.0708437 	0.0382813	0.107031 
67 	25    	0.0845    	0.0625   	0.139062 
68 	25    	0.0757187 	0.0476562	0.117188 
69 	25    	0.0772813 	0.0492188	0.107813 
70 	25    	0.0780625 	0.0460938	0.11875  
71 	25    	0.0705    	0.0484375	0.114844 
72 	25    	0.0716562 	0.046875 	0.102344 
73 	25    	0.0763437 	0.040625 	0.166406 
74 	25    	0.0734375 	0.0414063	0.105469 
75 	25    	0.0731875 	0        	0.100781 
76 	25    	0.0696875 	0.0453125	0.10625  
77 	25    	0.074125  	0.0507812	0.105469 
78 	25    	0.07      	0.04375  	0.102344 
79 	25    	0.0755625 	0.05     	0.121094 
80 	25    	0.0843125 	0.0515625	0.128906 
81 	25    	0.0745938 	0.0476562	0.104687 
82 	25    	0.072125  	0.0523437	0.0976562
83 	25    	0.0705    	0.0492188	0.125    
84 	25    	0.0760625 	0.0507812	0.110156 
85 	25    	0.073125  	0.04375  	0.127344 
86 	25    	0.0763125 	0.0484375	0.123438 
87 	25    	0.0744375 	0.0484375	0.103125 
88 	25    	0.075375  	0.040625 	0.108594 
89 	25    	0.0730938 	0.0570313	0.1      
90 	25    	0.0694375 	0.0421875	0.111719 
91 	25    	0.0780625 	0.0484375	0.125    
92 	25    	0.0732813 	0.0492188	0.10625  
93 	25    	0.0718438 	0.0476562	0.0992187
94 	25    	0.0705625 	0.046875 	0.108594 
95 	25    	0.071375  	0.0453125	0.110937 
96 	25    	0.07375   	0.0414063	0.114844 
97 	25    	0.0763438 	0.0484375	0.107813 
98 	25    	0.0692813 	0        	0.121094 
99 	25    	0.0755312 	0.0484375	0.111719 
100	25    	0.077125  	0.0546875	0.105469 
101	25    	0.0686875 	0.0398437	0.1      
102	25    	0.0828125 	0.053125 	0.123438 
103	25    	0.0691562 	0.0453125	0.0945313
104	25    	0.0765312 	0.0492188	0.127344 
105	25    	0.0689688 	0        	0.1      
106	25    	0.0735625 	0.0515625	0.123438 
107	25    	0.0735625 	0.0429688	0.123438 
108	25    	0.0695625 	0.0429688	0.135937 
109	25    	0.0730313 	0.0515625	0.102344 
110	25    	0.0810313 	0.0476562	0.130469 
111	25    	0.0755625 	0.0515625	0.105469 
112	25    	0.0786563 	0.0523437	0.139844 
113	25    	0.0805625 	0.0460938	0.153125 
114	25    	0.0753438 	0.0460938	0.121875 
115	25    	0.068125  	0.04375  	0.0914062
116	25    	0.0762812 	0.04375  	0.113281 
117	25    	0.075     	0.053125 	0.110156 
118	25    	0.0738125 	0.0539063	0.096875 
119	25    	0.0724063 	0.05     	0.119531 
120	25    	0.0719375 	0.0554687	0.096875 
121	25    	0.0721562 	0.0484375	0.100781 
122	25    	0.0756562 	0.053125 	0.100781 
123	25    	0.084375  	0.0554687	0.146875 
124	25    	0.0716563 	0.0445312	0.105469 
125	25    	0.0825938 	0.053125 	0.130469 
126	25    	0.0760313 	0.0390625	0.124219 
127	25    	0.0704375 	0.05     	0.0984375
128	25    	0.0720625 	0.0460938	0.108594 
129	25    	0.0748125 	0.0507812	0.117188 
130	25    	0.0714063 	0.0507812	0.105469 
131	25    	0.075625  	0.0507812	0.103125 
132	25    	0.074     	0.05     	0.108594 
133	25    	0.0751875 	0.0484375	0.104687 
134	25    	0.0741562 	0.0460938	0.101562 
135	25    	0.0764688 	0.05     	0.104687 
136	25    	0.076125  	0.0484375	0.1125   
137	25    	0.0759688 	0.0484375	0.107031 
138	25    	0.075125  	0.0460938	0.107813 
139	25    	0.0719062 	0.0484375	0.107031 
140	25    	0.0755938 	0.0523437	0.1375   
141	25    	0.075625  	0.0492188	0.119531 
142	25    	0.079875  	0.0578125	0.111719 
143	25    	0.0760625 	0.046875 	0.123438 
144	25    	0.0735937 	0.0445312	0.132812 
145	25    	0.0729688 	0.0484375	0.103906 
146	25    	0.0686562 	0.0460938	0.13125  
147	25    	0.0797188 	0.0421875	0.141406 
148	25    	0.0729688 	0.0414063	0.10625  
149	25    	0.0713438 	0.0476562	0.0984375
150	25    	0.0719688 	0.04375  	0.116406 
151	25    	0.0772813 	0.0546875	0.110937 
152	25    	0.0725    	0.0476562	0.110937 
153	25    	0.0721563 	0.0476562	0.101562 
154	25    	0.0778437 	0.0476562	0.1      
155	25    	0.0755937 	0.0585938	0.107031 
156	25    	0.07275   	0.0453125	0.125    
157	25    	0.0732187 	0.0414063	0.111719 
158	25    	0.07575   	0.0445312	0.146875 
159	25    	0.0712812 	0.0460938	0.104687 
160	25    	0.0732187 	0.0390625	0.114844 
161	25    	0.07375   	0.0570313	0.11875  
162	25    	0.0685625 	0.046875 	0.0960938
163	25    	0.0691562 	0.0515625	0.0929687
164	25    	0.0834063 	0.0625   	0.114844 
165	25    	0.07225   	0        	0.133594 
166	25    	0.0700625 	0.0507812	0.0976562
167	25    	0.075875  	0.0476562	0.117188 
168	25    	0.0770313 	0.0476562	0.107031 
169	25    	0.0732187 	0.0539063	0.117188 
170	25    	0.0724687 	0.0476562	0.107031 
171	25    	0.0756562 	0.0554687	0.114844 
172	25    	0.0742813 	0.04375  	0.129688 
173	25    	0.0711875 	0.0421875	0.117188 
174	25    	0.0805313 	0.046875 	0.135156 
175	25    	0.0682188 	0.0078125	0.138281 
176	25    	0.0734375 	0.0515625	0.115625 
177	25    	0.0686563 	0        	0.1125   
178	25    	0.0725938 	0.04375  	0.132812 
179	25    	0.0691875 	0        	0.11875  
180	25    	0.069     	0.0078125	0.111719 
181	25    	0.0682813 	0        	0.103125 
182	25    	0.0706875 	0.0515625	0.105469 
183	25    	0.0717812 	0        	0.146875 
184	25    	0.0662813 	0        	0.128906 
185	25    	0.0678125 	0        	0.110156 
186	25    	0.0690937 	0.0078125	0.101562 
187	25    	0.065625  	0        	0.0984375
188	25    	0.0768437 	0.046875 	0.100781 
189	25    	0.070125  	0        	0.108594 
190	25    	0.066125  	0        	0.0960938
191	25    	0.062625  	0        	0.108594 
192	25    	0.073375  	0.0515625	0.10625  
193	25    	0.071     	0.046875 	0.0960938
194	25    	0.0724688 	0.0390625	0.102344 
195	25    	0.0733437 	0.05     	0.0921875
196	25    	0.0788438 	0.0445312	0.120312 
197	25    	0.0642188 	0        	0.0976562
198	25    	0.0720937 	0.0421875	0.107031 
199	25    	0.0756562 	0.0476562	0.108594 
200	25    	0.0775    	0.0453125	0.132812 
201	25    	0.07475   	0.0492188	0.1125   
202	25    	0.071625  	0        	0.1      
203	25    	0.0749375 	0.0421875	0.121875 
204	25    	0.0762188 	0.0507812	0.111719 
205	25    	0.08575   	0.0570313	0.124219 
206	25    	0.0751563 	0.0484375	0.107813 
207	25    	0.0717187 	0.05625  	0.110937 
208	25    	0.0735    	0.046875 	0.121875 
209	25    	0.0718438 	0.04375  	0.100781 
210	25    	0.074     	0.05625  	0.0984375
211	25    	0.0732813 	0.046875 	0.103906 
212	25    	0.0735312 	0.0484375	0.101562 
213	25    	0.073625  	0.0515625	0.125    
214	25    	0.07675   	0.046875 	0.107031 
215	25    	0.07      	0.046875 	0.0898438
216	25    	0.0749062 	0.0523437	0.113281 
217	25    	0.0728125 	0.046875 	0.100781 
218	25    	0.0730313 	0.0453125	0.110937 
219	25    	0.0760625 	0.0453125	0.116406 
220	25    	0.0763438 	0.0476562	0.130469 
221	25    	0.0729375 	0.0453125	0.1      
222	25    	0.0740937 	0.053125 	0.115625 
223	25    	0.071375  	0.0414063	0.114063 
224	25    	0.07225   	0.0460938	0.1125   
225	25    	0.0799687 	0.046875 	0.1375   
226	25    	0.0723125 	0.0546875	0.110937 
227	25    	0.0756562 	0.0445312	0.116406 
228	25    	0.0771563 	0.0429688	0.10625  
229	25    	0.06875   	0.0453125	0.107031 
230	25    	0.0797812 	0.0515625	0.114063 
231	25    	0.076625  	0.0476562	0.117188 
232	25    	0.0719688 	0.0414063	0.110937 
233	25    	0.075125  	0.04375  	0.120312 
234	25    	0.0729687 	0.040625 	0.0992187
235	25    	0.0774375 	0.0421875	0.107813 
236	25    	0.0815625 	0.0460938	0.116406 
237	25    	0.07325   	0.0515625	0.10625  
238	25    	0.0759063 	0.04375  	0.119531 
239	25    	0.0695937 	0.04375  	0.0921875
240	25    	0.0719062 	0.0507812	0.0984375
241	25    	0.075625  	0.05     	0.0960938
242	25    	0.07475   	0.0507812	0.1125   
243	25    	0.0720312 	0.0414063	0.117188 
244	25    	0.0800625 	0.0539063	0.125781 
245	25    	0.0721563 	0.0414063	0.0929687
246	25    	0.0765937 	0.0476562	0.114844 
247	25    	0.0706562 	0.0460938	0.123438 
248	25    	0.077125  	0.0445312	0.117969 
249	25    	0.0744688 	0.0453125	0.116406 
250	25    	0.0747813 	0.0476562	0.105469 
251	25    	0.0685937 	0.0445312	0.13125  
252	25    	0.0785937 	0.0492188	0.108594 
253	25    	0.0711875 	0.0453125	0.0953125
254	25    	0.0803125 	0.0460938	0.114844 
255	25    	0.0748125 	0.046875 	0.11875  
256	25    	0.0775313 	0.05     	0.13125  
257	25    	0.071125  	0.0445312	0.110156 
258	25    	0.0749063 	0        	0.113281 
259	25    	0.0742812 	0.05     	0.096875 
260	25    	0.0782188 	0.046875 	0.107031 
261	25    	0.0766562 	0.0429688	0.109375 
262	25    	0.0750937 	0.0460938	0.111719 
263	25    	0.0749375 	0.05     	0.103125 
264	25    	0.0699688 	0.0460938	0.107813 
265	25    	0.070375  	0.0078125	0.114844 
266	25    	0.0736875 	0.0453125	0.139844 
267	25    	0.0710312 	0.0078125	0.100781 
268	25    	0.0805    	0.0523437	0.110156 
269	25    	0.0725312 	0.0476562	0.110156 
270	25    	0.074375  	0.0421875	0.140625 
271	25    	0.0718125 	0.0398437	0.0914062
272	25    	0.0755938 	0.0453125	0.103906 
273	25    	0.0719687 	0.0078125	0.127344 
274	25    	0.0749375 	0.0570313	0.104687 
275	25    	0.0689375 	0.0078125	0.0992187
276	25    	0.0749375 	0.0429688	0.103906 
277	25    	0.06975   	0.0523437	0.107813 
278	25    	0.0722187 	0.0078125	0.125    
279	25    	0.0677187 	0.0078125	0.0976562
280	25    	0.071125  	0.05     	0.0867188
281	25    	0.0760625 	0.0476562	0.111719 
282	25    	0.0774688 	0.046875 	0.1125   
283	25    	0.077125  	0.059375 	0.108594 
284	25    	0.0790625 	0.0078125	0.105469 
285	25    	0.078875  	0.0554687	0.135156 
286	25    	0.070875  	0.0078125	0.0992187
287	25    	0.0733438 	0.05     	0.115625 
288	25    	0.0755312 	0.04375  	0.113281 
289	25    	0.0814375 	0.0460938	0.121875 
290	25    	0.0735    	0.0546875	0.103906 
291	25    	0.0775313 	0.0078125	0.110937 
292	25    	0.0734375 	0.0546875	0.0953125
293	25    	0.0698438 	0.0460938	0.0976562
294	25    	0.074     	0.0414063	0.102344 
295	25    	0.0751562 	0.0078125	0.127344 
296	25    	0.0725    	0.0414063	0.0976562
297	25    	0.0748125 	0.0078125	0.107813 
298	25    	0.0793125 	0.0492188	0.111719 
299	25    	0.0703438 	0.0453125	0.103906 
300	25    	0.0749063 	0.0484375	0.114063 
301	25    	0.0739375 	0.0078125	0.128906 
302	25    	0.0769375 	0.0476562	0.1      
303	25    	0.0683437 	0.0078125	0.096875 
304	25    	0.0706563 	0.0414063	0.102344 
305	25    	0.07725   	0.0539063	0.107813 
306	25    	0.0759063 	0.0492188	0.110937 
307	25    	0.07525   	0.0453125	0.133594 
308	25    	0.0701875 	0.0507812	0.103906 
309	25    	0.0725313 	0.0414063	0.103906 
310	25    	0.0736563 	0.04375  	0.102344 
311	25    	0.071875  	0.0484375	0.102344 
312	25    	0.0795    	0.0476562	0.128125 
313	25    	0.069875  	0.0507812	0.103906 
314	25    	0.072875  	0.0546875	0.1125   
315	25    	0.0758438 	0.0421875	0.102344 
316	25    	0.0769063 	0.0453125	0.111719 
317	25    	0.082     	0.0507812	0.139062 
318	25    	0.077375  	0.05     	0.11875  
319	25    	0.0705625 	0.04375  	0.102344 
320	25    	0.0745937 	0.0414063	0.1125   
321	25    	0.0749375 	0.0476562	0.109375 
322	25    	0.0775625 	0.0554687	0.10625  
323	25    	0.0772812 	0.0484375	0.117969 
324	25    	0.0741875 	0.0523437	0.114844 
325	25    	0.0757187 	0.0484375	0.104687 
326	25    	0.071875  	0.0476562	0.117188 
327	25    	0.0800625 	0.0484375	0.109375 
328	25    	0.0777813 	0.046875 	0.117188 
329	25    	0.0697188 	0.0507812	0.100781 
330	25    	0.0739063 	0.046875 	0.114844 
331	25    	0.076     	0.0445312	0.108594 
332	25    	0.0763125 	0.0453125	0.105469 
333	25    	0.0740937 	0.05     	0.100781 
334	25    	0.0732812 	0.046875 	0.1      
335	25    	0.0730625 	0.0421875	0.108594 
336	25    	0.0771875 	0.0539063	0.121094 
337	25    	0.0687813 	0.046875 	0.0859375
338	25    	0.0720938 	0.046875 	0.132031 
339	25    	0.0730938 	0.046875 	0.108594 
340	25    	0.077125  	0.0460938	0.103906 
341	25    	0.07075   	0.05     	0.0976562
342	25    	0.0718125 	0.0515625	0.125781 
343	25    	0.0770312 	0.0523437	0.120312 
344	25    	0.0740313 	0.0453125	0.103125 
345	25    	0.0700938 	0.04375  	0.113281 
346	25    	0.0749688 	0.0570313	0.110156 
347	25    	0.0731875 	0.0507812	0.111719 
348	25    	0.0714375 	0.0515625	0.111719 
349	25    	0.0739063 	0.0476562	0.107813 
350	25    	0.0739688 	0.0414063	0.111719 
351	25    	0.0766875 	0.0414063	0.146875 
352	25    	0.0731562 	0.0453125	0.103125 
353	25    	0.0714687 	0.046875 	0.109375 
354	25    	0.0689375 	0.0421875	0.0960938
355	25    	0.0776875 	0.0515625	0.116406 
356	25    	0.0730625 	0.0078125	0.115625 
357	25    	0.0705938 	0.053125 	0.116406 
358	25    	0.0738125 	0.0476562	0.103125 
359	25    	0.0706563 	0.0515625	0.0976562
360	25    	0.0739063 	0.0507812	0.103906 
361	25    	0.0765625 	0.0445312	0.11875  
362	25    	0.0694688 	0.0078125	0.107813 
363	25    	0.0750937 	0.0078125	0.109375 
364	25    	0.0689688 	0.0492188	0.103125 
365	25    	0.0764062 	0.0523437	0.1      
366	25    	0.0711875 	0.0476562	0.101562 
367	25    	0.0710625 	0.0453125	0.111719 
368	25    	0.0744688 	0.0507812	0.114844 
369	25    	0.0772187 	0.04375  	0.117188 
370	25    	0.0695    	0.0492188	0.0890625
371	25    	0.0789688 	0.0515625	0.119531 
372	25    	0.0719688 	0.046875 	0.10625  
373	25    	0.0734688 	0.0492188	0.104687 
374	25    	0.0710937 	0.0429688	0.0953125
375	25    	0.0754687 	0.0554687	0.104687 
376	25    	0.0710937 	0.0078125	0.110937 
377	25    	0.0749063 	0.0492188	0.103125 
378	25    	0.078875  	0.05     	0.125781 
379	25    	0.0729375 	0.0429688	0.105469 
380	25    	0.0732813 	0.04375  	0.1      
381	25    	0.0731875 	0.0492188	0.117969 
382	25    	0.0785625 	0.0445312	0.115625 
383	25    	0.0765937 	0.0523437	0.103125 
384	25    	0.0731875 	0.0078125	0.104687 
385	25    	0.0740937 	0.0523437	0.110156 
386	25    	0.0718125 	0.040625 	0.0953125
387	25    	0.0663125 	0.0078125	0.104687 
388	25    	0.0811875 	0.0484375	0.128125 
389	25    	0.0785    	0.0421875	0.104687 
390	25    	0.0744687 	0.0484375	0.111719 
391	25    	0.0737813 	0.046875 	0.1125   
392	25    	0.0729688 	0.0460938	0.110156 
393	25    	0.0773438 	0.0398437	0.123438 
394	25    	0.0726875 	0.0507812	0.10625  
395	25    	0.0707188 	0.0453125	0.103906 
396	25    	0.0759688 	0.0078125	0.114063 
397	25    	0.0731875 	0.053125 	0.0992187
398	25    	0.0755938 	0.053125 	0.122656 
399	25    	0.0728437 	0.05     	0.102344 
400	25    	0.0783437 	0.0476562	0.113281 
401	25    	0.0749687 	0.0445312	0.104687 
402	25    	0.0716562 	0.040625 	0.109375 
403	25    	0.0700938 	0.0445312	0.105469 
404	25    	0.0669687 	0.0078125	0.0953125
405	25    	0.0754375 	0.0523437	0.113281 
406	25    	0.07425   	0.0515625	0.0984375
407	25    	0.0707812 	0.040625 	0.128906 
408	25    	0.0719687 	0.0507812	0.110937 
409	25    	0.075625  	0.05     	0.1      
410	25    	0.0715625 	0.0414063	0.116406 
411	25    	0.075375  	0.0476562	0.115625 
412	25    	0.07375   	0.046875 	0.121094 
413	25    	0.0699375 	0.0078125	0.110156 
414	25    	0.0668125 	0.0078125	0.0984375
415	25    	0.0787813 	0.0429688	0.109375 
416	25    	0.0682188 	0.0453125	0.100781 
417	25    	0.07875   	0.059375 	0.107813 
418	25    	0.0714375 	0.0078125	0.104687 
419	25    	0.0725625 	0.0078125	0.117188 
420	25    	0.0714688 	0.0460938	0.103906 
421	25    	0.0681562 	0.0078125	0.113281 
422	25    	0.0778125 	0.0507812	0.139844 
423	25    	0.0734062 	0.0484375	0.120312 
424	25    	0.0746875 	0.0515625	0.107031 
425	25    	0.0744062 	0.0445312	0.103125 
426	25    	0.0750937 	0.0523437	0.13125  
427	25    	0.0715625 	0.0078125	0.1      
428	25    	0.0750625 	0.046875 	0.121094 
429	25    	0.068625  	0.0078125	0.1125   
430	25    	0.0750313 	0.0460938	0.111719 
431	25    	0.073875  	0.040625 	0.0984375
432	25    	0.0778438 	0.0453125	0.124219 
433	25    	0.0753438 	0.0484375	0.115625 
434	25    	0.0758125 	0.0507812	0.104687 
435	25    	0.0817187 	0.0546875	0.109375 
436	25    	0.0791875 	0.0539063	0.123438 
437	25    	0.0739375 	0.0078125	0.096875 
438	25    	0.06675   	0.046875 	0.0953125
439	25    	0.0815312 	0.0078125	0.132031 
440	25    	0.0755625 	0.0492188	0.114844 
441	25    	0.0705625 	0.0078125	0.103125 
442	25    	0.0646875 	0.0078125	0.0914062
443	25    	0.0703125 	0.0078125	0.129688 
444	25    	0.072625  	0.0445312	0.096875 
445	25    	0.071     	0.046875 	0.105469 
446	25    	0.0693125 	0.0078125	0.096875 
447	25    	0.07875   	0.0523437	0.116406 
448	25    	0.0723437 	0.0078125	0.109375 
449	25    	0.0688125 	0.0078125	0.120312 
450	25    	0.06725   	0.0078125	0.105469 
451	25    	0.0738125 	0.0078125	0.132031 
452	25    	0.074     	0.0078125	0.105469 
453	25    	0.0716563 	0.0078125	0.0960938
454	25    	0.0714688 	0.0507812	0.102344 
455	25    	0.0730938 	0.0078125	0.109375 
456	25    	0.0689375 	0.0078125	0.096875 
457	25    	0.0688125 	0.0078125	0.105469 
458	25    	0.0795    	0.0398437	0.115625 
459	25    	0.0779375 	0.0414063	0.129688 
460	25    	0.073875  	0.0078125	0.134375 
461	25    	0.0770938 	0.053125 	0.103125 
462	25    	0.0803438 	0.0507812	0.114063 
463	25    	0.074625  	0.0078125	0.109375 
464	25    	0.071125  	0.0445312	0.114844 
465	25    	0.06975   	0.0078125	0.1      
466	25    	0.0645937 	0.0078125	0.0898438
467	25    	0.0690938 	0.0078125	0.115625 
468	25    	0.0780625 	0.0078125	0.121875 
469	25    	0.076     	0.04375  	0.114844 
470	25    	0.076375  	0.05     	0.111719 
471	25    	0.0581875 	0.0078125	0.0890625
472	25    	0.07825   	0.0484375	0.1125   
473	25    	0.0732187 	0.0390625	0.128906 
474	25    	0.0783438 	0.0515625	0.127344 
475	25    	0.079375  	0.0539063	0.103125 
476	25    	0.0700312 	0.0078125	0.10625  
477	25    	0.0722188 	0.046875 	0.111719 
478	25    	0.0722188 	0.0445312	0.114063 
479	25    	0.0698125 	0.0078125	0.103906 
480	25    	0.0669375 	0.0078125	0.0984375
481	25    	0.075875  	0.0476562	0.108594 
482	25    	0.0817813 	0.0539063	0.139062 
483	25    	0.06475   	0.0078125	0.0929687
484	25    	0.0689063 	0.0078125	0.0898438
485	25    	0.0676875 	0.0078125	0.122656 
486	25    	0.0723438 	0.0078125	0.128125 
487	25    	0.0654687 	0.0078125	0.116406 
488	25    	0.068125  	0.0078125	0.115625 
489	25    	0.0622187 	0.0078125	0.123438 
490	25    	0.0755    	0.0078125	0.113281 
491	25    	0.066875  	0.0078125	0.103125 
492	25    	0.0698438 	0.0078125	0.11875  
493	25    	0.073     	0.0078125	0.110156 
494	25    	0.0768438 	0.0492188	0.135937 
495	25    	0.07075   	0.0078125	0.113281 
496	25    	0.0695625 	0.0078125	0.120312 
497	25    	0.0737812 	0.0523437	0.105469 
498	25    	0.0713438 	0.0078125	0.107031 
499	25    	0.0744687 	0.0492188	0.117969 
500	25    	0.0763125 	0.0523437	0.107813 