gen	nevals	avg    	min    	max    
0  	25    	2162.5 	810.96 	2826.16
1  	25    	2409.7 	810.96 	2826.16
2  	25    	2543.69	2159.44	2846.48
3  	25    	2557.36	2159.44	2846.48
4  	25    	2593.56	2254.56	2846.48
5  	25    	2604.4 	2268.48	2846.48
6  	25    	2643.88	2268.48	3213.04
7  	25    	2656.01	2473.92	3213.04
8  	25    	2667.88	2473.92	3213.04
9  	25    	2667.88	2473.92	3213.04
10 	25    	2668.01	2473.92	3213.04
11 	25    	2674.3 	2473.92	3213.04
12 	25    	2683.39	2473.92	3213.04
13 	25    	2699.21	2473.92	3213.04
14 	25    	2714.2 	2473.92	3213.04
15 	25    	2730.17	2487.92	3213.04
16 	25    	2747.15	2506.48	3213.04
17 	25    	2747.15	2506.48	3213.04
18 	25    	2789.87	2506.48	3249.04
19 	25    	2797.26	2506.48	3249.04
20 	25    	2797.26	2506.48	3249.04
21 	25    	2797.26	2506.48	3249.04
22 	25    	2797.26	2506.48	3249.04
23 	25    	2809.98	2506.48	3249.04
24 	25    	2830.22	2506.48	3249.04
25 	25    	2832.06	2506.48	3249.04
26 	25    	2832.06	2506.48	3249.04
27 	25    	2832.54	2506.48	3249.04
28 	25    	2835.66	2506.48	3249.04
29 	25    	2880.18	2506.48	3362.96
30 	25    	2880.18	2506.48	3362.96
31 	25    	2880.18	2506.48	3362.96
32 	25    	2880.18	2506.48	3362.96
33 	25    	2880.18	2506.48	3362.96
34 	25    	2880.18	2506.48	3362.96
35 	25    	2880.18	2506.48	3362.96
36 	25    	2886.68	2506.48	3362.96
37 	25    	2886.68	2506.48	3362.96
38 	25    	2889.03	2506.48	3362.96
39 	25    	2891.19	2506.48	3362.96
40 	25    	2891.19	2506.48	3362.96
41 	25    	2891.19	2506.48	3362.96
42 	25    	2905.33	2506.48	3362.96
43 	25    	2905.33	2506.48	3362.96
44 	25    	2905.33	2506.48	3362.96
45 	25    	2905.33	2506.48	3362.96
46 	25    	2905.33	2506.48	3362.96
47 	25    	2905.33	2506.48	3362.96
48 	25    	2905.33	2506.48	3362.96
49 	25    	2905.33	2506.48	3362.96
50 	25    	2908.28	2506.48	3362.96
51 	25    	2908.28	2506.48	3362.96
52 	25    	2909.24	2530.48	3362.96
53 	25    	2909.24	2530.48	3362.96
54 	25    	2909.24	2530.48	3362.96
55 	25    	2909.24	2530.48	3362.96
56 	25    	2909.24	2530.48	3362.96
57 	25    	2909.24	2530.48	3362.96
58 	25    	2909.24	2530.48	3362.96
59 	25    	2911.46	2530.48	3362.96
60 	25    	2911.46	2530.48	3362.96
61 	25    	2911.46	2530.48	3362.96
62 	25    	2931.6 	2530.48	3614.08
63 	25    	2931.6 	2530.48	3614.08
64 	25    	2931.6 	2530.48	3614.08
65 	25    	2931.6 	2530.48	3614.08
66 	25    	2931.6 	2530.48	3614.08
67 	25    	2938.07	2530.48	3614.08
68 	25    	2938.07	2530.48	3614.08
69 	25    	2942.54	2530.48	3614.08
70 	25    	2942.54	2530.48	3614.08
71 	25    	2950.86	2609.76	3614.08
72 	25    	2950.86	2609.76	3614.08
73 	25    	2950.86	2609.76	3614.08
74 	25    	2950.86	2609.76	3614.08
75 	25    	2950.86	2609.76	3614.08
76 	25    	2950.86	2609.76	3614.08
77 	25    	2951.82	2609.76	3614.08
78 	25    	2953.44	2609.76	3614.08
79 	25    	2987.05	2609.76	3614.08
80 	25    	2987.69	2625.84	3614.08
81 	25    	2987.69	2625.84	3614.08
82 	25    	2987.69	2625.84	3614.08
83 	25    	2987.69	2625.84	3614.08
84 	25    	2987.69	2625.84	3614.08
85 	25    	2987.69	2625.84	3614.08
86 	25    	2987.69	2625.84	3614.08
87 	25    	2987.69	2625.84	3614.08
88 	25    	2987.69	2625.84	3614.08
89 	25    	2987.69	2625.84	3614.08
90 	25    	2987.69	2625.84	3614.08
91 	25    	2987.69	2625.84	3614.08
92 	25    	3010.58	2625.84	3614.08
93 	25    	3010.58	2625.84	3614.08
94 	25    	3010.58	2625.84	3614.08
95 	25    	3010.58	2625.84	3614.08
96 	25    	3011.39	2646.16	3614.08
97 	25    	3011.39	2646.16	3614.08
98 	25    	3011.39	2646.16	3614.08
99 	25    	3011.39	2646.16	3614.08
100	25    	3011.39	2646.16	3614.08
101	25    	3018.04	2660.08	3614.08
102	25    	3026.87	2660.08	3614.08
103	25    	3026.87	2660.08	3614.08
104	25    	3026.87	2660.08	3614.08
105	25    	3032.99	2660.08	3614.08
106	25    	3032.99	2660.08	3614.08
107	25    	3032.99	2660.08	3614.08
108	25    	3032.99	2660.08	3614.08
109	25    	3032.99	2660.08	3614.08
110	25    	3032.99	2660.08	3614.08
111	25    	3038.25	2660.08	3614.08
112	25    	3038.25	2660.08	3614.08
113	25    	3038.25	2660.08	3614.08
114	25    	3038.25	2660.08	3614.08
115	25    	3038.25	2660.08	3614.08
116	25    	3038.25	2660.08	3614.08
117	25    	3038.25	2660.08	3614.08
118	25    	3038.25	2660.08	3614.08
119	25    	3040.53	2660.08	3614.08
120	25    	3040.53	2660.08	3614.08
121	25    	3040.53	2660.08	3614.08
122	25    	3040.53	2660.08	3614.08
123	25    	3040.53	2660.08	3614.08
124	25    	3043.75	2660.08	3614.08
125	25    	3043.75	2660.08	3614.08
126	25    	3043.75	2660.08	3614.08
127	25    	3043.75	2660.08	3614.08
128	25    	3043.75	2660.08	3614.08
129	25    	3076.05	2660.08	3689.04
130	25    	3076.05	2660.08	3689.04
131	25    	3076.05	2660.08	3689.04
132	25    	3076.05	2660.08	3689.04
133	25    	3076.05	2660.08	3689.04
134	25    	3076.05	2660.08	3689.04
135	25    	3076.05	2660.08	3689.04
136	25    	3076.05	2660.08	3689.04
137	25    	3076.05	2660.08	3689.04
138	25    	3076.05	2660.08	3689.04
139	25    	3076.05	2660.08	3689.04
140	25    	3076.05	2660.08	3689.04
141	25    	3076.05	2660.08	3689.04
142	25    	3076.05	2660.08	3689.04
143	25    	3076.05	2660.08	3689.04
144	25    	3076.05	2660.08	3689.04
145	25    	3076.05	2660.08	3689.04
146	25    	3081.48	2660.08	3689.04
147	25    	3081.48	2660.08	3689.04
148	25    	3081.48	2660.08	3689.04
149	25    	3081.48	2660.08	3689.04
150	25    	3081.48	2660.08	3689.04
151	25    	3081.48	2660.08	3689.04
152	25    	3081.48	2660.08	3689.04
153	25    	3081.48	2660.08	3689.04
154	25    	3081.48	2660.08	3689.04
155	25    	3081.48	2660.08	3689.04
156	25    	3081.75	2660.08	3689.04
157	25    	3081.75	2660.08	3689.04
158	25    	3081.75	2660.08	3689.04
159	25    	3081.75	2660.08	3689.04
160	25    	3081.75	2660.08	3689.04
161	25    	3081.75	2660.08	3689.04
162	25    	3081.75	2660.08	3689.04
163	25    	3091.28	2776.16	3689.04
164	25    	3091.28	2776.16	3689.04
165	25    	3091.28	2776.16	3689.04
166	25    	3091.28	2776.16	3689.04
167	25    	3091.28	2776.16	3689.04
168	25    	3091.28	2776.16	3689.04
169	25    	3091.28	2776.16	3689.04
170	25    	3091.84	2776.16	3689.04
171	25    	3091.84	2776.16	3689.04
172	25    	3091.84	2776.16	3689.04
173	25    	3091.84	2776.16	3689.04
174	25    	3091.84	2776.16	3689.04
175	25    	3091.84	2776.16	3689.04
176	25    	3091.84	2776.16	3689.04
177	25    	3091.84	2776.16	3689.04
178	25    	3091.84	2776.16	3689.04
179	25    	3091.84	2776.16	3689.04
180	25    	3091.84	2776.16	3689.04
181	25    	3091.84	2776.16	3689.04
182	25    	3091.84	2776.16	3689.04
183	25    	3095.4 	2776.16	3689.04
184	25    	3095.4 	2776.16	3689.04
185	25    	3095.4 	2776.16	3689.04
186	25    	3096.47	2776.16	3689.04
187	25    	3096.47	2776.16	3689.04
188	25    	3096.47	2776.16	3689.04
189	25    	3096.47	2776.16	3689.04
190	25    	3096.47	2776.16	3689.04
191	25    	3096.47	2776.16	3689.04
192	25    	3096.47	2776.16	3689.04
193	25    	3096.47	2776.16	3689.04
194	25    	3096.47	2776.16	3689.04
195	25    	3096.47	2776.16	3689.04
196	25    	3096.47	2776.16	3689.04
197	25    	3098.3 	2776.16	3689.04
198	25    	3098.3 	2776.16	3689.04
199	25    	3098.86	2776.16	3689.04
200	25    	3098.86	2776.16	3689.04
201	25    	3113.94	2776.16	3689.04
202	25    	3113.94	2776.16	3689.04
203	25    	3114.51	2790.32	3689.04
204	25    	3114.51	2790.32	3689.04
205	25    	3114.51	2790.32	3689.04
206	25    	3114.51	2790.32	3689.04
207	25    	3114.51	2790.32	3689.04
208	25    	3114.51	2790.32	3689.04
209	25    	3131.14	2790.32	3689.04
210	25    	3131.14	2790.32	3689.04
211	25    	3131.14	2790.32	3689.04
212	25    	3140.26	2790.32	3689.04
213	25    	3140.26	2790.32	3689.04
214	25    	3140.26	2790.32	3689.04
215	25    	3140.26	2790.32	3689.04
216	25    	3140.26	2790.32	3689.04
217	25    	3140.26	2790.32	3689.04
218	25    	3140.26	2790.32	3689.04
219	25    	3140.26	2790.32	3689.04
220	25    	3140.26	2790.32	3689.04
221	25    	3140.26	2790.32	3689.04
222	25    	3140.26	2790.32	3689.04
223	25    	3140.26	2790.32	3689.04
224	25    	3140.26	2790.32	3689.04
225	25    	3146.92	2790.32	3689.04
226	25    	3146.92	2790.32	3689.04
227	25    	3146.92	2790.32	3689.04
228	25    	3146.92	2790.32	3689.04
229	25    	3146.92	2790.32	3689.04
230	25    	3146.92	2790.32	3689.04
231	25    	3146.92	2790.32	3689.04
232	25    	3146.92	2790.32	3689.04
233	25    	3146.92	2790.32	3689.04
234	25    	3146.92	2790.32	3689.04
235	25    	3146.92	2790.32	3689.04
236	25    	3146.92	2790.32	3689.04
237	25    	3146.92	2790.32	3689.04
238	25    	3146.92	2790.32	3689.04
239	25    	3156.29	2790.32	3689.04
240	25    	3156.29	2790.32	3689.04
241	25    	3156.29	2790.32	3689.04
242	25    	3156.29	2790.32	3689.04
243	25    	3158.31	2790.32	3689.04
244	25    	3158.31	2790.32	3689.04
245	25    	3158.31	2790.32	3689.04
246	25    	3158.31	2790.32	3689.04
247	25    	3158.31	2790.32	3689.04
248	25    	3158.31	2790.32	3689.04
249	25    	3158.31	2790.32	3689.04
250	25    	3158.31	2790.32	3689.04
251	25    	3158.31	2790.32	3689.04
252	25    	3158.31	2790.32	3689.04
253	25    	3158.31	2790.32	3689.04
254	25    	3158.31	2790.32	3689.04
255	25    	3158.31	2790.32	3689.04
256	25    	3165.4 	2790.32	3689.04
257	25    	3165.4 	2790.32	3689.04
258	25    	3165.4 	2790.32	3689.04
259	25    	3165.4 	2790.32	3689.04
260	25    	3181.84	2790.32	3689.04
261	25    	3183.31	2790.32	3689.04
262	25    	3183.31	2790.32	3689.04
263	25    	3183.31	2790.32	3689.04
264	25    	3183.31	2790.32	3689.04
265	25    	3183.31	2790.32	3689.04
266	25    	3187.34	2837.84	3689.04
267	25    	3187.34	2837.84	3689.04
268	25    	3189.82	2837.84	3689.04
269	25    	3189.82	2837.84	3689.04
270	25    	3189.82	2837.84	3689.04
271	25    	3190.86	2837.84	3689.04
272	25    	3190.86	2837.84	3689.04
273	25    	3202.17	2837.84	3689.04
274	25    	3202.17	2837.84	3689.04
275	25    	3202.17	2837.84	3689.04
276	25    	3202.17	2837.84	3689.04
277	25    	3202.17	2837.84	3689.04
278	25    	3216.55	2837.84	3689.04
279	25    	3216.72	2837.84	3689.04
280	25    	3216.72	2837.84	3689.04
281	25    	3216.72	2837.84	3689.04
282	25    	3224.1 	2837.84	3689.04
283	25    	3224.1 	2837.84	3689.04
284	25    	3224.1 	2837.84	3689.04
285	25    	3224.1 	2837.84	3689.04
286	25    	3224.1 	2837.84	3689.04
287	25    	3224.1 	2837.84	3689.04
288	25    	3231.45	2837.84	3689.04
289	25    	3231.45	2837.84	3689.04
290	25    	3231.45	2837.84	3689.04
291	25    	3231.45	2837.84	3689.04
292	25    	3244.48	2837.84	3811.52
293	25    	3244.48	2837.84	3811.52
294	25    	3244.48	2837.84	3811.52
295	25    	3244.48	2837.84	3811.52
296	25    	3244.48	2837.84	3811.52
297	25    	3244.48	2837.84	3811.52
298	25    	3253.94	2837.84	3811.52
299	25    	3253.94	2837.84	3811.52
300	25    	3253.94	2837.84	3811.52
301	25    	3253.94	2837.84	3811.52
302	25    	3253.94	2837.84	3811.52
303	25    	3253.94	2837.84	3811.52
304	25    	3253.94	2837.84	3811.52
305	25    	3253.94	2837.84	3811.52
306	25    	3253.94	2837.84	3811.52
307	25    	3253.94	2837.84	3811.52
308	25    	3253.94	2837.84	3811.52
309	25    	3253.94	2837.84	3811.52
310	25    	3253.94	2837.84	3811.52
311	25    	3253.94	2837.84	3811.52
312	25    	3253.94	2837.84	3811.52
313	25    	3253.94	2837.84	3811.52
314	25    	3253.94	2837.84	3811.52
315	25    	3253.94	2837.84	3811.52
316	25    	3253.94	2837.84	3811.52
317	25    	3253.94	2837.84	3811.52
318	25    	3253.94	2837.84	3811.52
319	25    	3258.05	2837.84	3811.52
320	25    	3258.05	2837.84	3811.52
321	25    	3258.05	2837.84	3811.52
322	25    	3258.05	2837.84	3811.52
323	25    	3258.05	2837.84	3811.52
324	25    	3258.05	2837.84	3811.52
325	25    	3258.05	2837.84	3811.52
326	25    	3258.05	2837.84	3811.52
327	25    	3269   	2905.6 	3811.52
328	25    	3272.44	2905.6 	3811.52
329	25    	3272.44	2905.6 	3811.52
330	25    	3272.44	2905.6 	3811.52
331	25    	3278.33	2905.6 	3811.52
332	25    	3288.28	2998   	3811.52
333	25    	3295.67	2998   	3811.52
334	25    	3295.67	2998   	3811.52
335	25    	3295.67	2998   	3811.52
336	25    	3303.39	2998   	3811.52
337	25    	3303.39	2998   	3811.52
338	25    	3303.39	2998   	3811.52
339	25    	3303.39	2998   	3811.52
340	25    	3303.39	2998   	3811.52
341	25    	3303.39	2998   	3811.52
342	25    	3303.39	2998   	3811.52
343	25    	3303.39	2998   	3811.52
344	25    	3303.39	2998   	3811.52
345	25    	3303.39	2998   	3811.52
346	25    	3303.39	2998   	3811.52
347	25    	3303.39	2998   	3811.52
348	25    	3303.39	2998   	3811.52
349	25    	3303.39	2998   	3811.52
350	25    	3303.39	2998   	3811.52
351	25    	3311.72	2998   	3811.52
352	25    	3311.72	2998   	3811.52
353	25    	3312.67	2998   	3811.52
354	25    	3312.67	2998   	3811.52
355	25    	3313.14	2998   	3811.52
356	25    	3313.14	2998   	3811.52
357	25    	3313.14	2998   	3811.52
358	25    	3313.14	2998   	3811.52
359	25    	3313.14	2998   	3811.52
360	25    	3313.14	2998   	3811.52
361	25    	3313.14	2998   	3811.52
362	25    	3313.14	2998   	3811.52
363	25    	3313.14	2998   	3811.52
364	25    	3313.14	2998   	3811.52
365	25    	3313.14	2998   	3811.52
366	25    	3313.14	2998   	3811.52
367	25    	3313.14	2998   	3811.52
368	25    	3313.14	2998   	3811.52
369	25    	3332.89	2998   	3811.52
370	25    	3332.89	2998   	3811.52
371	25    	3332.89	2998   	3811.52
372	25    	3334.67	2998   	3811.52
373	25    	3334.67	2998   	3811.52
374	25    	3334.67	2998   	3811.52
375	25    	3334.67	2998   	3811.52
376	25    	3334.67	2998   	3811.52
377	25    	3334.67	2998   	3811.52
378	25    	3334.67	2998   	3811.52
379	25    	3334.67	2998   	3811.52
380	25    	3334.67	2998   	3811.52
381	25    	3334.67	2998   	3811.52
382	25    	3334.67	2998   	3811.52
383	25    	3334.67	2998   	3811.52
384	25    	3334.67	2998   	3811.52
385	25    	3334.67	2998   	3811.52
386	25    	3334.67	2998   	3811.52
387	25    	3334.67	2998   	3811.52
388	25    	3334.67	2998   	3811.52
389	25    	3334.67	2998   	3811.52
390	25    	3334.67	2998   	3811.52
391	25    	3339.84	2998   	3940.8 
392	25    	3339.84	2998   	3940.8 
393	25    	3347.03	2998   	3940.8 
394	25    	3347.03	2998   	3940.8 
395	25    	3347.03	2998   	3940.8 
396	25    	3347.03	2998   	3940.8 
397	25    	3347.03	2998   	3940.8 
398	25    	3347.03	2998   	3940.8 
399	25    	3347.03	2998   	3940.8 
400	25    	3347.03	2998   	3940.8 
401	25    	3347.03	2998   	3940.8 
402	25    	3358.01	2998   	3940.8 
403	25    	3360.48	2998   	3940.8 
404	25    	3360.48	2998   	3940.8 
405	25    	3360.48	2998   	3940.8 
406	25    	3360.48	2998   	3940.8 
407	25    	3360.48	2998   	3940.8 
408	25    	3360.48	2998   	3940.8 
409	25    	3360.48	2998   	3940.8 
410	25    	3360.48	2998   	3940.8 
411	25    	3370.17	2998   	3940.8 
412	25    	3370.17	2998   	3940.8 
413	25    	3370.68	2998   	3940.8 
414	25    	3370.68	2998   	3940.8 
415	25    	3370.68	2998   	3940.8 
416	25    	3370.68	2998   	3940.8 
417	25    	3370.68	2998   	3940.8 
418	25    	3370.68	2998   	3940.8 
419	25    	3370.68	2998   	3940.8 
420	25    	3370.68	2998   	3940.8 
421	25    	3370.68	2998   	3940.8 
422	25    	3400.12	2998   	3940.8 
423	25    	3400.12	2998   	3940.8 
424	25    	3400.12	2998   	3940.8 
425	25    	3400.12	2998   	3940.8 
426	25    	3400.12	2998   	3940.8 
427	25    	3400.12	2998   	3940.8 
428	25    	3400.12	2998   	3940.8 
429	25    	3400.12	2998   	3940.8 
430	25    	3400.12	2998   	3940.8 
431	25    	3400.12	2998   	3940.8 
432	25    	3400.12	2998   	3940.8 
433	25    	3400.12	2998   	3940.8 
434	25    	3400.12	2998   	3940.8 
435	25    	3400.12	2998   	3940.8 
436	25    	3403.1 	2998   	3940.8 
437	25    	3403.1 	2998   	3940.8 
438	25    	3417.21	2998   	3940.8 
439	25    	3417.21	2998   	3940.8 
440	25    	3417.21	2998   	3940.8 
441	25    	3417.21	2998   	3940.8 
442	25    	3417.21	2998   	3940.8 
443	25    	3417.21	2998   	3940.8 
444	25    	3417.21	2998   	3940.8 
445	25    	3417.21	2998   	3940.8 
446	25    	3417.21	2998   	3940.8 
447	25    	3417.21	2998   	3940.8 
448	25    	3417.21	2998   	3940.8 
449	25    	3417.21	2998   	3940.8 
450	25    	3417.21	2998   	3940.8 
451	25    	3417.21	2998   	3940.8 
452	25    	3417.21	2998   	3940.8 
453	25    	3417.21	2998   	3940.8 
454	25    	3417.21	2998   	3940.8 
455	25    	3417.21	2998   	3940.8 
456	25    	3417.21	2998   	3940.8 
457	25    	3417.21	2998   	3940.8 
458	25    	3417.21	2998   	3940.8 
459	25    	3417.21	2998   	3940.8 
460	25    	3417.21	2998   	3940.8 
461	25    	3417.21	2998   	3940.8 
462	25    	3417.21	2998   	3940.8 
463	25    	3417.21	2998   	3940.8 
464	25    	3417.21	2998   	3940.8 
465	25    	3417.21	2998   	3940.8 
466	25    	3417.21	2998   	3940.8 
467	25    	3417.21	2998   	3940.8 
468	25    	3417.21	2998   	3940.8 
469	25    	3417.21	2998   	3940.8 
470	25    	3417.21	2998   	3940.8 
471	25    	3417.21	2998   	3940.8 
472	25    	3418.53	2998   	3940.8 
473	25    	3418.88	2998   	3940.8 
474	25    	3418.88	2998   	3940.8 
475	25    	3418.88	2998   	3940.8 
476	25    	3418.88	2998   	3940.8 
477	25    	3418.88	2998   	3940.8 
478	25    	3418.88	2998   	3940.8 
479	25    	3418.88	2998   	3940.8 
480	25    	3425.23	2998   	3940.8 
481	25    	3425.23	2998   	3940.8 
482	25    	3425.23	2998   	3940.8 
483	25    	3425.23	2998   	3940.8 
484	25    	3425.23	2998   	3940.8 
485	25    	3425.23	2998   	3940.8 
486	25    	3425.23	2998   	3940.8 
487	25    	3425.23	2998   	3940.8 
488	25    	3425.23	2998   	3940.8 
489	25    	3425.23	2998   	3940.8 
490	25    	3425.23	2998   	3940.8 
491	25    	3425.23	2998   	3940.8 
492	25    	3425.23	2998   	3940.8 
493	25    	3430.53	2998   	3940.8 
494	25    	3430.53	2998   	3940.8 
495	25    	3430.53	2998   	3940.8 
496	25    	3430.53	2998   	3940.8 
497	25    	3430.53	2998   	3940.8 
498	25    	3430.53	2998   	3940.8 
499	25    	3430.53	2998   	3940.8 
500	25    	3430.53	2998   	3940.8 
501	25    	3439.15	2998   	3940.8 
502	25    	3452.38	2998   	3940.8 
503	25    	3452.38	2998   	3940.8 
504	25    	3452.38	2998   	3940.8 
505	25    	3459.53	2998   	3940.8 
506	25    	3459.53	2998   	3940.8 
507	25    	3459.53	2998   	3940.8 
508	25    	3459.53	2998   	3940.8 
509	25    	3459.53	2998   	3940.8 
510	25    	3459.53	2998   	3940.8 
511	25    	3459.53	2998   	3940.8 
512	25    	3459.53	2998   	3940.8 
513	25    	3459.53	2998   	3940.8 
514	25    	3464.92	2998   	3940.8 
515	25    	3464.92	2998   	3940.8 
516	25    	3464.92	2998   	3940.8 
517	25    	3464.92	2998   	3940.8 
518	25    	3473.72	2998   	3940.8 
519	25    	3473.72	2998   	3940.8 
520	25    	3473.72	2998   	3940.8 
521	25    	3473.72	2998   	3940.8 
522	25    	3473.72	2998   	3940.8 
523	25    	3473.72	2998   	3940.8 
524	25    	3473.72	2998   	3940.8 
525	25    	3512.62	3165.44	4035.2 
526	25    	3512.62	3165.44	4035.2 
527	25    	3512.62	3165.44	4035.2 
528	25    	3512.62	3165.44	4035.2 
529	25    	3512.62	3165.44	4035.2 
530	25    	3522.15	3165.44	4035.2 
531	25    	3522.15	3165.44	4035.2 
532	25    	3522.15	3165.44	4035.2 
533	25    	3522.15	3165.44	4035.2 
534	25    	3522.15	3165.44	4035.2 
535	25    	3522.15	3165.44	4035.2 
536	25    	3522.15	3165.44	4035.2 
537	25    	3522.15	3165.44	4035.2 
538	25    	3522.15	3165.44	4035.2 
539	25    	3522.15	3165.44	4035.2 
540	25    	3522.15	3165.44	4035.2 
541	25    	3555.15	3165.44	4103.84
542	25    	3573.88	3165.44	4103.84
543	25    	3573.88	3165.44	4103.84
544	25    	3573.88	3165.44	4103.84
545	25    	3573.88	3165.44	4103.84
546	25    	3573.88	3165.44	4103.84
547	25    	3573.88	3165.44	4103.84
548	25    	3573.88	3165.44	4103.84
549	25    	3573.88	3165.44	4103.84
550	25    	3573.88	3165.44	4103.84
551	25    	3573.88	3165.44	4103.84
552	25    	3573.88	3165.44	4103.84
553	25    	3573.88	3165.44	4103.84
554	25    	3577.55	3165.44	4103.84
555	25    	3577.55	3165.44	4103.84
556	25    	3601.75	3165.44	4105.28
557	25    	3606.23	3165.44	4105.28
558	25    	3606.23	3165.44	4105.28
559	25    	3618.57	3165.44	4105.28
560	25    	3618.57	3165.44	4105.28
561	25    	3618.57	3165.44	4105.28
562	25    	3625.39	3165.44	4105.28
563	25    	3635.76	3165.44	4105.28
564	25    	3635.76	3165.44	4105.28
565	25    	3635.76	3165.44	4105.28
566	25    	3635.76	3165.44	4105.28
567	25    	3635.76	3165.44	4105.28
568	25    	3635.76	3165.44	4105.28
569	25    	3635.76	3165.44	4105.28
570	25    	3635.76	3165.44	4105.28
571	25    	3635.76	3165.44	4105.28
572	25    	3635.76	3165.44	4105.28
573	25    	3635.76	3165.44	4105.28
574	25    	3635.76	3165.44	4105.28
575	25    	3635.76	3165.44	4105.28
576	25    	3635.76	3165.44	4105.28
577	25    	3635.76	3165.44	4105.28
578	25    	3635.76	3165.44	4105.28
579	25    	3641.72	3165.44	4105.28
580	25    	3641.72	3165.44	4105.28
581	25    	3641.72	3165.44	4105.28
582	25    	3641.72	3165.44	4105.28
583	25    	3641.72	3165.44	4105.28
584	25    	3641.72	3165.44	4105.28
585	25    	3641.72	3165.44	4105.28
586	25    	3641.72	3165.44	4105.28
587	25    	3641.72	3165.44	4105.28
588	25    	3641.72	3165.44	4105.28
589	25    	3641.72	3165.44	4105.28
590	25    	3641.72	3165.44	4105.28
591	25    	3641.72	3165.44	4105.28
592	25    	3641.72	3165.44	4105.28
593	25    	3641.72	3165.44	4105.28
594	25    	3641.72	3165.44	4105.28
595	25    	3641.72	3165.44	4105.28
596	25    	3643.71	3165.44	4105.28
597	25    	3643.71	3165.44	4105.28
598	25    	3643.71	3165.44	4105.28
599	25    	3643.71	3165.44	4105.28
600	25    	3643.71	3165.44	4105.28
601	25    	3657.32	3165.44	4105.28
602	25    	3657.32	3165.44	4105.28
603	25    	3665.32	3165.44	4105.28
604	25    	3665.32	3165.44	4105.28
605	25    	3665.32	3165.44	4105.28
606	25    	3665.32	3165.44	4105.28
607	25    	3665.32	3165.44	4105.28
608	25    	3665.32	3165.44	4105.28
609	25    	3665.32	3165.44	4105.28
610	25    	3665.32	3165.44	4105.28
611	25    	3665.32	3165.44	4105.28
612	25    	3665.32	3165.44	4105.28
613	25    	3665.32	3165.44	4105.28
614	25    	3665.32	3165.44	4105.28
615	25    	3665.32	3165.44	4105.28
616	25    	3665.32	3165.44	4105.28
617	25    	3665.32	3165.44	4105.28
618	25    	3665.32	3165.44	4105.28
619	25    	3665.32	3165.44	4105.28
620	25    	3665.32	3165.44	4105.28
621	25    	3665.32	3165.44	4105.28
622	25    	3665.32	3165.44	4105.28
623	25    	3665.32	3165.44	4105.28
624	25    	3665.32	3165.44	4105.28
625	25    	3665.32	3165.44	4105.28
626	25    	3665.32	3165.44	4105.28
627	25    	3665.32	3165.44	4105.28
628	25    	3675.82	3165.44	4105.28
629	25    	3675.82	3165.44	4105.28
630	25    	3675.82	3165.44	4105.28
631	25    	3675.82	3165.44	4105.28
632	25    	3675.82	3165.44	4105.28
633	25    	3675.82	3165.44	4105.28
634	25    	3675.82	3165.44	4105.28
635	25    	3675.82	3165.44	4105.28
636	25    	3675.82	3165.44	4105.28
637	25    	3675.82	3165.44	4105.28
638	25    	3675.82	3165.44	4105.28
639	25    	3675.82	3165.44	4105.28
640	25    	3675.82	3165.44	4105.28
641	25    	3675.82	3165.44	4105.28
642	25    	3675.82	3165.44	4105.28
643	25    	3675.82	3165.44	4105.28
644	25    	3675.82	3165.44	4105.28
645	25    	3675.82	3165.44	4105.28
646	25    	3675.82	3165.44	4105.28
647	25    	3675.82	3165.44	4105.28
648	25    	3675.82	3165.44	4105.28
649	25    	3675.82	3165.44	4105.28
650	25    	3675.82	3165.44	4105.28
651	25    	3675.82	3165.44	4105.28
652	25    	3689.7 	3165.44	4105.28
653	25    	3689.7 	3165.44	4105.28
654	25    	3689.7 	3165.44	4105.28
655	25    	3689.7 	3165.44	4105.28
656	25    	3689.7 	3165.44	4105.28
657	25    	3694.95	3165.44	4105.28
658	25    	3694.95	3165.44	4105.28
659	25    	3694.95	3165.44	4105.28
660	25    	3694.95	3165.44	4105.28
661	25    	3694.95	3165.44	4105.28
662	25    	3694.95	3165.44	4105.28
663	25    	3703.13	3165.44	4105.28
664	25    	3713.77	3235.2 	4105.28
665	25    	3715.62	3235.2 	4105.28
666	25    	3715.62	3235.2 	4105.28
667	25    	3715.62	3235.2 	4105.28
668	25    	3715.62	3235.2 	4105.28
669	25    	3715.62	3235.2 	4105.28
670	25    	3715.62	3235.2 	4105.28
671	25    	3715.62	3235.2 	4105.28
672	25    	3715.62	3235.2 	4105.28
673	25    	3715.62	3235.2 	4105.28
674	25    	3715.62	3235.2 	4105.28
675	25    	3715.62	3235.2 	4105.28
676	25    	3715.62	3235.2 	4105.28
677	25    	3715.62	3235.2 	4105.28
678	25    	3721.6 	3235.2 	4105.28
679	25    	3722.43	3244.96	4105.28
680	25    	3722.43	3244.96	4105.28
681	25    	3722.43	3244.96	4105.28
682	25    	3735.78	3244.96	4105.28
683	25    	3735.78	3244.96	4105.28
684	25    	3758.13	3244.96	4105.28
685	25    	3758.13	3244.96	4105.28
686	25    	3758.49	3244.96	4105.28
687	25    	3758.49	3244.96	4105.28
688	25    	3770.76	3244.96	4105.28
689	25    	3770.76	3244.96	4105.28
690	25    	3770.76	3244.96	4105.28
691	25    	3770.76	3244.96	4105.28
692	25    	3780.41	3244.96	4105.28
693	25    	3780.41	3244.96	4105.28
694	25    	3780.41	3244.96	4105.28
695	25    	3780.41	3244.96	4105.28
696	25    	3780.41	3244.96	4105.28
697	25    	3780.41	3244.96	4105.28
698	25    	3780.41	3244.96	4105.28
699	25    	3780.41	3244.96	4105.28
700	25    	3780.41	3244.96	4105.28
701	25    	3809.33	3244.96	4326.24
702	25    	3809.33	3244.96	4326.24
703	25    	3809.33	3244.96	4326.24
704	25    	3809.33	3244.96	4326.24
705	25    	3809.33	3244.96	4326.24
706	25    	3809.33	3244.96	4326.24
707	25    	3809.33	3244.96	4326.24
708	25    	3809.33	3244.96	4326.24
709	25    	3809.33	3244.96	4326.24
710	25    	3809.33	3244.96	4326.24
711	25    	3809.33	3244.96	4326.24
712	25    	3809.33	3244.96	4326.24
713	25    	3809.33	3244.96	4326.24
714	25    	3809.33	3244.96	4326.24
715	25    	3809.33	3244.96	4326.24
716	25    	3809.33	3244.96	4326.24
717	25    	3809.33	3244.96	4326.24
718	25    	3809.84	3244.96	4326.24
719	25    	3814.2 	3244.96	4326.24
720	25    	3814.2 	3244.96	4326.24
721	25    	3814.2 	3244.96	4326.24
722	25    	3814.2 	3244.96	4326.24
723	25    	3822.91	3396.48	4326.24
724	25    	3822.91	3396.48	4326.24
725	25    	3822.91	3396.48	4326.24
726	25    	3822.91	3396.48	4326.24
727	25    	3822.91	3396.48	4326.24
728	25    	3822.91	3396.48	4326.24
729	25    	3822.91	3396.48	4326.24
730	25    	3822.91	3396.48	4326.24
731	25    	3822.91	3396.48	4326.24
732	25    	3822.91	3396.48	4326.24
733	25    	3822.91	3396.48	4326.24
734	25    	3822.91	3396.48	4326.24
735	25    	3822.91	3396.48	4326.24
736	25    	3822.91	3396.48	4326.24
737	25    	3822.91	3396.48	4326.24
738	25    	3822.91	3396.48	4326.24
739	25    	3822.91	3396.48	4326.24
740	25    	3823.48	3396.48	4326.24
741	25    	3823.48	3396.48	4326.24
742	25    	3823.48	3396.48	4326.24
743	25    	3823.48	3396.48	4326.24
744	25    	3823.48	3396.48	4326.24
745	25    	3823.48	3396.48	4326.24
746	25    	3823.48	3396.48	4326.24
747	25    	3823.48	3396.48	4326.24
748	25    	3823.48	3396.48	4326.24
749	25    	3823.48	3396.48	4326.24
750	25    	3823.48	3396.48	4326.24
751	25    	3823.48	3396.48	4326.24
752	25    	3823.48	3396.48	4326.24
753	25    	3823.48	3396.48	4326.24
754	25    	3823.48	3396.48	4326.24
755	25    	3833.56	3396.48	4326.24
756	25    	3833.56	3396.48	4326.24
757	25    	3837.07	3396.48	4326.24
758	25    	3837.07	3396.48	4326.24
759	25    	3837.07	3396.48	4326.24
760	25    	3837.07	3396.48	4326.24
761	25    	3837.07	3396.48	4326.24
762	25    	3837.07	3396.48	4326.24
763	25    	3837.07	3396.48	4326.24
764	25    	3837.07	3396.48	4326.24
765	25    	3837.07	3396.48	4326.24
766	25    	3837.07	3396.48	4326.24
767	25    	3837.07	3396.48	4326.24
768	25    	3837.07	3396.48	4326.24
769	25    	3837.07	3396.48	4326.24
770	25    	3837.07	3396.48	4326.24
771	25    	3837.07	3396.48	4326.24
772	25    	3837.07	3396.48	4326.24
773	25    	3837.07	3396.48	4326.24
774	25    	3837.07	3396.48	4326.24
775	25    	3837.07	3396.48	4326.24
776	25    	3837.07	3396.48	4326.24
777	25    	3837.07	3396.48	4326.24
778	25    	3837.07	3396.48	4326.24
779	25    	3837.07	3396.48	4326.24
780	25    	3837.07	3396.48	4326.24
781	25    	3858.2 	3396.48	4386.48
782	25    	3860.99	3396.48	4386.48
783	25    	3860.99	3396.48	4386.48
784	25    	3860.99	3396.48	4386.48
785	25    	3860.99	3396.48	4386.48
786	25    	3860.99	3396.48	4386.48
787	25    	3860.99	3396.48	4386.48
788	25    	3860.99	3396.48	4386.48
789	25    	3860.99	3396.48	4386.48
790	25    	3860.99	3396.48	4386.48
791	25    	3860.99	3396.48	4386.48
792	25    	3860.99	3396.48	4386.48
793	25    	3860.99	3396.48	4386.48
794	25    	3860.99	3396.48	4386.48
795	25    	3860.99	3396.48	4386.48
796	25    	3860.99	3396.48	4386.48
797	25    	3860.99	3396.48	4386.48
798	25    	3860.99	3396.48	4386.48
799	25    	3860.99	3396.48	4386.48
800	25    	3860.99	3396.48	4386.48
801	25    	3860.99	3396.48	4386.48
802	25    	3860.99	3396.48	4386.48
803	25    	3860.99	3396.48	4386.48
804	25    	3860.99	3396.48	4386.48
805	25    	3860.99	3396.48	4386.48