gen 	nevals	avg    	min   	max   
1   	50    	1199.39	556   	3533.2
2   	50    	1219.89	532   	2278  
3   	50    	1370.01	545.6 	3056.4
4   	50    	1855.45	725.6 	2929.2
5   	50    	2155.53	959.6 	3036  
6   	50    	2225.35	894   	4148.8
7   	50    	2452.09	1510  	3887.2
8   	50    	2457.25	1550.8	3997.6
9   	50    	2606.16	1069.2	4237.2
10  	50    	2647.45	1702.4	4172.8
11  	50    	2933.98	1162  	4794.4
12  	50    	2696.42	1539.6	4071.6
13  	50    	2632.95	1699.2	3569.6
14  	50    	2863.7 	1379.6	4164.8
15  	50    	3019.83	2034.8	4685.6
16  	50    	2874.26	1164.4	5315.2
17  	50    	2885.02	1957.2	4159.2
18  	50    	3011.65	1718.4	5218.4
19  	50    	2915.14	1295.6	4622  
20  	50    	2892.82	1103.6	4339.2
21  	50    	3176.31	1998.8	4864  
22  	50    	3085.9 	1548.8	4371.2
23  	50    	2885.98	1852.4	4648  
24  	50    	3088.57	1813.6	4842  
25  	50    	3038.62	1776.8	4530.4
26  	50    	3237.76	1837.6	4457.6
27  	50    	3139.09	1680.8	4986.4
28  	50    	3061.97	2185.6	5550.4
29  	50    	3041.88	2090  	4645.6
30  	50    	3032.27	1945.2	4671.6
31  	50    	3406.86	1851.6	5594.4
32  	50    	3049.35	1806.8	4372.8
33  	50    	3189.26	2060.4	4707.6
34  	50    	3034.75	1824.4	5219.6
35  	50    	3287.69	1843.6	4575.6
36  	50    	3251.66	2210.4	4610.4
37  	50    	3280.48	1947.6	4885.2
38  	50    	3225.37	2204  	4236  
39  	50    	3279.31	1908  	4630.4
40  	50    	3248.57	1849.6	5086  
41  	50    	3369.77	1761.2	4717.2
42  	50    	3484.86	2258  	5479.2
43  	50    	3385.06	2008  	4675.2
44  	50    	3455.3 	2497.2	5467.6
45  	50    	3328.06	1910.8	5340  
46  	50    	3368.76	2102.8	4678.8
47  	50    	3230.94	1771.6	4428.4
48  	50    	3481.89	1867.6	5022  
49  	50    	3538.86	2220.4	5130.8
50  	50    	3378.08	1908.8	5034.8
51  	50    	3353.27	2354  	5199.6
52  	50    	3506.75	1892.4	5098.4
53  	50    	3450.13	2323.2	5193.6
54  	50    	3369.1 	2265.6	4694.4
55  	50    	3478.22	2064  	5770.8
56  	50    	3429.8 	2234  	4505.2
57  	50    	3477.58	2189.2	5507.2
58  	50    	3452.72	2389.2	4764.4
59  	50    	3607.95	2387.6	5120.8
60  	50    	3451.84	2368.8	5452.4
61  	50    	3592.52	2375.6	4940.8
62  	50    	3533.42	2318.8	4958.8
63  	50    	3514.94	1950.8	5681.2
64  	50    	3607.5 	2173.2	5027.2
65  	50    	3445.9 	1865.2	4798.8
66  	50    	3403.39	2047.6	4857.6
67  	50    	3625.56	2121.6	5040.4
68  	50    	3495.07	1820  	4830.8
69  	50    	3498.18	2331.6	4902.4
70  	50    	3570.46	2474.8	4855.6
71  	50    	3553.86	1979.6	4927.2
72  	50    	3647.5 	1998.4	4999.2
73  	50    	3648.59	2447.6	4865.6
74  	50    	3481.87	2394  	4534.8
75  	50    	3643.2 	2350.4	5054.4
76  	50    	3473.34	1928.8	5157.2
77  	50    	3523.59	2172.4	5489.6
78  	50    	3632.07	2419.6	5018  
79  	50    	3406.33	2454  	4569.2
80  	50    	3663.08	2316  	5318  
81  	50    	3541.2 	2154  	5564.8
82  	50    	3667.14	2012.8	5256.8
83  	50    	3630.05	2421.6	5293.6
84  	50    	3549.02	2016.8	5464.4
85  	50    	3632.36	2198.4	5255.6
86  	50    	3535.07	2332.4	4815.2
87  	50    	3570.02	1946.8	5517.6
88  	50    	3553.7 	2442  	4974.8
89  	50    	3727.97	2623.6	5148  
90  	50    	3662.46	2420  	5101.2
91  	50    	3632.86	2345.2	5232.8
92  	50    	3649.5 	2366.8	5314.8
93  	50    	3739.54	2482.8	5148  
94  	50    	3648.8 	2612.8	5347.6
95  	50    	3758.78	2495.2	5491.2
96  	50    	3619.77	2046  	5042  
97  	50    	3646.38	2322.4	5367.6
98  	50    	3542.07	1990.4	4503.6
99  	50    	3699.16	2249.6	5287.6
100 	50    	3719.86	2466.8	5706.4
101 	50    	3783.48	2237.6	5359.2
102 	50    	3649.72	2065.6	4995.6
103 	50    	3549.07	2191.2	5114.4
104 	50    	3825.02	2440.8	6050.8
105 	50    	3733.71	2068.4	5462  
106 	50    	3560.98	2452.4	5008  
107 	50    	3657.7 	2614  	4806.8
108 	50    	3685.16	2508  	5542.4
109 	50    	3558.35	2298.4	4932.4
110 	50    	3751.49	2584.8	5288  
111 	50    	3683.15	2118.8	5384.4
112 	50    	3726.1 	2640  	5116  
113 	50    	3688.81	1806.8	5018.4
114 	50    	3726.96	2473.6	5902.8
115 	50    	3707.61	2269.6	5441.6
116 	50    	3559.07	2284  	5244.8
117 	50    	3655.65	2355.2	5554.8
118 	50    	3711.66	2032.4	4998.4
119 	50    	3823.94	2418.4	5538.8
120 	50    	3634.26	2336.4	4727.2
121 	50    	3813.79	2312.8	5495.2
122 	50    	3780.64	2610  	5444  
123 	50    	3883.36	2418.8	5322.4
124 	50    	3652.82	1497.2	4848  
125 	50    	3719.2 	2381.2	5362  
126 	50    	3759.43	2562.4	4975.6
127 	50    	3781.3 	2374.8	5591.6
128 	50    	3652.71	2353.6	5412.4
129 	50    	3679.94	2052.8	5630.8
130 	50    	3781.85	2545.2	5538.4
131 	50    	3688.77	2544.8	5576  
132 	50    	3601.02	2340.8	5038.4
133 	50    	3724.54	1772  	5348  
134 	50    	3810.14	2227.2	5434  
135 	50    	3668.99	2265.6	4765.2
136 	50    	3484.65	2308  	5288  
137 	50    	3728.52	2490  	5164.4
138 	50    	3540.03	1968.4	4895.2
139 	50    	3736.9 	2758  	5030.8
140 	50    	3725.13	2361.6	5697.6
141 	50    	3692.82	2632.4	5158.8
142 	50    	3726.74	2614.4	5546  
143 	50    	3806.1 	2438  	5566  
144 	50    	3597.96	2226.8	4738.4
145 	50    	3720.18	2282.8	5572.8
146 	50    	3683.62	2266.4	5498  
147 	50    	3888.82	2450.8	5363.6
148 	50    	3555.56	2465.6	5505.2
149 	50    	3727.9 	2690.4	4909.2
150 	50    	3808.78	2497.2	5191.2
151 	50    	3637.78	2494.4	4936  
152 	50    	3836.94	2207.6	5301.2
153 	50    	3839.82	2376  	5062  
154 	50    	3746.16	2472.8	4957.2
155 	50    	3629.68	2382  	5300.8
156 	50    	3725.95	2309.6	5231.2
157 	50    	3765.36	2785.2	5274.8
158 	50    	3691.5 	1922.8	5233.6
159 	50    	3724.06	2133.2	5596  
160 	50    	3669.76	2244.8	5393.2
161 	50    	3608.02	2259.2	5015.2
162 	50    	3757.12	2000.4	5316.4
163 	50    	3769.12	2406.4	5736  
164 	50    	4041.96	2462.8	6067.6
165 	50    	3704.87	2643.2	5132  
166 	50    	3949.68	2272.8	5388  
167 	50    	3927.71	2602.8	5815.6
168 	50    	3926.62	2854.8	5548  
169 	50    	3766.69	2249.2	5273.2
170 	50    	3705.32	2238  	5245.6
171 	50    	3818.41	2709.6	5697.2
172 	50    	3772.07	2171.2	4846.4
173 	50    	3936.14	2550.4	6683.6
174 	50    	3801.38	2413.6	4928  
175 	50    	3934.86	2747.6	6472.4
176 	50    	3865.34	2618.8	4968.4
177 	50    	3773.98	2153.6	5584  
178 	50    	3809.02	2320.4	5398.4
179 	50    	3804.76	2430.8	5249.2
180 	50    	3963.52	2565.2	5764  
181 	50    	3897.28	2610  	6126  
182 	50    	3789.36	2623.2	5181.6
183 	50    	3712.5 	2618  	4748.8
184 	50    	3867.26	2088.8	5065.6
185 	50    	3735.18	2595.6	5826.4
186 	50    	3763.39	2707.2	5066  
187 	50    	3940.21	2352.8	5170.8
188 	50    	3847.66	2412  	5059.2
189 	50    	3742.79	2326.8	5066.8
190 	50    	3797.04	1872.8	4902.4
191 	50    	3750.88	2614.8	5440.4
192 	50    	3950.66	2875.6	5715.2
193 	50    	3890.02	2458  	5438  
194 	50    	3938.24	2413.2	5766.4
195 	50    	3747.66	2549.2	5077.2
196 	50    	3819.27	2986.8	5249.2
197 	50    	4013.29	3002  	4918.8
198 	50    	3726.72	2566.4	6001.2
199 	50    	3824.01	2396.8	5265.2
200 	50    	3925.88	2914.8	5087.6
201 	50    	3863.84	2530.8	5434  
202 	50    	3936.78	2679.6	6126.4
203 	50    	3779.03	2354  	5172.4
204 	50    	3965.34	2140  	5674  
205 	50    	3900.61	2570.8	5484  
206 	50    	3885.88	2292  	6200  
207 	50    	3948.34	2442.8	5366  
208 	50    	3849.1 	2170.4	5604  
209 	50    	3820.11	2326  	5428  
210 	50    	3836.66	2657.2	5599.6
211 	50    	3807.4 	2447.2	5138  
212 	50    	3791.24	2583.2	5468.4
213 	50    	3731.76	2616.4	4935.2
214 	50    	3739.95	2516.8	5067.6
215 	50    	3649.52	2616.8	5317.2
216 	50    	3872.56	2493.2	5746.4
217 	50    	3698.35	2718.8	4771.2
218 	50    	3828.49	2315.2	5796.4
219 	50    	4030.36	2227.6	5475.6
220 	50    	3776.31	2297.2	5363.6
221 	50    	3796.36	2594.4	5297.6
222 	50    	3814.75	2645.6	6128  
223 	50    	3878.06	2689.2	5701.6
224 	50    	3825.29	2413.6	6000.4
225 	50    	3940.83	2896.4	5588  
226 	50    	3837.18	2681.6	5041.6
227 	50    	3677.62	1961.2	6108  
228 	50    	3718.58	2452  	5228  
229 	50    	3925.11	2482.4	5490.8
230 	50    	3680.01	2532.8	5183.2
231 	50    	3744.21	2600.4	5171.2
232 	50    	3769.06	2526.8	5912.4
233 	50    	3775.23	2532  	5166.4
234 	50    	3732.66	2629.6	5874.4
235 	50    	3769.83	2803.6	5454.8
236 	50    	3770.96	2346.8	5452.8
237 	50    	3831.17	2469.2	5758.8
238 	50    	3830.7 	2246  	4967.6
239 	50    	3865.95	2508.4	5200  
240 	50    	3890.1 	2399.2	5591.2
241 	50    	3785.98	2557.6	5132.8
242 	50    	3837.75	2530.8	5820.4
243 	50    	3815.97	2156.4	5404.8
244 	50    	3742.04	2724.4	4930.4
245 	50    	3811.38	2880.4	5390.4
246 	50    	4122.74	3043.2	5300.4
247 	50    	3909.75	2091.2	5389.2
248 	50    	3878.36	2572.4	5167.2
249 	50    	4083.06	2638.4	5897.6
250 	50    	3889.13	2593.2	6189.6
251 	50    	3780.46	2364  	5011.2
252 	50    	3954.96	2841.6	5617.6
253 	50    	4085.05	2629.6	5714.4
254 	50    	3841.72	2156.8	5409.2
255 	50    	3949.95	2602  	5540.8
256 	50    	3932.85	2596.4	5697.6
257 	50    	3751.45	2503.6	5491.2
258 	50    	3996.69	2859.6	5332  
259 	50    	3907.95	2775.2	5007.6
260 	50    	3828.54	2519.6	5569.2
261 	50    	3896.73	2412.8	5467.2
262 	50    	3912.16	2531.2	5622.4
263 	50    	4001.2 	3211.2	5859.2
264 	50    	3919.97	3009.2	5623.2
265 	50    	3913.34	2240.8	5748.4
266 	50    	3872.59	2803.6	5275.6
267 	50    	3785.22	1997.2	5688  
268 	50    	3884.04	2959.2	6020  
269 	50    	3996.12	2378  	5483.6
270 	50    	3972.38	2870  	5274.4
271 	50    	4128.96	2958.8	5602.4
272 	50    	3848.91	2308.4	5913.6
273 	50    	4034.7 	2589.2	5132.8
274 	50    	3823.72	2632  	5346.8
275 	50    	3801.56	2213.6	5872  
276 	50    	3773.78	2478.4	5968  
277 	50    	3907.53	2561.2	5403.6
278 	50    	3938.48	2800  	5556.8
279 	50    	4079.98	2856.4	6061.6
280 	50    	3810.89	2435.2	5388.8
281 	50    	3873.5 	2623.6	5098  
282 	50    	3915.72	2225.2	5540  
283 	50    	3956.31	2907.2	5977.6
284 	50    	3928.33	2298.8	6565.2
285 	50    	3993.13	3105.2	5404.8
286 	50    	4063.65	2669.2	5626  
287 	50    	3885.2 	2733.2	6531.6
288 	50    	4068.21	2866  	5512.4
289 	50    	3931.8 	2068.4	5025.2
290 	50    	3987.91	2900.8	5330  
291 	50    	3955.82	2858  	5272.4
292 	50    	3871.87	2706.4	5117.6
293 	50    	4064.76	2502.8	5283.6
294 	50    	3886.67	2664.4	4881.6
295 	50    	4147.72	2968  	5237.2
296 	50    	4020.38	2697.2	5299.2
297 	50    	3903.11	2810.4	4856.4
298 	50    	3977.86	2797.6	5712.4
299 	50    	4179.49	2576.8	5380  
300 	50    	3782.24	2724  	5422.4
301 	50    	4079.31	2327.6	5920  
302 	50    	3939.94	2573.2	5167.6
303 	50    	3942.46	1988.8	5366  
304 	50    	3951.61	2607.2	5135.6
305 	50    	4027.86	2792.8	5731.2
306 	50    	4108.92	2591.6	5761.6
307 	50    	4016.7 	2874.4	5642  
308 	50    	3991.02	2950.4	5411.2
309 	50    	3998.61	2854.4	6064.8
310 	50    	4186.58	2769.2	5723.6
311 	50    	4006.73	2915.6	5945.2
312 	50    	4109.73	2618.4	6019.2
313 	50    	4007.61	2533.2	5302  
314 	50    	3839.78	2580.8	5211.2
315 	50    	4051.78	2630.4	6078.4
316 	50    	4104.06	2918  	5407.6
317 	50    	3914.64	2800.8	5142.8
318 	50    	3920.45	2051.6	6575.6
319 	50    	4047.5 	2822.4	5398  
320 	50    	3861.97	2914.8	5928.4
321 	50    	3996.14	2537.6	5457.2
322 	50    	3891.98	2510.8	5843.6
323 	50    	3912.18	2407.6	5782  
324 	50    	3938.45	2108.8	5222  
325 	50    	3905.55	2621.6	5550  
326 	50    	4012.43	2689.2	5138  
327 	50    	3916.91	2638.4	5701.6
328 	50    	3977.62	2468.4	5441.6
329 	50    	3966.49	3174  	6159.6
330 	50    	3936.54	2657.6	5891.2
331 	50    	3977.97	2488.8	5655.6
332 	50    	4099.38	2660.8	5525.6
333 	50    	3939.9 	2270.8	5321.2
334 	50    	3981.92	2359.6	6534.4
335 	50    	4043.6 	2543.6	5876  
336 	50    	3840.9 	1910.4	5700  
337 	50    	3857.19	2829.6	5520  
338 	50    	4014.9 	2495.2	5474.8
339 	50    	4013.62	2311.2	5628.4
340 	50    	4048.83	3007.2	5940.8
341 	50    	3879.62	2540.4	5383.2
342 	50    	3950.65	2680.8	5511.6
343 	50    	3946.28	2956.8	5295.6
344 	50    	4052.28	2599.2	5887.2
345 	50    	3932.26	2576.8	5876.4
346 	50    	4070.82	2612.4	5464.8
347 	50    	4007.46	2839.2	5513.6
348 	50    	4022.24	2819.6	4992.8
349 	50    	4088.97	2825.2	5818.8
350 	50    	3958.65	2580  	5442.4
351 	50    	4079.18	2756.4	6249.2
352 	50    	3933.59	2768  	5541.2
353 	50    	3915.38	2615.2	5282  
354 	50    	3981.34	2484.4	5623.2
355 	50    	3807.46	2763.2	5702  
356 	50    	4003.26	2488.8	5579.6
357 	50    	4020.57	2796  	5470.8
358 	50    	3810.68	2671.6	5278  
359 	50    	4019.36	2427.2	5161.6
360 	50    	4121.75	2858  	5376.4
361 	50    	3949.1 	2405.2	5831.6
362 	50    	3958.01	2586.4	5346  
363 	50    	3882.54	2402  	5242  
364 	50    	3925.68	2691.2	5488.4
365 	50    	4027.8 	2834.8	6438.8
366 	50    	3933.1 	2459.6	6382.4
367 	50    	3970.42	2258.8	5678.8
368 	50    	3999.34	2830  	5551.6
369 	50    	3840.85	2529.6	6288.4
370 	50    	3850.21	2390.8	5782  
371 	50    	4071.35	2706.4	6956.4
372 	50    	3867.66	2500.8	5655.2
373 	50    	3964.53	2566.4	5734.4
374 	50    	4139.36	2246.8	5542.4
375 	50    	4070.6 	2842.8	5577.6
376 	50    	4102.75	3018.8	5648  
377 	50    	3966.96	1985.2	5822.4
378 	50    	3957.34	2598.4	5016  
379 	50    	3978.04	2814.8	5498  
380 	50    	3885.19	2518.4	5483.2
381 	50    	4183.63	3010.4	5522  
382 	50    	4197.74	3140.8	5734.4
383 	50    	4017.66	2646  	4998.8
384 	50    	3862.1 	2463.6	5616.4
385 	50    	4045.53	2790.4	5604.4
386 	50    	4044.81	2413.2	5382.4
387 	50    	3857.42	2706  	5159.6
388 	50    	3890.02	2459.6	5897.2
389 	50    	3996.8 	2793.6	6155.6
390 	50    	4056.81	2460.8	5614  
391 	50    	3978.6 	2755.2	5492.4
392 	50    	4023.74	2649.6	5996  
393 	50    	3938.89	2747.6	5429.2
394 	50    	3938.41	2874  	5368.8
395 	50    	3877.19	2472.4	5763.6
396 	50    	3942.62	2408  	5293.6
397 	50    	4011.4 	2770  	5362.8
398 	50    	3972.58	2779.6	5598  
399 	50    	3928.02	2464.8	5410  
400 	50    	4003.41	2120.8	5816.4
401 	50    	4073.56	2699.6	5587.2
402 	50    	3924.6 	2157.6	5653.6
403 	50    	3964.85	2506  	5316.8
404 	50    	3860.46	2310  	5148.4
405 	50    	4031.38	2695.2	5505.2
406 	50    	3886.54	2924.8	5567.6
407 	50    	3953.85	2888  	5474.4
408 	50    	3852.76	2713.6	5330.4
409 	50    	3887.54	2739.2	5209.6
410 	50    	4047.67	2854.8	5639.6
411 	50    	3861.5 	1898.8	6282  
412 	50    	3912.53	2513.6	5428.4
413 	50    	3912.76	2335.2	5460.8
414 	50    	3932.15	2443.6	5633.6
415 	50    	3844.2 	2400.8	5267.2
416 	50    	4194.52	2879.2	5971.2
417 	50    	3967.42	2679.6	5559.2
418 	50    	3901.15	3083.6	5122.8
419 	50    	4040.42	2562  	5313.6
420 	50    	4021.47	2432  	5466.4
421 	50    	4022.3 	2915.2	5530.4
422 	50    	4027.58	2688  	5606.8
423 	50    	3862.7 	2419.6	4998  
424 	50    	4106.83	2472.4	5623.6
425 	50    	3979.25	2700.4	4981.6
426 	50    	3953.76	2534  	5645.6
427 	50    	3803.32	2058  	5891.2
428 	50    	4003.46	2740.8	5944  
429 	50    	3651.79	2277.6	6006  
430 	50    	3811.65	2766  	5119.6
431 	50    	4102.86	2656.8	5491.2
432 	50    	4051.23	2968  	5878  
433 	50    	3934.66	2456  	4988.4
434 	50    	3875.86	2572  	5145.6
435 	50    	3869.7 	2402  	5443.6
436 	50    	3894.1 	2800.4	5330  
437 	50    	3867.11	2840  	5468  
438 	50    	4010.25	2366  	5252  
439 	50    	3971.18	2740.4	5131.2
440 	50    	3996.7 	2592.4	5240.4
441 	50    	3878.85	2853.6	5487.6
442 	50    	3988.3 	2753.2	5319.6
443 	50    	3954.86	2240.4	5185.6
444 	50    	4105.06	3013.6	5634.4
445 	50    	3864.12	2195.2	5820.4
446 	50    	3780.9 	2453.2	5574.4
447 	50    	4102.67	2836.4	5885.2
448 	50    	3855.14	2512.8	5738.8
449 	50    	3933.71	2837.2	5443.6
450 	50    	3967.58	2944  	5533.2
451 	50    	3963.76	2570.8	5770.8
452 	50    	3979.24	2319.2	5594.8
453 	50    	3963.99	2200.8	5760  
454 	50    	3864.1 	2392.8	5688  
455 	50    	3974.77	2476.8	5333.2
456 	50    	3951.06	2731.2	6205.2
457 	50    	3866.79	2493.2	5843.2
458 	50    	4021.77	2580  	5749.2
459 	50    	4020.43	2668.4	5734.8
460 	50    	3964.16	2970.4	5196  
461 	50    	4085.85	2866.4	5522.8
462 	50    	3992.7 	2184.4	5448.4
463 	50    	3999.3 	2638.4	5352.4
464 	50    	3928.79	2942.8	5043.2
465 	50    	3831.87	2647.6	5836.4
466 	50    	3937.88	2621.6	5496.8
467 	50    	3978.2 	2481.6	5457.2
468 	50    	3927.14	2925.2	5094.8
469 	50    	4029.21	2786.4	5335.2
470 	50    	3980.87	2206  	5371.2
471 	50    	4237.77	2978.8	5949.6
472 	50    	4221.41	2965.6	5492  
473 	50    	4180.53	2544  	5624.4
474 	50    	3987.37	2146.8	5353.2
475 	50    	3980.46	2626.4	5880.8
476 	50    	4090.53	3148  	5820.4
477 	50    	4066.19	2922.8	5637.2
478 	50    	3943.74	2447.6	5420.4
479 	50    	4070.44	2704  	5860.4
480 	50    	4019.96	2705.2	5421.6
481 	50    	4113.74	3124.8	5703.2
482 	50    	4201.25	3074.8	5950  
483 	50    	3976.66	2536.4	6027.2
484 	50    	4130.07	2933.6	5340  
485 	50    	4096.44	2681.2	6120.8
486 	50    	3856.82	2500.4	5775.2
487 	50    	3911.58	1898  	5621.2
488 	50    	4045.03	2739.2	5380.8
489 	50    	3869.81	2835.2	5117.6
490 	50    	4006.98	2378  	5738  
491 	50    	3906.46	2334.4	5792  
492 	50    	4058.55	2272.4	5157.6
493 	50    	4012.56	2798  	5877.2
494 	50    	4070.28	2893.2	5791.6
495 	50    	4041.9 	2888.8	6384.8
496 	50    	4105.82	2250.8	6064.8
497 	50    	3937.26	2849.6	5720  
498 	50    	4180.16	2364  	5888.8
499 	50    	3940.23	2467.6	5342.4
500 	50    	4022.68	2466  	5713.6
501 	50    	3966.02	2548.8	5345.2
502 	50    	4131.44	2612  	6411.6
503 	50    	4086.16	2628.8	5663.6
504 	50    	4107.02	2825.2	5792.8
505 	50    	4060.65	2889.6	6262.8
506 	50    	3925.73	2555.6	5204.8
507 	50    	4082.02	2899.6	6112.4
508 	50    	3976.68	2352.8	5857.2
509 	50    	4099.34	2223.2	5802.8
510 	50    	4060.87	3005.2	5686.4
511 	50    	4064.61	2221.6	5853.6
512 	50    	4063.64	2964  	6141.2
513 	50    	4001.83	2736.4	6284.8
514 	50    	4052.38	2400  	5459.2
515 	50    	3964.85	2477.6	5993.6
516 	50    	4198.04	2972.4	5544.8
517 	50    	3882.89	2192.8	5208.4
518 	50    	3996.02	2693.2	5579.6
519 	50    	3900.7 	2796.8	5591.2
520 	50    	4040.34	2910  	5252.8
521 	50    	4169.64	3015.2	5250.4
522 	50    	4077.62	3080.4	5411.6
523 	50    	4084.98	2908.8	5235.2
524 	50    	4056.77	2510  	5360  
525 	50    	4070.58	2371.2	5120.4
526 	50    	3961.62	2706.8	5182  
527 	50    	4086.14	2591.2	5980.8
528 	50    	4175.59	2680.8	6134  
529 	50    	3990.35	2704  	5422  
530 	50    	4091.7 	2569.6	5528.8
531 	50    	4084.73	2425.6	6034.8
532 	50    	4069.98	2770  	5968.4
533 	50    	4106.99	2281.6	5496  
534 	50    	3990.58	2801.2	5223.2
535 	50    	3970.67	2687.2	5475.6
536 	50    	3941.86	2102.8	5660  
537 	50    	3995.96	2707.6	5002.4
538 	50    	4051.11	2600.4	5397.2
539 	50    	3934.36	2912  	6020.8
540 	50    	4043.78	2508.4	5379.2
541 	50    	4152.04	2605.6	6478.8
542 	50    	4138.96	2855.6	5612.4
543 	50    	4041.45	2854  	5455.6
544 	50    	4175.03	2995.2	5434  
545 	50    	4101.23	2905.2	6023.6
546 	50    	4216.42	2830  	5410.8
547 	50    	4231.57	2746  	6080.4
548 	50    	4150.8 	2472.8	6932  
549 	50    	4082.64	2714.8	5496.4
550 	50    	3976.5 	2482.4	5487.6
551 	50    	4098.15	2146.4	6787.2
552 	50    	4052.59	2679.6	5458  
553 	50    	3889.25	2572.4	5696.4
554 	50    	4148.85	2160.8	5634.4
555 	50    	4083.21	2783.6	5578  
556 	50    	4043.66	1885.6	5663.2
557 	50    	4012.82	2735.2	5263.6
558 	50    	4149.66	2080  	6180.4
559 	50    	3977.02	2582  	5782  
560 	50    	4129.41	2770.4	5892  
561 	50    	3920.63	2710  	5711.2
562 	50    	3945.83	2676.4	5697.6
563 	50    	4087.06	2559.6	5724.4
564 	50    	3929.83	2135.6	5105.6
565 	50    	4045.54	2862.4	5771.2
566 	50    	4037.07	2988  	5266.8
567 	50    	4161.02	2925.6	5898  
568 	50    	4080.16	2252  	6427.2
569 	50    	3906.49	2521.6	5726  
570 	50    	3896.88	2637.2	5651.6
571 	50    	4050.33	2808.4	5861.6
572 	50    	4059.31	2770.4	5723.6
573 	50    	3834.22	2391.2	5340  
574 	50    	3933.99	2802.4	5200.4
575 	50    	3880.22	2658.4	4804.4
576 	50    	3935.92	2624.8	5533.6
577 	50    	3977.05	2552  	5206  
578 	50    	4016.1 	2518  	6919.2
579 	50    	3963.73	2877.2	5678  
580 	50    	3799.64	2645.6	6209.2
581 	50    	4055.98	2344.4	5308.4
582 	50    	3877.14	2674.4	6808.4
583 	50    	4051.31	2868.4	5900.4
584 	50    	3976.2 	2686.4	5560.4
585 	50    	4079.04	2774  	5551.6
586 	50    	3919.42	2424.8	6122.4
587 	50    	3961.15	2723.6	5431.2
588 	50    	3977.1 	2199.2	5488.8
589 	50    	4009.74	2815.2	4878  
590 	50    	3914.31	2602  	5488.4
591 	50    	3986.62	2596.8	5056.4
592 	50    	4089.88	2698.4	5194.8
593 	50    	4129.97	2540.8	5895.6
594 	50    	4030.13	2570.4	5196.8
595 	50    	4019.78	2430.8	5598.4
596 	50    	3914.52	3006.4	5112.4
597 	50    	3972.7 	2508.8	5485.6
598 	50    	3923.2 	2990  	5136.4
599 	50    	3968.24	3041.6	5095.6
600 	50    	4139.88	2404.8	5498.4
601 	50    	4073.82	2706  	5482.4
602 	50    	4059.06	2722.8	5158.8
603 	50    	4050.89	2565.2	5812.4
604 	50    	4266.57	2537.2	5582.8
605 	50    	3849.57	2397.2	5221.6
606 	50    	4074.24	2703.2	5516  
607 	50    	3888.34	2376.8	5150.8
608 	50    	3928.34	2538  	5046.4
609 	50    	3779.01	2509.2	5279.6
610 	50    	3897.31	2475.2	5246.4
611 	50    	4151.03	2472.8	6399.2
612 	50    	3992.7 	2207.6	6276.8
613 	50    	4003.74	2814.8	5675.2
614 	50    	3982.52	2346.4	5016  
615 	50    	3956.42	2786.8	5796  
616 	50    	3991.65	2932.8	5753.6
617 	50    	4006.55	2951.6	5746.8
618 	50    	4019.49	2839.6	5819.6
619 	50    	4123.67	3069.2	5668  
620 	50    	4085.12	2651.2	5641.2
621 	50    	3909.8 	2625.2	5648.4
622 	50    	4022.79	2187.2	5632  
623 	50    	3975.59	2743.6	5556  
624 	50    	4063.05	2312  	6936.4
625 	50    	4009.14	3010.8	5497.2
626 	50    	4059.57	2849.6	5717.2
627 	50    	3928.88	2567.6	5694.4
628 	50    	4081.84	2630.8	6002.8
629 	50    	4106.58	2806.4	5649.2
630 	50    	3977.04	2804.4	6568.4
631 	50    	4155.68	3222.4	5776.4
632 	50    	3974.84	2915.2	6234  
633 	50    	4042.68	2422  	5688  
634 	50    	4034.86	1964  	5603.6
635 	50    	3892.7 	2440  	5585.6
636 	50    	4143.41	2777.2	5273.6
637 	50    	4150.26	2500.8	5608  
638 	50    	4091.22	2955.2	5447.2
639 	50    	3961.31	2693.2	5391.6
640 	50    	4014.27	3000.8	5590.4
641 	50    	3881.67	2273.6	5834.8
642 	50    	4033.59	3162.8	5340  
643 	50    	4043.54	2931.6	5635.6
644 	50    	3961.42	2916.8	6026.4
645 	50    	4144.98	2883.6	6126  
646 	50    	3972.6 	2579.6	5403.2
647 	50    	3923.53	2701.6	5415.2
648 	50    	4147.94	2490.8	5949.2
649 	50    	4194.3 	2710.4	5947.6
650 	50    	3945.9 	2550.4	5324.8
651 	50    	4042.44	2448  	5510.8
652 	50    	3883.09	2168.4	5401.6
653 	50    	4159.21	3026  	5673.2
654 	50    	4050.18	2836.4	5588  
655 	50    	4172.1 	3080.4	5781.2
656 	50    	3955.94	2888.8	5764.4
657 	50    	4002.87	2849.6	5899.6
658 	50    	4180.3 	2628.8	6506  
659 	50    	4043.62	2749.2	5333.2
660 	50    	3971.29	2757.6	5861.6
661 	50    	4120.17	2978.4	5668.4
662 	50    	4101.51	2502.8	5639.6
663 	50    	4022.1 	2982  	5384.4
664 	50    	4027.59	2604.4	5923.6
665 	50    	4100.86	2885.6	5975.6
666 	50    	4146.23	2704.8	5439.6
667 	50    	4001.35	2079.6	5646  
668 	50    	4131.02	3060  	5938.4
669 	50    	4126.7 	2510.8	5881.6
670 	50    	4130.81	2962.8	5193.2
671 	50    	4040.82	2584.8	6450.8
672 	50    	4037.84	2600.8	5238.8
673 	50    	4028.53	2604.4	5488.8
674 	50    	3974.68	2330  	6212.4
675 	50    	4102.59	2709.2	5706.8
676 	50    	3796.41	2038.8	5118.8
677 	50    	4035.05	2828.8	5691.6
678 	50    	3940.4 	2507.2	5486.4
679 	50    	4097.48	2582.8	5473.6
680 	50    	3989.01	2884.8	5726.8
681 	50    	3970.12	2726  	5928.4
682 	50    	4018.34	2688  	5221.6
683 	50    	3962.3 	2954  	5300  
684 	50    	4046.54	2360  	5989.6
685 	50    	4084.94	2833.6	5893.6
686 	50    	3881.95	2698.4	5638.8
687 	50    	4008.34	2107.6	5555.6
688 	50    	3906.13	2662.4	5483.6
689 	50    	3917.03	2448.4	5142.8
690 	50    	4046.03	2745.6	6193.2
691 	50    	3898.94	2780  	5512  
692 	50    	4004.02	2393.6	5228  
693 	50    	4096.85	2670.8	5886  
694 	50    	3961.74	2361.6	5198.8
695 	50    	4081.79	2704.4	5633.2
696 	50    	3921.78	2774  	5637.6
697 	50    	3890.42	2701.2	5126.8
698 	50    	4128.5 	2454.8	5624.8
699 	50    	4079.11	3037.2	5250.4
700 	50    	4006.57	2412.8	5578.8
701 	50    	4024.21	2617.6	6280.8
702 	50    	4029.04	2806.8	5726.8
703 	50    	4096.73	2689.6	5664  
704 	50    	4142.51	2542.4	5934.8
705 	50    	3877.35	2740.8	5364.8
706 	50    	3862.33	2822.8	5081.6
707 	50    	4122.24	2956.4	6016  
708 	50    	3986.56	2908.4	5786  
709 	50    	4015.78	2312  	5707.2
710 	50    	4111.82	2675.2	5536.8
711 	50    	4067.28	2436.4	5326.8
712 	50    	3902.99	2607.2	5497.2
713 	50    	3740.23	2397.6	5578.8
714 	50    	4027.97	3017.2	5331.6
715 	50    	4094.23	2534  	6070.4
716 	50    	3965.62	2453.6	5722.4
717 	50    	4025.24	2870  	5534  
718 	50    	4043.14	2632  	5654.4
719 	50    	4063.95	2318.4	6121.2
720 	50    	4197.16	2916  	5763.6
721 	50    	4028.02	2895.6	5462.4
722 	50    	3908.17	2631.2	5533.2
723 	50    	3966.75	2622  	5497.6
724 	50    	4053.75	2838  	5461.2
725 	50    	4035.04	2729.2	5312.4
726 	50    	4237.34	2700.4	5745.6
727 	50    	3996.29	2649.6	5170.8
728 	50    	3980.67	2627.2	5196.8
729 	50    	4033.5 	2205.6	5716.8
730 	50    	4168.88	2710.4	5627.2
731 	50    	4071.93	2927.6	5542.8
732 	50    	3944.88	2511.6	5677.6
733 	50    	3927.94	2373.6	5137.2
734 	50    	4107.47	2669.2	5926.8
735 	50    	4032.38	2776.8	5618.8
736 	50    	4023.8 	2607.6	5921.6
737 	50    	4001.28	2732  	5574.4
738 	50    	3915.42	2686  	5127.2
739 	50    	4093.98	2745.2	5502.8
740 	50    	4113.5 	2784.4	5878  
741 	50    	3913.1 	2798.4	5430.8
742 	50    	4128.22	2885.2	5800.4
743 	50    	4096.76	2471.6	5413.2
744 	50    	4089.01	2900.4	5418  
745 	50    	3965.5 	2684.8	5237.6
746 	50    	4061.3 	2845.2	6140.8
747 	50    	4302.33	2160.8	5842.8
748 	50    	4048.06	2886  	5819.2
749 	50    	4029.79	2913.6	5559.2
750 	50    	4068.24	2767.2	5661.6
751 	50    	4031.76	2272.8	5425.2
752 	50    	4058.61	2448  	5892.4
753 	50    	3854.3 	2934.8	5406.4
754 	50    	3833.02	2504.8	5074  
755 	50    	4124.04	2760  	5779.2
756 	50    	4124.4 	2915.2	5700.8
757 	50    	4099.66	2770  	5478.4
758 	50    	3975.72	2622  	5678  
759 	50    	3986.97	2358.8	6338  
760 	50    	3980.5 	2367.2	5567.6
761 	50    	4086.5 	2986  	5783.6
762 	50    	4078.77	2567.2	5471.2
763 	50    	3941.27	3011.2	5558.4
764 	50    	4043.86	2637.2	5951.6
765 	50    	4057.87	2536.4	5706.8
766 	50    	3952.44	2974  	5038.8
767 	50    	4061.62	2604.4	6331.6
768 	50    	4056.14	2778.8	5912.8
769 	50    	4100.29	2602  	5658.4
770 	50    	4121.04	2768  	5791.2
771 	50    	4095.08	2338.8	5733.2
772 	50    	3890.21	2684.4	5214  
773 	50    	4104.48	2940  	5708.8
774 	50    	3961.18	2790  	5814.4
775 	50    	3968.55	2258.4	5434.8
776 	50    	4037.14	2656.8	5548.4
777 	50    	4263.53	2823.2	6002  
778 	50    	4067.98	2418  	5658  
779 	50    	4353.93	2672  	5574.8
780 	50    	3849.71	2744.4	5431.6
781 	50    	4081.19	2343.6	5614.4
782 	50    	3969.62	2725.2	5676.4
783 	50    	4194.34	2688  	5049.6
784 	50    	4051.59	2906.4	5376.4
785 	50    	4003.18	2722.8	4902.8
786 	50    	3981.66	2550.8	5600.8
787 	50    	4123.33	2551.2	5537.6
788 	50    	4085.6 	3007.6	6185.2
789 	50    	4084.06	3045.6	5828.8
790 	50    	4203.75	2607.2	5612.4
791 	50    	4060.79	2618.4	5326  
792 	50    	4055.5 	2101.6	5397.2
793 	50    	4263.85	2947.6	5732.4
794 	50    	3989.93	3010.4	5032  
795 	50    	4013.52	2573.6	6420.4
796 	50    	3939.83	2483.2	6709.6
797 	50    	4050.97	2097.2	5396.4
798 	50    	4031.86	2734.8	5562.4
799 	50    	3915.15	2681.6	5373.6
800 	50    	4104.72	2681.6	5358.4
801 	50    	3860.58	3027.2	5181.6
802 	50    	3996.33	2585.6	5578  
803 	50    	4099.3 	3072  	5871.2
804 	50    	4053.15	2806.8	5748  
805 	50    	4168.3 	2575.2	5555.6
806 	50    	3994.11	2794  	5386  
807 	50    	4179.62	3115.2	6104.8
808 	50    	4036.23	2520.8	5189.6
809 	50    	3909.66	2576.8	5548.4
810 	50    	3995.36	2738  	5528.8
811 	50    	4191.22	2748.8	5546.4
812 	50    	4011.68	3189.6	5379.2
813 	50    	4096.94	2470  	5176  
814 	50    	3893.71	2023.6	5406.8
815 	50    	4052.66	2787.2	5646.4
816 	50    	3935.78	2245.2	5143.6
817 	50    	3980.05	2955.2	4968.4
818 	50    	4121.13	3015.2	6206.4
819 	50    	4133.21	2813.6	5620.8
820 	50    	3939.2 	2476.4	5144  
821 	50    	4066.65	2880  	5373.6
822 	50    	4089.07	2774  	5614  
823 	50    	3939.91	2795.2	6706.8
824 	50    	4081.66	2789.6	6430.8
825 	50    	3966.89	2712  	5949.2
826 	50    	4229.77	3226.8	7647.2
827 	50    	4134.76	2880.4	5636.8
828 	50    	3959.44	2166.4	5506.8
829 	50    	3992.25	2342.8	5324.4
830 	50    	3996.74	2879.2	5350  
831 	50    	4066.65	2602.4	5371.2
832 	50    	3862.3 	2733.2	5706.4
833 	50    	3979.64	2479.2	5324.8
834 	50    	4105.41	2572  	5166.8
835 	50    	3983.06	2544  	5461.6
836 	50    	4029.48	2720.8	6166.8
837 	50    	4079.37	2268.8	7022.8
838 	50    	4001.6 	2931.6	6468.8
839 	50    	4086.64	2560.4	6080.4
840 	50    	3985.19	2576.8	5560.8
841 	50    	4031.73	2636  	6064.4
842 	50    	3843.68	2620.4	5062.4
843 	50    	4152.79	2761.2	5830  
844 	50    	4287.56	3064.8	6751.6
845 	50    	4011.64	2378.8	5786.4
846 	50    	3926.36	2843.6	5858.4
847 	50    	4126.12	3164  	6374  
848 	50    	4048.19	3157.2	5596.8
849 	50    	4073.77	2755.2	5664  
850 	50    	4130.58	2500.8	6247.6
851 	50    	3942.38	2484  	5395.6
852 	50    	4128.86	3026.8	5188  
853 	50    	4144.27	2580.4	5729.6
854 	50    	3883.66	2372.8	5865.2
855 	50    	3902.85	2516.4	5122.8
856 	50    	3769.37	2408.8	5126.8
857 	50    	3819.41	2718  	4846.8
858 	50    	4179.97	2860  	5541.2
859 	50    	3991.97	2793.2	5266.4
860 	50    	4117.31	2609.6	5698.8
861 	50    	4051.66	2478  	5481.6
862 	50    	4036.81	2514.8	5950.8
863 	50    	4058.98	2671.6	5621.6
864 	50    	3840.98	2534.8	5723.2
865 	50    	4021.1 	2575.2	5877.2
866 	50    	4012.25	2622.8	5854.4
867 	50    	4063.91	2408.4	5122.4
868 	50    	4113.18	2746  	5406.4
869 	50    	4025.12	2700.8	5511.6
870 	50    	4090.03	2672.4	5479.2
871 	50    	4202.8 	2618  	5822  
872 	50    	4151.3 	2792.4	5620.8
873 	50    	4069.22	2751.6	5559.2
874 	50    	3906.55	2650.8	5228.4
875 	50    	4022.73	2645.2	5608.4
876 	50    	4140.98	2884.8	5393.2
877 	50    	3949.34	2400.4	5864  
878 	50    	4073.71	2848  	5956.4
879 	50    	4039.95	2669.2	5258  
880 	50    	3914.94	2770.8	5254  
881 	50    	3968.58	2783.2	5641.6
882 	50    	4118.26	2865.6	5343.6
883 	50    	4144.31	2761.6	5816.8
884 	50    	4019.7 	2702  	5905.6
885 	50    	4035.89	2585.2	5702.8
886 	50    	4158.55	2715.2	5652  
887 	50    	3976.24	2851.2	5527.6
888 	50    	4059.98	2552.4	6306.8
889 	50    	4149.35	2133.6	5707.2
890 	50    	4086.7 	3020  	6019.2
891 	50    	4090.82	2684  	5735.2
892 	50    	4030.34	2258.8	7116.4
893 	50    	4150.2 	2933.6	5845.2
894 	50    	4218.64	3078  	5544.8
895 	50    	4183.49	2734.4	5424.8
896 	50    	3976.68	2404  	5708.4
897 	50    	4161.34	2498.8	5684.4
898 	50    	4140.83	2698.4	5677.6
899 	50    	4109.03	2738  	6031.2
900 	50    	4084.78	2428.8	5287.2
901 	50    	4004.82	2676.8	5517.2
902 	50    	4333.32	3209.6	6351.6
903 	50    	4097.82	2605.2	5735.6
904 	50    	3973.74	2591.6	6122.4
905 	50    	4132.74	3026  	5813.6
906 	50    	4063.14	2598.8	5932  
907 	50    	4131.06	2341.2	5621.6
908 	50    	4134.59	2905.6	5284.8
909 	50    	4009.9 	3156  	5372  
910 	50    	4045.62	2835.6	5536.8
911 	50    	4055.06	2775.6	6013.2
912 	50    	4207.92	2780  	5696  
913 	50    	3980.34	2839.2	5766  
914 	50    	3987.22	2638.8	5499.2
915 	50    	4228.33	2652.4	5870.4
916 	50    	4066.1 	2596  	6082.4
917 	50    	4019.72	2786  	5642.4
918 	50    	3977.61	2559.6	5022.8
919 	50    	4306.39	3175.6	5343.2
920 	50    	4152.07	2688.4	6031.6
921 	50    	3809.79	2048  	5868.8
922 	50    	4024.43	2523.6	6045.2
923 	50    	3930.37	2456.8	5586  
924 	50    	4125.53	3100  	5333.6
925 	50    	3937.38	2504.8	5243.6
926 	50    	3966.66	2436.4	5217.6
927 	50    	3962.68	2586  	5232.4
928 	50    	4002.5 	2910.8	6010.4
929 	50    	3924.42	2756  	5107.2
930 	50    	4166.9 	3205.2	6025.2
931 	50    	4066.56	2823.6	5622.4
932 	50    	3994.25	2818.8	5438  
933 	50    	4045.1 	2787.2	5386.4
934 	50    	4169.01	3002  	5494.8
935 	50    	4025.22	2832  	6610.8
936 	50    	4191.26	2928  	6037.2
937 	50    	4166.13	2986  	5297.2
938 	50    	4042.67	2553.6	5716  
939 	50    	3966.57	2751.6	5757.6
940 	50    	4141.14	2735.6	5890.8
941 	50    	4076.51	2515.2	5601.2
942 	50    	3998.08	2720.8	5492  
943 	50    	3947.46	2905.2	5243.6
944 	50    	4116.22	2463.6	5826  
945 	50    	4006.4 	2696.8	5467.6
946 	50    	3967.04	2668  	5467.2
947 	50    	4117.63	2518  	5964  
948 	50    	4162.78	3139.2	5748.8
949 	50    	4169.6 	3072.4	6122  
950 	50    	4082.18	2900  	5557.2
951 	50    	3998.71	2144.4	6619.6
952 	50    	4358.49	2758  	5971.2
953 	50    	4009.04	2750.8	5725.2
954 	50    	4168.92	2661.6	5624  
955 	50    	3984.83	2654  	4950.4
956 	50    	4025.14	3144  	5800.8
957 	50    	4104.13	2436.4	6109.6
958 	50    	4026.13	2672.4	5716.8
959 	50    	4089.21	2954.4	5731.6
960 	50    	4043.42	2720.4	4926.8
961 	50    	3954.34	2209.2	5968  
962 	50    	3912.18	2542.4	5694  
963 	50    	3985.51	3036  	5107.2
964 	50    	3940.9 	2526.8	5723.2
965 	50    	3988.57	2485.6	5494.4
966 	50    	4042.12	2958  	5544  
967 	50    	4019.42	2576.8	5577.6
968 	50    	3984.72	2611.2	5796.4
969 	50    	3910.66	2842.8	5637.6
970 	50    	4131.42	2980.8	5601.2
971 	50    	4296.57	2687.2	6768.4
972 	50    	4042.55	2872  	5795.6
973 	50    	4076.99	2803.6	6026.8
974 	50    	4134.67	2818.4	5900  
975 	50    	4102.42	2728.4	5342.4
976 	50    	4140.8 	2671.6	6452.4
977 	50    	3970.06	2984.4	5753.2
978 	50    	3936.42	2540  	5359.2
979 	50    	3941.79	2554.8	5795.2
980 	50    	4165.94	2510.4	5846.8
981 	50    	4064.63	2692.8	5974.4
982 	50    	3911.68	2614.4	5549.2
983 	50    	4168.13	2514.4	6060.8
984 	50    	4112.5 	2364.8	5543.2
985 	50    	3992.21	2948.4	5194.8
986 	50    	4165.98	2645.2	5783.6
987 	50    	3973.41	2741.2	6291.6
988 	50    	4182.13	2709.6	5500.4
989 	50    	3951.72	2772  	5626.4
990 	50    	4073.96	2926.4	5438.8
991 	50    	3986.27	2318  	6184.4
992 	50    	4033.98	2590.8	5969.2
993 	50    	4008.72	2870.8	6444  
994 	50    	4067.16	2906  	5830  
995 	50    	4102.05	2852.4	5478.4
996 	50    	4021.6 	3151.2	5524.8
997 	50    	3937.39	2780.8	5249.6
998 	50    	4035.01	2928  	5725.6
999 	50    	3970.78	2811.2	5443.6
1000	50    	4178.66	2511.6	5912.8
1001	50    	4195.69	2937.2	6511.2
1002	50    	4105.17	2514.4	5910.8
1003	50    	4098.22	3021.2	5334.8
1004	50    	3937.48	2576  	5278.8
1005	50    	4106.78	2884.8	5646.4
1006	50    	4052.64	2581.6	4994  
1007	50    	3971.15	2770.8	6104.8
1008	50    	4052.02	2724  	5113.6
1009	50    	4030.48	2702.8	5253.6
1010	50    	3987.51	2847.6	5920.8
1011	50    	4094.79	2082.8	5692.4
1012	50    	3963.86	2226  	5385.6
1013	50    	3931.92	2889.2	5957.6
1014	50    	3903.55	2131.2	5252.8
1015	50    	4078.23	2907.6	6032  
1016	50    	4255.8 	2617.6	5505.6
1017	50    	4052.3 	2762.8	6161.2
1018	50    	4134.56	3096  	6198  
1019	50    	4191.09	2453.6	5344.4
1020	50    	4061.17	2468.4	5268.8
1021	50    	4125.68	2643.6	5389.2
1022	50    	4255.46	3023.2	5688  
1023	50    	3934.1 	2712.8	6685.6
1024	50    	4055.79	2887.6	5420  
1025	50    	4019.91	2884.8	6054  
1026	50    	4040.64	2513.2	5246.4
1027	50    	3977.42	2154  	5296.4
1028	50    	4100.45	2774.8	5757.2
1029	50    	4029.54	2460  	5632  
1030	50    	4097.78	2720.8	5762.4
1031	50    	4011.21	2776.8	5848.8
1032	50    	3989.6 	3002.4	5572.4
1033	50    	4156.08	2807.2	6026.8
1034	50    	4103.54	2551.2	5752.8
1035	50    	4038.4 	2541.2	6112.4
1036	50    	4214.63	3046.4	5331.2
1037	50    	4105.86	2424.4	5644  
1038	50    	4066.65	2538.4	5849.6
1039	50    	4020.86	2534.4	6071.6
1040	50    	3964.18	2323.6	6107.6
1041	50    	4205.43	2926.8	5656  
1042	50    	4062.18	2620.8	5292.4
1043	50    	3990.1 	2431.6	6293.6
1044	50    	4054.45	2748.4	5482.8
1045	50    	3971.51	2851.6	5105.2
1046	50    	3978.88	2862.8	5850  
1047	50    	4010.93	2440.8	5625.2
1048	50    	4051.25	2975.6	5442.8
1049	50    	3918.46	2771.2	5517.6
1050	50    	4019.14	2485.6	5096.8
1051	50    	4124.73	3030.8	6300.8
1052	50    	4110.14	2736  	5830.8
1053	50    	4200.51	2726  	6017.2
1054	50    	4020.23	2876  	5411.6
1055	50    	3990.19	2898.4	5346  
1056	50    	3946.72	2718.4	5377.2
1057	50    	3867.18	2535.6	5231.6
1058	50    	4092.2 	2922.4	6311.2
1059	50    	4228.08	2834.8	5824.4
1060	50    	4059   	2830  	5668.8
1061	50    	3954.18	3003.2	5323.2
1062	50    	4114.18	2334.8	5364.4
1063	50    	4081.25	2429.6	5670.8
1064	50    	3983.15	2580  	5688.4
1065	50    	4099.5 	2857.6	6466.4
1066	50    	3992.11	2564.4	6119.2
1067	50    	4078.04	3059.2	5998  
1068	50    	4021.05	2908.4	5418.4
1069	50    	4059.31	2613.2	5984.4
1070	50    	4045.64	2776.4	5436.8
1071	50    	4077.78	2762.8	6489.2
1072	50    	3891.08	2325.6	5700.8
1073	50    	3950.86	2779.6	5010.4
1074	50    	3912.63	2500.4	5091.2
1075	50    	3709.39	2576.8	5033.6
1076	50    	4133.3 	2541.6	5703.2
1077	50    	3936.48	2805.2	5613.6
1078	50    	4089.06	2564  	6053.2
1079	50    	3910.9 	2294  	5370  
1080	50    	4144.26	2650  	5068.8
1081	50    	4068.55	3084.4	6474.4
1082	50    	3908.02	2769.2	5108  
1083	50    	4176.75	3099.6	5675.2
1084	50    	4076.06	2752.8	5834.8
1085	50    	3931.14	2598.4	5821.2
1086	50    	4003.23	2797.6	6031.2
1087	50    	4234.98	3031.2	5798.8
1088	50    	3963.06	2541.2	5478.4
1089	50    	3986.22	2328  	5605.6
1090	50    	4051.57	2897.2	5202.8
1091	50    	3910.09	2557.6	5277.6
1092	50    	4108.24	2753.2	5591.6
1093	50    	4001.71	2709.2	5127.6
1094	50    	3877.9 	2798  	5164.8
1095	50    	3975.36	1906.4	5690  
1096	50    	4075.54	2852.8	6557.2
1097	50    	4058.16	2684.8	5536.4
1098	50    	3910.79	2422  	5097.2
1099	50    	3823.16	2822.4	5394.4
1100	50    	3874.58	2316  	5672  
1101	50    	3899.22	2306.4	5685.2
1102	50    	3877.06	2331.6	5028.8
1103	50    	4055.46	2888.4	5445.2
1104	50    	3840.75	2262  	5188.8
1105	50    	3798.92	2338.8	5112.4
1106	50    	3896.42	2596.8	5332.4
1107	50    	4053.51	2322.8	5531.6
1108	50    	3900.01	2810.4	5864.8
1109	50    	3859.9 	2649.6	5050.4
1110	50    	3862.38	2568  	5295.6
1111	50    	3944.12	2686  	5372  
1112	50    	4007.92	2385.2	5918  
1113	50    	4111.29	2682  	5414.4
1114	50    	3975.07	2579.6	5655.6
1115	50    	3934.38	2819.6	5435.2
1116	50    	4029.6 	2467.6	5417.6
1117	50    	3916.43	2708.8	5584  
1118	50    	3958.81	2400.4	5211.2
1119	50    	4050.66	2405.6	5663.6
1120	50    	3995.08	2688  	5930.8
1121	50    	3719.98	2440  	5803.2
1122	50    	3974.64	2566  	5737.6
1123	50    	4113.23	2766.8	5536.4
1124	50    	4011.65	2810.4	5392.8
1125	50    	4075.76	2864.8	5194.8
1126	50    	4067.15	2734  	5670.8
1127	50    	3959.56	2642.4	5410.4
1128	50    	4101.61	2369.6	5491.6
1129	50    	3942.86	2622  	5666.8
1130	50    	3835.54	2746  	5046  
1131	50    	3985.36	2427.2	5211.6
1132	50    	4087.15	2741.2	5591.6
1133	50    	4104.38	2448.4	5568  
1134	50    	3888.28	1976  	5849.2
1135	50    	4051.16	2278.8	5676  
1136	50    	3800.54	2654.8	5152.8
1137	50    	4010.23	2176  	5545.2
1138	50    	4040.36	2576  	5402  
1139	50    	3873.62	2664.8	5952.8
1140	50    	3860.99	2765.2	5113.2
1141	50    	4032.49	2374  	5712  
1142	50    	3812.98	2915.2	5143.6
1143	50    	3926.04	2824.8	5530.8
1144	50    	4011.38	2711.6	5340.4
1145	50    	3990.03	3066.4	5224.8
1146	50    	4094.14	2608.8	5400.4
1147	50    	4114.44	2826.8	5586.8
1148	50    	4062.22	2752.4	5548.4
1149	50    	3987.75	2546.8	5688.8
1150	50    	4032.95	2701.2	5720.8
1151	50    	3930.73	2522.8	5976.8
1152	50    	4086.17	3180.4	5409.2
1153	50    	3989.84	2758.8	5714  
1154	50    	4043.62	2745.2	5342.4
1155	50    	4041.46	2980  	5582.8
1156	50    	3979.17	2388.8	5813.6
1157	50    	3829.34	2432  	5151.6
1158	50    	4023.78	2842.8	5206  
1159	50    	4228.81	2682.8	5648.8
1160	50    	4019.45	2454.8	5575.2
1161	50    	4186.36	2356.8	5824  
1162	50    	3985.82	2393.6	5912.4
1163	50    	4082.78	2522  	5466.4
1164	50    	3919.58	2366.4	5094.4
1165	50    	4048.19	2522.8	5693.6
1166	50    	3951.69	2169.2	5432  
1167	50    	3829.5 	2658.4	5802.8
1168	50    	4063.71	2508  	6228  
1169	50    	3846.18	2642.8	5225.2
1170	50    	4088.23	2487.6	5710.4
1171	50    	4028.02	2942.4	5685.6
1172	50    	3956.9 	2825.6	5792  
1173	50    	3954.61	2590.4	5440.4
1174	50    	4243.54	3250.4	5188  
1175	50    	3981.23	2705.2	5488  
1176	50    	3782.76	2603.2	5476  
1177	50    	3885.69	3046  	5611.6
1178	50    	3873.22	2225.6	5582.8
1179	50    	3974.61	2482.8	5211.6
1180	50    	3956   	2715.6	5655.2
1181	50    	3894.96	2221.6	5244.4
1182	50    	3952.93	2636  	6221.6
1183	50    	3979.6 	2403.6	5194  
1184	50    	3944.19	2973.2	5295.2
1185	50    	4060.85	2802  	5803.2
1186	50    	3934.56	2769.6	5328.4
1187	50    	4139.22	3001.2	5877.6
1188	50    	4120.95	2836  	5536.4
1189	50    	3831.5 	2554.8	5328  
1190	50    	4015.74	2474  	5794.8
1191	50    	3944.84	2699.2	5962  
1192	50    	4034.73	2546.4	6239.6
1193	50    	3984.87	2822  	5923.2
1194	50    	3955.8 	2194.8	6267.2
1195	50    	4064.28	2854.4	5347.2
1196	50    	4047.88	2594.4	4964.4
1197	50    	4023.94	2336  	5093.2
1198	50    	3715.41	2519.6	5082.8
1199	50    	3862.76	2374.4	4781.6
1200	50    	4005.82	2579.2	5488.8
1201	50    	4093.31	2574.8	6450.8
1202	50    	3918.51	2971.6	5693.6
1203	50    	4106.46	3044  	5426.8
1204	50    	3925.99	2722.4	5895.6
1205	50    	4195.11	2855.6	6005.6
1206	50    	3975.06	2541.6	5398.8
1207	50    	4094.87	2788.8	5331.2
1208	50    	4047.02	2363.2	5074.8
1209	50    	4135.13	2606  	5404.4
1210	50    	3955.55	2407.2	5690.8
1211	50    	3941.58	2172.4	5427.6
1212	50    	4136.85	3019.2	5639.2
1213	50    	4041.2 	2639.2	5585.2
1214	50    	4076.62	2655.2	5492  
1215	50    	4014.05	3109.2	5300  
1216	50    	3987.58	2927.2	5214  
1217	50    	4062.1 	2543.6	6196  
1218	50    	3978.19	2524.4	5960.4
1219	50    	4229.34	3095.6	6148  
1220	50    	3989.01	2376  	6038.8
1221	50    	4096.38	2730.8	5517.2
1222	50    	4109.23	2673.6	5362.4
1223	50    	3978.79	2768.4	5397.2
1224	50    	4062.91	2672.8	5573.2
1225	50    	4007.46	2865.2	6040  
1226	50    	4048.3 	2824  	5686  
1227	50    	4004.35	3125.6	5262.8
1228	50    	3882.76	2553.2	5350  
1229	50    	3938.01	2519.6	5621.6
1230	50    	3949.78	2674.4	5391.6
1231	50    	3876.56	2926.4	5531.2
1232	50    	3963.12	2949.2	5240.8
1233	50    	4096.42	2518.4	6612.4
1234	50    	4034.95	2617.6	5329.6
1235	50    	3988.43	2748  	4986.4
1236	50    	3923.93	2946.4	5823.6
1237	50    	3964.26	2894  	6207.6
1238	50    	3873.99	2631.6	5403.2
1239	50    	3923.4 	2716  	5566  
1240	50    	4000.92	2900.8	5446.4
1241	50    	3984.7 	2818.8	5858.4
1242	50    	4123.63	2300.8	5414.4
1243	50    	4111.55	2703.2	5231.2
1244	50    	4047.78	2501.6	5822.4
1245	50    	3870.38	2776.4	5855.6
1246	50    	4046.9 	2876  	5884.8
1247	50    	4031.21	2329.2	5560  
1248	50    	4063.3 	2978.4	5305.6
1249	50    	4200.99	2845.2	5354.8
1250	50    	4101.5 	2768.4	5410  