gen	nevals	avg      	min       	max      
0  	25    	0.0235312	0         	0.09375  
1  	25    	0.0665313	0.0078125 	0.100781 
2  	25    	0.0677656	0.0078125 	0.107031 
3  	25    	0.0606406	0         	0.0976562
4  	25    	0.0710625	0.0078125 	0.102734 
5  	25    	0.0697031	0.0078125 	0.103125 
6  	25    	0.0728437	0.0078125 	0.0945313
7  	25    	0.0728594	0.0523437 	0.103125 
8  	25    	0.0705156	0.0078125 	0.0976562
9  	25    	0.0735313	0.0585938 	0.0925781
10 	25    	0.07325  	0.0558594 	0.0945313
11 	25    	0.0697969	0.0078125 	0.0863281
12 	25    	0.0745156	0.0078125 	0.0988281
13 	25    	0.0786719	0.0589844 	0.110937 
14 	25    	0.0759062	0.0078125 	0.102734 
15 	25    	0.0731562	0.0621094 	0.0863281
16 	25    	0.0706875	0.0078125 	0.108984 
17 	25    	0.0699219	0.0078125 	0.100781 
18 	25    	0.0730156	0.0078125 	0.103125 
19 	25    	0.0701094	0.0078125 	0.0914062
20 	25    	0.0737969	0.05625   	0.0976562
21 	25    	0.0655937	0.0078125 	0.0894531
22 	25    	0.0708594	0.0550781 	0.0945313
23 	25    	0.071875 	0.0546875 	0.0898438
24 	25    	0.0752344	0.0488281 	0.0996094
25 	25    	0.0711562	0.0078125 	0.100391 
26 	25    	0.0726094	0.053125  	0.0894531
27 	25    	0.0749219	0.0621094 	0.0910156
28 	25    	0.0716562	0.05625   	0.104687 
29 	25    	0.0792187	0.0558594 	0.108594 
30 	25    	0.0769844	0.0585938 	0.104687 
31 	25    	0.072625 	0.0511719 	0.119141 
32 	25    	0.0718125	0.0582031 	0.0886719
33 	25    	0.0798125	0.059375  	0.192578 
34 	25    	0.078125 	0.0078125 	0.194531 
35 	25    	0.0972188	0.0078125 	0.648828 
36 	25    	0.0931875	0.0078125 	0.4625   
37 	25    	0.139484 	0.0078125 	0.494922 
38 	25    	0.177828 	0.0078125 	0.558203 
39 	25    	0.228781 	0.0078125 	0.616406 
40 	25    	0.259281 	0.0078125 	0.597266 
41 	25    	0.366375 	0.0078125 	0.626953 
42 	25    	0.406766 	0.0078125 	0.648047 
43 	25    	0.382438 	0.0078125 	0.635938 
44 	25    	0.333906 	0.0078125 	0.664844 
45 	25    	0.372828 	0.0078125 	0.679688 
46 	25    	0.54925  	0.0078125 	0.695312 
47 	25    	0.566531 	0.0078125 	0.671094 
48 	25    	0.531375 	0.0078125 	0.689453 
49 	25    	0.580734 	0.507812  	0.668359 
50 	25    	0.515391 	0.0078125 	0.674219 
51 	25    	0.567109 	0.0078125 	0.655078 
52 	25    	0.557406 	0.0078125 	0.686328 
53 	25    	0.554828 	0.0773437 	0.667969 
54 	25    	0.504578 	0.0078125 	0.664453 
55 	25    	0.472516 	0.0078125 	0.6375   
56 	25    	0.549734 	0.0816406 	0.685938 
57 	25    	0.534875 	0.0078125 	0.662109 
58 	25    	0.567984 	0.0078125 	0.666406 
59 	25    	0.568281 	0.487891  	0.653516 
60 	25    	0.578672 	0.0632813 	0.676562 
61 	25    	0.513313 	0.0578125 	0.660547 
62 	25    	0.530172 	0.0078125 	0.660156 
63 	25    	0.564344 	0.444531  	0.642578 
64 	25    	0.560063 	0.0078125 	0.661328 
65 	25    	0.506781 	0.0078125 	0.685156 
66 	25    	0.562953 	0.0878906 	0.659375 
67 	25    	0.515172 	0.0078125 	0.651172 
68 	25    	0.559016 	0.0078125 	0.697266 
69 	25    	0.497484 	0.0078125 	0.642969 
70 	25    	0.541312 	0.06875   	0.677734 
71 	25    	0.537937 	0.0078125 	0.626953 
72 	25    	0.557609 	0.0078125 	0.663672 
73 	25    	0.546766 	0.0617188 	0.686719 
74 	25    	0.575047 	0.481641  	0.659375 
75 	25    	0.530109 	0.0078125 	0.671094 
76 	25    	0.590703 	0.497266  	0.649219 
77 	25    	0.541734 	0.0078125 	0.638281 
78 	25    	0.523172 	0.0078125 	0.65     
79 	25    	0.535953 	0.0078125 	0.636328 
80 	25    	0.518594 	0.0078125 	0.657422 
81 	25    	0.571047 	0.0078125 	0.664062 
82 	25    	0.553813 	0.0078125 	0.675781 
83 	25    	0.526125 	0.0695312 	0.659766 
84 	25    	0.48975  	0.0078125 	0.650391 
85 	25    	0.576859 	0.422656  	0.644531 
86 	25    	0.512734 	0.0078125 	0.65     
87 	25    	0.566422 	0.0882813 	0.694141 
88 	25    	0.503953 	0.0078125 	0.657812 
89 	25    	0.501703 	0.0078125 	0.671484 
90 	25    	0.584469 	0.51875   	0.639063 
91 	25    	0.549406 	0.0710938 	0.681641 
92 	25    	0.553719 	0.0582031 	0.658984 
93 	25    	0.487016 	0.0078125 	0.641797 
94 	25    	0.572281 	0.485156  	0.709375 
95 	25    	0.560125 	0.0621094 	0.652344 
96 	25    	0.560406 	0.0625    	0.687891 
97 	25    	0.495422 	0.0078125 	0.689062 
98 	25    	0.556094 	0.06875   	0.65625  
99 	25    	0.561359 	0.0078125 	0.717188 
100	25    	0.533031 	0.0078125 	0.688672 
101	25    	0.549859 	0.0941406 	0.682422 
102	25    	0.543609 	0.0078125 	0.6625   
103	25    	0.562078 	0.0078125 	0.669531 
104	25    	0.483453 	0.0078125 	0.686328 
105	25    	0.517859 	0.0078125 	0.692187 
106	25    	0.561828 	0.0078125 	0.677734 
107	25    	0.542422 	0.0078125 	0.714063 
108	25    	0.526203 	0.0078125 	0.658203 
109	25    	0.541922 	0.0078125 	0.704687 
110	25    	0.497109 	0.0078125 	0.680859 
111	25    	0.487219 	0.0078125 	0.668359 
112	25    	0.539719 	0.0078125 	0.681641 
113	25    	0.504406 	0.0078125 	0.696875 
114	25    	0.548812 	0.0078125 	0.674219 
115	25    	0.483    	0.0078125 	0.642187 
116	25    	0.568141 	0.0078125 	0.678125 
117	25    	0.519594 	0.0078125 	0.649609 
118	25    	0.479422 	0.0078125 	0.685156 
119	25    	0.528672 	0.0078125 	0.666797 
120	25    	0.557891 	0.06875   	0.651953 
121	25    	0.550391 	0.0078125 	0.703516 
122	25    	0.534031 	0.0078125 	0.668359 
123	25    	0.492547 	0.0078125 	0.658984 
124	25    	0.583719 	0.481641  	0.635938 
125	25    	0.573984 	0.444141  	0.673047 
126	25    	0.588422 	0.519141  	0.686719 
127	25    	0.582469 	0.468359  	0.661719 
128	25    	0.539078 	0.0078125 	0.685938 
129	25    	0.586937 	0.5       	0.685547 
130	25    	0.584141 	0.481641  	0.686719 
131	25    	0.546609 	0.0078125 	0.6625   
132	25    	0.596906 	0.420312  	0.670703 
133	25    	0.583609 	0.515234  	0.65625  
134	25    	0.586625 	0.495703  	0.696484 
135	25    	0.455875 	0.0078125 	0.635547 
136	25    	0.471328 	0.0078125 	0.670703 
137	25    	0.572672 	0.483984  	0.629687 
138	25    	0.525281 	0.0078125 	0.675    
139	25    	0.534875 	0.0742188 	0.689062 
140	25    	0.562828 	0.0511719 	0.655078 
141	25    	0.509531 	0.0078125 	0.659766 
142	25    	0.470797 	0.0078125 	0.656641 
143	25    	0.586    	0.514844  	0.651172 
144	25    	0.504    	0.0078125 	0.697266 
145	25    	0.4915   	0.0078125 	0.653125 
146	25    	0.549922 	0.0078125 	0.660937 
147	25    	0.535578 	0.0078125 	0.64375  
148	25    	0.551625 	0.0078125 	0.665625 
149	25    	0.576656 	0.0695312 	0.680469 
150	25    	0.534484 	0.0078125 	0.661719 
151	25    	0.520906 	0.0078125 	0.708594 
152	25    	0.508969 	0.0078125 	0.667188 
153	25    	0.523891 	0.0078125 	0.663672 
154	25    	0.565734 	0.0707031 	0.683203 
155	25    	0.540391 	0.0078125 	0.665234 
156	25    	0.4665   	0.0078125 	0.675391 
157	25    	0.544328 	0.0078125 	0.632812 
158	25    	0.591313 	0.523828  	0.655078 
159	25    	0.529078 	0.0078125 	0.648047 
160	25    	0.547172 	0.0554687 	0.660156 
161	25    	0.583938 	0.496875  	0.633203 
162	25    	0.543328 	0.0078125 	0.683984 
163	25    	0.495375 	0.0078125 	0.679297 
164	25    	0.545234 	0.0542969 	0.701953 
165	25    	0.548688 	0.0078125 	0.688672 
166	25    	0.489594 	0.0078125 	0.690234 
167	25    	0.529453 	0.0078125 	0.712109 
168	25    	0.565344 	0.0828125 	0.689062 
169	25    	0.558453 	0.0078125 	0.691797 
170	25    	0.485844 	0.0078125 	0.641406 
171	25    	0.564953 	0.0683594 	0.657422 
172	25    	0.523734 	0.0078125 	0.694531 
173	25    	0.515031 	0.0078125 	0.657031 
174	25    	0.563531 	0.0078125 	0.666797 
175	25    	0.548375 	0.0078125 	0.68125  
176	25    	0.50825  	0.0078125 	0.660156 
177	25    	0.540187 	0.0078125 	0.654688 
178	25    	0.543375 	0.0667969 	0.632812 
179	25    	0.501344 	0.0078125 	0.637891 
180	25    	0.500375 	0.0078125 	0.704687 
181	25    	0.548469 	0.0554687 	0.659766 
182	25    	0.514047 	0.0078125 	0.632422 
183	25    	0.535641 	0.0621094 	0.680469 
184	25    	0.506969 	0.0078125 	0.682813 
185	25    	0.547313 	0.0078125 	0.667188 
186	25    	0.544312 	0.078125  	0.725391 
187	25    	0.544781 	0.0652344 	0.660156 
188	25    	0.513422 	0.0078125 	0.665625 
189	25    	0.561344 	0.0675781 	0.655469 
190	25    	0.55275  	0.0078125 	0.649219 
191	25    	0.564969 	0.0773437 	0.698047 
192	25    	0.544953 	0.0078125 	0.657031 
193	25    	0.508813 	0.0078125 	0.677734 
194	25    	0.543531 	0.0078125 	0.668359 
195	25    	0.527313 	0.0078125 	0.69375  
196	25    	0.518609 	0.0078125 	0.685156 
197	25    	0.532094 	0.0578125 	0.682813 
198	25    	0.539563 	0.0078125 	0.707031 
199	25    	0.551797 	0.0078125 	0.705078 
200	25    	0.560188 	0.0660156 	0.640625 
201	25    	0.541109 	0.0113281 	0.677734 
202	25    	0.547078 	0.0078125 	0.691406 
203	25    	0.540422 	0.0078125 	0.630859 
204	25    	0.526594 	0.0078125 	0.657422 
205	25    	0.553953 	0.0078125 	0.660937 
206	25    	0.519734 	0.0648438 	0.641016 
207	25    	0.558219 	0.0519531 	0.651563 
208	25    	0.536406 	0.0570313 	0.672656 
209	25    	0.521078 	0.0078125 	0.683984 
210	25    	0.500719 	0.0515625 	0.664062 
211	25    	0.546906 	0.0765625 	0.69375  
212	25    	0.551469 	0.0078125 	0.655859 
213	25    	0.560734 	0.0675781 	0.659375 
214	25    	0.507734 	0.0078125 	0.634766 
215	25    	0.570016 	0.428516  	0.707031 
216	25    	0.560203 	0.0078125 	0.686328 
217	25    	0.560625 	0.0585938 	0.672266 
218	25    	0.571344 	0.0078125 	0.707031 
219	25    	0.523078 	0.0078125 	0.648047 
220	25    	0.537031 	0.0078125 	0.675    
221	25    	0.540375 	0.00820312	0.678906 
222	25    	0.545844 	0.0078125 	0.638281 
223	25    	0.497344 	0.0078125 	0.658203 
224	25    	0.514516 	0.0078125 	0.655859 
225	25    	0.531391 	0.0078125 	0.653125 
226	25    	0.532734 	0.0078125 	0.646094 
227	25    	0.554906 	0.0855469 	0.661328 
228	25    	0.560344 	0.0078125 	0.669922 
229	25    	0.538781 	0.0078125 	0.686719 
230	25    	0.543547 	0.0523437 	0.678906 
231	25    	0.443641 	0.0078125 	0.656641 
232	25    	0.586594 	0.503906  	0.646484 
233	25    	0.513641 	0.0078125 	0.655078 
234	25    	0.586125 	0.430078  	0.682813 
235	25    	0.538453 	0.0078125 	0.68125  
236	25    	0.495859 	0.0078125 	0.687891 
237	25    	0.561484 	0.0078125 	0.686719 
238	25    	0.517813 	0.0078125 	0.655078 
239	25    	0.554531 	0.0078125 	0.637891 
240	25    	0.551266 	0.0890625 	0.662891 
241	25    	0.579969 	0.503906  	0.659766 
242	25    	0.500734 	0.0636719 	0.639063 
243	25    	0.559703 	0.00859375	0.692187 
244	25    	0.465203 	0.0078125 	0.679688 
245	25    	0.546594 	0.0078125 	0.673828 
246	25    	0.511297 	0.0078125 	0.645703 
247	25    	0.475828 	0.0078125 	0.639844 
248	25    	0.569047 	0.0835937 	0.682422 
249	25    	0.550719 	0.0679687 	0.647656 
250	25    	0.537141 	0.0078125 	0.659766 
251	25    	0.513062 	0.0078125 	0.678906 
252	25    	0.576828 	0.0691406 	0.671094 
253	25    	0.547094 	0.0613281 	0.658594 
254	25    	0.545406 	0.0582031 	0.664844 
255	25    	0.513937 	0.0078125 	0.6625   
256	25    	0.522453 	0.0078125 	0.642187 
257	25    	0.535656 	0.0078125 	0.687109 
258	25    	0.516094 	0.0078125 	0.672266 
259	25    	0.528281 	0.0800781 	0.642578 
260	25    	0.507719 	0.0078125 	0.640234 
261	25    	0.543156 	0.0078125 	0.649609 
262	25    	0.543844 	0.0078125 	0.679688 
263	25    	0.546766 	0.0769531 	0.675    
264	25    	0.566562 	0.0859375 	0.659375 
265	25    	0.541625 	0.0078125 	0.645703 
266	25    	0.538125 	0.0738281 	0.642578 
267	25    	0.552938 	0.0707031 	0.667969 
268	25    	0.512984 	0.0078125 	0.663281 
269	25    	0.540391 	0.0078125 	0.713281 
270	25    	0.551047 	0.0667969 	0.654688 
271	25    	0.565531 	0.0773437 	0.656641 
272	25    	0.56225  	0.0761719 	0.691797 
273	25    	0.541297 	0.0808594 	0.671484 
274	25    	0.537828 	0.0820312 	0.666406 
275	25    	0.54825  	0.0078125 	0.703125 
276	25    	0.565953 	0.0078125 	0.678906 
277	25    	0.520328 	0.0078125 	0.680078 
278	25    	0.553719 	0.0765625 	0.674609 
279	25    	0.504047 	0.0078125 	0.673828 
280	25    	0.529719 	0.071875  	0.642187 
281	25    	0.527016 	0.0078125 	0.661719 
282	25    	0.498078 	0.0078125 	0.687109 
283	25    	0.49775  	0.0078125 	0.626953 
284	25    	0.550281 	0.0078125 	0.675391 
285	25    	0.544078 	0.0648438 	0.650781 
286	25    	0.535656 	0.0078125 	0.648438 
287	25    	0.566266 	0.480469  	0.659375 
288	25    	0.601656 	0.542188  	0.708984 
289	25    	0.580422 	0.417969  	0.678906 
290	25    	0.562297 	0.0828125 	0.682422 
291	25    	0.526141 	0.0078125 	0.676562 
292	25    	0.499375 	0.0078125 	0.66875  
293	25    	0.576984 	0.458203  	0.626953 
294	25    	0.547438 	0.0738281 	0.674219 
295	25    	0.498453 	0.0078125 	0.647266 
296	25    	0.520453 	0.0078125 	0.660156 
297	25    	0.571125 	0.0078125 	0.671094 
298	25    	0.536047 	0.0078125 	0.696875 
299	25    	0.539891 	0.0078125 	0.646484 
300	25    	0.515313 	0.0078125 	0.691406 
301	25    	0.553    	0.0078125 	0.664062 
302	25    	0.583453 	0.509375  	0.653906 
303	25    	0.559969 	0.0078125 	0.652344 
304	25    	0.569062 	0.0871094 	0.687109 
305	25    	0.514234 	0.0078125 	0.670313 
306	25    	0.560375 	0.0078125 	0.651953 
307	25    	0.540406 	0.0078125 	0.686328 
308	25    	0.56     	0.0078125 	0.700781 
309	25    	0.557797 	0.0078125 	0.683203 
310	25    	0.560578 	0.0078125 	0.647266 
311	25    	0.570234 	0.0078125 	0.678906 
312	25    	0.594    	0.503906  	0.667969 
313	25    	0.555734 	0.0078125 	0.663672 
314	25    	0.579875 	0.0632813 	0.7      
315	25    	0.505641 	0.0078125 	0.66875  
316	25    	0.478703 	0.0078125 	0.688281 
317	25    	0.551313 	0.0078125 	0.676562 
318	25    	0.549406 	0.0078125 	0.675    
319	25    	0.559391 	0.0972656 	0.637891 
320	25    	0.534359 	0.0570313 	0.655469 
321	25    	0.529469 	0.0742188 	0.653516 
322	25    	0.570688 	0.0816406 	0.688672 
323	25    	0.481281 	0.0078125 	0.664062 
324	25    	0.565203 	0.0878906 	0.656641 
325	25    	0.535937 	0.0078125 	0.655469 
326	25    	0.506453 	0.0078125 	0.649609 
327	25    	0.510063 	0.0078125 	0.664453 
328	25    	0.512156 	0.0078125 	0.645312 
329	25    	0.51975  	0.0078125 	0.673047 
330	25    	0.558422 	0.0078125 	0.646875 
331	25    	0.533406 	0.0078125 	0.657422 
332	25    	0.538234 	0.0078125 	0.660937 
333	25    	0.546766 	0.00859375	0.675391 
334	25    	0.547187 	0.0078125 	0.65625  
335	25    	0.541281 	0.0078125 	0.704297 
336	25    	0.539875 	0.0769531 	0.647266 
337	25    	0.516016 	0.0078125 	0.661328 
338	25    	0.522391 	0         	0.680469 
339	25    	0.566078 	0.0726563 	0.70625  
340	25    	0.557313 	0.0078125 	0.662109 
341	25    	0.556156 	0.0730469 	0.663672 
342	25    	0.573594 	0.502344  	0.675391 
343	25    	0.522938 	0.0640625 	0.644922 
344	25    	0.547594 	0.0078125 	0.678906 
345	25    	0.540531 	0.0078125 	0.663672 
346	25    	0.536891 	0.0078125 	0.657812 
347	25    	0.555078 	0.0609375 	0.632031 
348	25    	0.589453 	0.508594  	0.686328 
349	25    	0.557391 	0.0652344 	0.695703 
350	25    	0.54175  	0.0730469 	0.664844 
351	25    	0.55725  	0.0078125 	0.684375 
352	25    	0.506203 	0.0078125 	0.651563 
353	25    	0.552547 	0.0078125 	0.675781 
354	25    	0.571844 	0.0769531 	0.677734 
355	25    	0.570625 	0.0785156 	0.688281 
356	25    	0.540969 	0.0542969 	0.654688 
357	25    	0.558984 	0.0078125 	0.673437 
358	25    	0.529828 	0.0078125 	0.658594 
359	25    	0.546688 	0.0585938 	0.647656 
360	25    	0.495313 	0.0078125 	0.671094 
361	25    	0.535328 	0.0078125 	0.683594 
362	25    	0.425266 	0.0078125 	0.644922 
363	25    	0.49375  	0.0550781 	0.671875 
364	25    	0.521703 	0.0078125 	0.64375  
365	25    	0.505422 	0.0078125 	0.6625   
366	25    	0.514875 	0.0078125 	0.666016 
367	25    	0.497078 	0.0078125 	0.686719 
368	25    	0.524156 	0.0078125 	0.666016 
369	25    	0.496859 	0.0078125 	0.700391 
370	25    	0.535781 	0.0078125 	0.655859 
371	25    	0.508016 	0.0078125 	0.705078 
372	25    	0.571656 	0.463672  	0.689062 
373	25    	0.509297 	0.0078125 	0.655078 
374	25    	0.490016 	0.0078125 	0.685156 
375	25    	0.450453 	0.0078125 	0.644141 
376	25    	0.532828 	0.0078125 	0.65     
377	25    	0.484203 	0.0078125 	0.657422 
378	25    	0.54975  	0.0078125 	0.655078 
379	25    	0.523828 	0.0078125 	0.667188 
380	25    	0.539047 	0.0078125 	0.682422 
381	25    	0.512016 	0.0078125 	0.657812 
382	25    	0.512203 	0.0078125 	0.676953 
383	25    	0.5285   	0.0078125 	0.669531 
384	25    	0.503859 	0.0078125 	0.648047 
385	25    	0.549844 	0.0875    	0.676562 
386	25    	0.486594 	0.0078125 	0.674219 
387	25    	0.534297 	0.0078125 	0.645703 
388	25    	0.542094 	0.0078125 	0.723828 
389	25    	0.526734 	0.0078125 	0.639453 
390	25    	0.548297 	0.0078125 	0.646875 
391	25    	0.529703 	0.0078125 	0.674609 
392	25    	0.538078 	0.0078125 	0.685547 
393	25    	0.552438 	0.0621094 	0.648828 
394	25    	0.516469 	0.0644531 	0.683594 
395	25    	0.475047 	0.0078125 	0.664453 
396	25    	0.531437 	0.0078125 	0.669531 
397	25    	0.516453 	0.0078125 	0.633984 
398	25    	0.568234 	0.0632813 	0.66875  
399	25    	0.547875 	0.0648438 	0.686719 
400	25    	0.577438 	0.474609  	0.648047 
401	25    	0.527344 	0.0078125 	0.704687 
402	25    	0.562484 	0.0078125 	0.679297 
403	25    	0.570984 	0.0625    	0.685156 
404	25    	0.528109 	0.0792969 	0.646484 
405	25    	0.543469 	0.0804688 	0.7      
406	25    	0.553813 	0.0828125 	0.650781 
407	25    	0.537953 	0.0078125 	0.685938 
408	25    	0.492    	0.0078125 	0.648828 
409	25    	0.527953 	0.0078125 	0.664453 
410	25    	0.478641 	0.0078125 	0.650391 
411	25    	0.537078 	0.0078125 	0.677344 
412	25    	0.530828 	0.0078125 	0.647266 
413	25    	0.556469 	0.0078125 	0.675391 
414	25    	0.533906 	0.0078125 	0.647266 
415	25    	0.557094 	0.0078125 	0.664062 
416	25    	0.531219 	0.0667969 	0.670313 
417	25    	0.552594 	0.0808594 	0.653125 
418	25    	0.559094 	0.0078125 	0.685156 
419	25    	0.508328 	0.0078125 	0.648047 
420	25    	0.484    	0.0078125 	0.653516 
421	25    	0.550828 	0.0117188 	0.653516 
422	25    	0.532781 	0.0078125 	0.676562 
423	25    	0.547812 	0.0078125 	0.658984 
424	25    	0.584922 	0.407422  	0.683203 
425	25    	0.569281 	0.448047  	0.632422 
426	25    	0.55475  	0.0855469 	0.664062 
427	25    	0.549187 	0.0078125 	0.632812 
428	25    	0.54575  	0.0078125 	0.673828 
429	25    	0.582531 	0.498047  	0.734375 
430	25    	0.465203 	0.0078125 	0.6625   
431	25    	0.524984 	0.0078125 	0.679297 
432	25    	0.513703 	0.0078125 	0.712109 
433	25    	0.551672 	0.0816406 	0.660156 
434	25    	0.559969 	0.0078125 	0.681641 
435	25    	0.567297 	0.0726563 	0.674609 
436	25    	0.541078 	0.0078125 	0.691797 
437	25    	0.534453 	0.0078125 	0.655078 
438	25    	0.575641 	0.464063  	0.671484 
439	25    	0.562406 	0.065625  	0.66875  
440	25    	0.497672 	0.0078125 	0.683594 
441	25    	0.532438 	0.0652344 	0.683594 
442	25    	0.55125  	0.0078125 	0.64375  
443	25    	0.534156 	0.0078125 	0.667578 
444	25    	0.559266 	0.0078125 	0.693359 
445	25    	0.556078 	0.0078125 	0.679297 
446	25    	0.5045   	0.0078125 	0.639063 
447	25    	0.571125 	0.463672  	0.652344 
448	25    	0.537297 	0.0660156 	0.6625   
449	25    	0.508562 	0.0078125 	0.655859 
450	25    	0.556125 	0.0078125 	0.694531 
451	25    	0.543438 	0.0078125 	0.652734 
452	25    	0.556328 	0.071875  	0.689453 
453	25    	0.508922 	0.0078125 	0.694141 
454	25    	0.511641 	0.0078125 	0.696875 
455	25    	0.524766 	0.0078125 	0.673437 
456	25    	0.565406 	0.0742188 	0.684766 
457	25    	0.558516 	0.0078125 	0.670703 
458	25    	0.529906 	0.0078125 	0.652734 
459	25    	0.579266 	0.0078125 	0.687891 
460	25    	0.503781 	0.0078125 	0.639063 
461	25    	0.556281 	0.0644531 	0.655078 
462	25    	0.536844 	0.0078125 	0.644922 
463	25    	0.508641 	0.0078125 	0.638281 
464	25    	0.481766 	0.0078125 	0.673437 
465	25    	0.460672 	0.0542969 	0.674219 
466	25    	0.539172 	0.0578125 	0.655859 
467	25    	0.550484 	0.0714844 	0.6875   
468	25    	0.577797 	0.373437  	0.698047 
469	25    	0.50425  	0.0078125 	0.664062 
470	25    	0.507031 	0.0078125 	0.642187 
471	25    	0.526875 	0.0632813 	0.671094 
472	25    	0.520703 	0.0621094 	0.673828 
473	25    	0.584734 	0.53125   	0.650781 
474	25    	0.501922 	0.0078125 	0.642187 
475	25    	0.562625 	0.0863281 	0.673828 
476	25    	0.560516 	0.0078125 	0.672266 
477	25    	0.530484 	0.0078125 	0.634766 
478	25    	0.552641 	0.0078125 	0.644922 
479	25    	0.581297 	0.0769531 	0.675391 
480	25    	0.491781 	0.0496094 	0.644531 
481	25    	0.495734 	0.0078125 	0.695312 
482	25    	0.510281 	0.0078125 	0.667969 
483	25    	0.548156 	0.0078125 	0.668359 
484	25    	0.556125 	0.0726563 	0.693359 
485	25    	0.540391 	0.0078125 	0.632812 
486	25    	0.535859 	0.0078125 	0.650781 
487	25    	0.526703 	0.0078125 	0.657812 
488	25    	0.532609 	0.0078125 	0.68125  
489	25    	0.595062 	0.503516  	0.686328 
490	25    	0.497625 	0.0078125 	0.667578 
491	25    	0.570625 	0.468359  	0.642969 
492	25    	0.545062 	0.0078125 	0.663672 
493	25    	0.533469 	0.0078125 	0.670313 
494	25    	0.556969 	0.0828125 	0.685938 
495	25    	0.543344 	0.0507812 	0.646484 
496	25    	0.527781 	0.0078125 	0.661328 
497	25    	0.505891 	0.0078125 	0.671875 
498	25    	0.584719 	0.495313  	0.657422 
499	25    	0.468922 	0.0078125 	0.671875 
500	25    	0.532766 	0.0078125 	0.670703 