gen 	nevals	avg    	min   	max   
0   	50    	1241.63	645.6 	2432  
1   	50    	1516.1 	685.2 	3477.2
2   	50    	1831.7 	726   	3592  
3   	50    	2188.8 	800   	3440.8
4   	50    	2188.78	955.2 	3522  
5   	50    	2250.35	1058.8	3426.4
6   	50    	2438.53	1166.4	3843.6
7   	50    	2260.34	974.8 	4067.6
8   	50    	2585.98	1354.8	3958.4
9   	50    	2685.86	1382.8	4272.8
10  	50    	2734.38	1777.6	4129.6
11  	50    	2744.4 	1660  	3952.8
12  	50    	2679.11	844.8 	3810.8
13  	50    	2685.24	1893.2	4504.4
14  	50    	2812.34	1735.2	3841.2
15  	50    	2596.5 	1498.4	4398  
16  	50    	2808.98	1826.8	3758.8
17  	50    	2788.34	1980  	3653.6
18  	50    	2946.12	1660.4	4065.6
19  	50    	2844.74	1706.8	4394.8
20  	50    	2783.49	1803.6	3594.4
21  	50    	2860.76	741.6 	3956.8
22  	50    	2730.7 	1866.4	3917.2
23  	50    	2885.86	1840  	3873.2
24  	50    	2854.5 	1945.2	4292.4
25  	50    	2796.86	1614.8	4450.8
26  	50    	2870.47	1783.2	3856.4
27  	50    	2908.21	1430.4	4611.6
28  	50    	2925.15	1928.4	3865.6
29  	50    	2723.77	1840  	4061.6
30  	50    	2891.95	1854  	4114.8
31  	50    	2843.25	1883.6	3542.8
32  	50    	2785.46	1349.2	4043.6
33  	50    	3009.19	2118.8	4468  
34  	50    	2965.47	1838  	4539.6
35  	50    	2947.97	1585.2	4422.8
36  	50    	3097.33	1890  	4215.6
37  	50    	3117.77	1466.8	4758  
38  	50    	3096.41	1816  	4339.2
39  	50    	3030.33	1750  	4817.6
40  	50    	3026.11	1677.6	4098.4
41  	50    	3106.83	2181.2	4525.2
42  	50    	3053.43	1299.6	4045.2
43  	50    	2988.9 	1228.8	4569.2
44  	50    	3138.95	2214  	4238.4
45  	50    	2982.3 	1866.8	4308.4
46  	50    	3060.07	2037.2	4320.8
47  	50    	3102.1 	1638  	4376  
48  	50    	3225.87	2002  	4639.6
49  	50    	3148.9 	1965.2	5770.4
50  	50    	3236.4 	2133.2	4403.6
51  	50    	3118.2 	2166.8	4417.2
52  	50    	3147.55	2260.4	4354.8
53  	50    	3080.12	2123.2	5160  
54  	50    	3098.78	999.2 	4485.2
55  	50    	3050.28	1532  	4452.8
56  	50    	3070.06	1834.4	4665.6
57  	50    	3119.35	1838.4	4261.2
58  	50    	3174.78	1633.2	4423.6
59  	50    	3087.83	2226.4	4750  
60  	50    	3225.26	1052.8	4503.6
61  	50    	3223.31	2426.8	4270  
62  	50    	3065.85	2178  	4034.4
63  	50    	3063.72	1732  	4168.4
64  	50    	3136.93	1990.8	4989.6
65  	50    	3185.24	1778  	4518.8
66  	50    	3159.82	1868.8	4788  
67  	50    	3014.31	1100  	4018.8
68  	50    	3256.3 	1859.6	4761.2
69  	50    	3031.74	1384.8	4589.6
70  	50    	3129.63	1922.8	4020  
71  	50    	3128.68	1688.8	4061.2
72  	50    	3109.89	1668.4	5165.6
73  	50    	3200.7 	1998.8	4255.6
74  	50    	3194.82	2115.6	4461.6
75  	50    	3073.6 	1793.2	4029.2
76  	50    	3156.85	2000.8	4776.4
77  	50    	3020.39	2152.8	4582  
78  	50    	3140.38	1809.2	5585.6
79  	50    	3265.66	2227.6	4761.6
80  	50    	3083.87	2054.4	4835.2
81  	50    	3100.38	2133.6	4196.4
82  	50    	3130.97	2146  	5226  
83  	50    	3029.38	2101.2	4167.6
84  	50    	3082.37	1847.2	4511.6
85  	50    	3196.8 	1876.8	5364  
86  	50    	3119.23	2151.2	4472  
87  	50    	3129.25	1932.8	5245.2
88  	50    	2953.82	1966.8	4241.6
89  	50    	3092.62	2080.4	3956.8
90  	50    	3025.24	1671.2	4499.6
91  	50    	3064.07	1410.8	4892  
92  	50    	3019.71	1821.6	4443.2
93  	50    	3092.95	1183.2	4494.4
94  	50    	3102.76	1874  	5273.6
95  	50    	3196.98	2138.8	4392.4
96  	50    	3050.9 	1902.8	4758.8
97  	50    	3130.18	2071.6	4662.8
98  	50    	3006.98	1787.6	4541.6
99  	50    	3158.34	1728.8	4694.4
100 	50    	3127.44	2109.6	4328.8
101 	50    	3066.06	1863.6	4036.4
102 	50    	3194.32	1764.8	4606  
103 	50    	3150.36	1913.6	4431.2
104 	50    	3117.82	1238.8	4717.6
105 	50    	3055.17	1728.8	5159.6
106 	50    	3070.78	1978.8	4140.4
107 	50    	3054.32	1966.8	4068  
108 	50    	3087.11	1678  	4718.8
109 	50    	3052.34	1884  	4480.4
110 	50    	3049.24	1977.6	4653.6
111 	50    	3199.78	2061.6	4264.8
112 	50    	3123.72	1661.6	4525.6
113 	50    	3097.47	2220  	4832.8
114 	50    	2975.6 	1658  	5077.6
115 	50    	3215.45	1707.6	4809.2
116 	50    	3127.72	1968  	4904  
117 	50    	3101.18	2038  	4384.8
118 	50    	3106.03	1932.4	4637.2
119 	50    	3226.82	2207.2	4429.6
120 	50    	3072.21	2078.8	4179.2
121 	50    	3132.72	1825.2	4398  
122 	50    	3051.36	1706.8	4176  
123 	50    	3067.7 	2106.8	4404.4
124 	50    	3205.68	1542  	4521.2
125 	50    	3049.02	1310  	4168.4
126 	50    	3003.62	1554.4	4041.6
127 	50    	3058.48	2088.8	4092  
128 	50    	3113.84	2342.4	4367.6
129 	50    	3018.46	974   	4090  
130 	50    	3020.88	2071.6	3925.6
131 	50    	3124.32	1919.2	4390.4
132 	50    	2983.69	1868  	4134.4
133 	50    	2991.15	2216.8	4244.8
134 	50    	2997.88	1870  	3936.8
135 	50    	3060.94	1426  	4224.8
136 	50    	2912.18	1166.4	4084.4
137 	50    	3155.71	2044  	4610  
138 	50    	2937.61	1946.4	4180.4
139 	50    	3026.83	1936  	4034.4
140 	50    	2986.06	1493.2	4265.6
141 	50    	3062.23	2159.2	4577.6
142 	50    	2928.18	2028  	4545.2
143 	50    	2972.65	1660  	4759.2
144 	50    	2921.07	1854  	4024  
145 	50    	3023.3 	972.4 	4195.2
146 	50    	2965.58	2074  	4538  
147 	50    	2906.57	1904.4	4251.6
148 	50    	2766.94	1906  	4314  
149 	50    	3057.45	2310.8	4634.4
150 	50    	3004.08	1912.8	4126  
151 	50    	2987.29	1862  	4320  
152 	50    	3026.68	1758  	4460.4
153 	50    	3055.06	1710.8	4406  
154 	50    	2966.67	1800.4	4408.8
155 	50    	3063.82	2098  	3978  
156 	50    	3067.42	1621.2	4343.6
157 	50    	3102.17	1933.6	4565.6
158 	50    	3198.02	1765.2	4645.6
159 	50    	2983.02	1749.2	4218.4
160 	50    	3105.25	1707.2	4704  
161 	50    	2944.75	1665.2	4007.6
162 	50    	3123.19	1624.8	4349.2
163 	50    	3036.51	1858.8	4148.8
164 	50    	3105.31	1676  	4893.2
165 	50    	3012.95	1708.4	4147.6
166 	50    	3096.67	1848.4	4022  
167 	50    	3107.45	1732  	4696.8
168 	50    	3039.25	2053.6	4675.6
169 	50    	3067.76	1954  	4102.4
170 	50    	3077.05	1430.4	4070  
171 	50    	3148.46	1914.8	4413.2
172 	50    	3030.47	2063.6	4105.6
173 	50    	2892.93	1479.6	3988  
174 	50    	2910.5 	1840.8	4208.4
175 	50    	3122.15	1954.8	4598  
176 	50    	3031.26	2163.2	4194  
177 	50    	2820.97	1696  	3638.8
178 	50    	3218.22	1978.4	4302  
179 	50    	3229.54	1875.6	5102.8
180 	50    	3006.26	1971.6	5195.2
181 	50    	3205.04	1980.8	4668  
182 	50    	2957.5 	1938.8	4022.8
183 	50    	3152.06	2196.8	4375.6
184 	50    	3215.33	2172  	4659.2
185 	50    	3072.48	1801.6	4788.8
186 	50    	3089.58	1914.4	5073.6
187 	50    	3078.12	2110.8	4680  
188 	50    	3044.93	1767.2	4024.8
189 	50    	3179.19	2257.6	5382.4
190 	50    	2941.54	1905.6	4735.6
191 	50    	3011.78	2154.8	4393.2
192 	50    	3175.85	1812.8	4715.2
193 	50    	3207.34	2049.2	4724.8
194 	50    	3050.85	2144.4	5002.8
195 	50    	3140.21	2207.6	4741.6
196 	50    	3186.7 	2038  	4282.8
197 	50    	2942.69	2248  	4306  
198 	50    	3151.84	1859.2	4162  
199 	50    	3082.38	1851.6	4435.6
200 	50    	3030.28	1452.8	4433.6
201 	50    	3314.28	2232  	5139.2
202 	50    	3235.36	2522  	4658  
203 	50    	3237.05	1646.4	5746.8
204 	50    	3249.08	2366.8	4958  
205 	50    	3192.9 	2099.6	5046.4
206 	50    	3204.94	2023.2	4382  
207 	50    	3129.29	1912.8	4195.6
208 	50    	3169.3 	1738.4	4412  
209 	50    	3194.24	2236  	4444.8
210 	50    	3296.99	2107.6	4284  
211 	50    	3203.9 	1780.8	5265.6
212 	50    	3131.35	1942  	4667.2
213 	50    	3028.71	1935.2	4361.6
214 	50    	3096.76	1516.8	4459.6
215 	50    	3160.36	1887.6	4578  
216 	50    	3231.04	2038  	4801.2
217 	50    	3087.1 	1596.4	4384  
218 	50    	3160.35	1999.2	4537.2
219 	50    	3190.04	2176.8	5423.2
220 	50    	3033.78	1903.6	4490.4
221 	50    	3072.95	1743.6	4547.2
222 	50    	3161.6 	2130.8	4095.2
223 	50    	3181.8 	2138  	5000.8
224 	50    	3034.39	1842.8	4654.8
225 	50    	3267.9 	2142.4	4544.8
226 	50    	3112.78	2088.8	5081.6
227 	50    	3082.89	2302  	4447.6
228 	50    	3239.22	2159.2	4322  
229 	50    	3153.18	1813.6	4400.4
230 	50    	3037.16	2238.4	4503.2
231 	50    	3226.42	1900  	4335.6
232 	50    	3160.26	2231.2	4709.2
233 	50    	3199.82	2048.8	4917.6
234 	50    	3337.66	2217.6	4748.4
235 	50    	3156.1 	2232  	4690.8
236 	50    	3225.2 	2236  	4242.4
237 	50    	3047.44	1862.8	4574.4
238 	50    	3302.32	2095.2	4652.4
239 	50    	3060.03	2188.4	4502  
240 	50    	3238.77	2115.6	5021.6
241 	50    	3232.83	1716  	4792  
242 	50    	3142.82	1958  	4269.2
243 	50    	3036.27	1723.2	4340.4
244 	50    	3180.6 	1544  	4588.4
245 	50    	3313.34	2079.2	4794.8
246 	50    	3250.06	2099.6	4773.6
247 	50    	3104.49	1071.2	4265.6
248 	50    	3052.62	1567.2	4181.2
249 	50    	3198.95	2006  	4325.6
250 	50    	2969.3 	1922.4	4408.4
251 	50    	3110.58	1358  	4435.6
252 	50    	3216.78	2027.6	4490  
253 	50    	3239.86	2237.6	4689.6
254 	50    	3187.22	1676  	5078.8
255 	50    	3121.59	1933.2	4758.4
256 	50    	3162.85	1715.6	4670.4
257 	50    	3140.87	2180.4	4608.8
258 	50    	3148.94	1846  	4157.6
259 	50    	3091.31	1886  	4278.4
260 	50    	3258.18	2433.6	4837.2
261 	50    	3345.02	1992.4	4842.4
262 	50    	3152.02	1944  	4915.2
263 	50    	3180.7 	2188.4	4187.6
264 	50    	3213.02	1820.4	4747.6
265 	50    	3270.4 	1995.2	4564  
266 	50    	3277.48	2492.4	4221.2
267 	50    	3193.25	2007.2	4739.2
268 	50    	3290.82	1329.2	4664.4
269 	50    	3297.23	1743.6	4584.8
270 	50    	3247.14	2150.8	4934.8
271 	50    	3125.7 	1999.6	4431.2
272 	50    	3275.86	1703.2	4471.2
273 	50    	3368.69	1870.4	4636.4
274 	50    	3365.27	2074.8	4574.4
275 	50    	3175.08	1882.4	5082  
276 	50    	3305.09	1903.6	5271.6
277 	50    	3205.29	1577.2	4422.4
278 	50    	3350.41	2064  	4431.6
279 	50    	3168.05	2196  	4496.4
280 	50    	3232.23	2188  	4656.4
281 	50    	3341   	2108  	4795.6
282 	50    	3172.11	1856.4	5390.4
283 	50    	3428.32	1806.4	5046  
284 	50    	3335.95	2108  	5325.2
285 	50    	3274.79	2127.6	4366.8
286 	50    	3284.91	1355.2	4318  
287 	50    	3212.57	1720.8	4534.8
288 	50    	3411.33	2262  	5061.6
289 	50    	3290.34	1982.4	4732.4
290 	50    	3240.34	1846  	4517.6
291 	50    	3180.21	1744  	4892.8
292 	50    	3136.15	1690.4	4792  
293 	50    	3266.22	1685.6	4878.4
294 	50    	3242.02	2155.6	4282.4
295 	50    	3254.12	1426.8	4536.4
296 	50    	3396.34	1996.8	4544.4
297 	50    	3469.08	1952.8	4596  
298 	50    	3137.3 	1790.4	4411.2
299 	50    	3169.37	1700.4	4553.2
300 	50    	3471.24	1952  	5034.8
301 	50    	3256.01	1319.6	4497.2
302 	50    	3182.54	1699.2	4824.8
303 	50    	3248.22	1942.4	4726.8
304 	50    	3195.78	1272.8	4534.4
305 	50    	3288.38	2072.8	4478.8
306 	50    	3344.47	2472.8	4519.2
307 	50    	3238.53	1531.6	4824.4
308 	50    	3404.02	2499.2	5254.8
309 	50    	3237.15	1847.6	4389.6
310 	50    	3324.52	2019.6	5469.6
311 	50    	3287.29	2012.4	4790.8
312 	50    	3217.65	1916.8	4863.2
313 	50    	3343.78	1645.6	5438.4
314 	50    	3442.29	1894.8	5223.2
315 	50    	3038.62	1638.8	4412.8
316 	50    	3227.86	2021.2	4720  
317 	50    	3307.63	1317.6	4717.6
318 	50    	3209.39	2228.4	5146.8
319 	50    	3197.59	2189.6	4958.4
320 	50    	3252.25	1236  	5500.4
321 	50    	3139.09	831.2 	4836.8
322 	50    	3260.99	1824.4	4948.8
323 	50    	3306.51	1183.6	4647.6
324 	50    	3193.9 	1903.2	4993.2
325 	50    	3279.18	2311.2	4784.8
326 	50    	3206.49	1400  	5166.8
327 	50    	3161.94	1637.6	4880.4
328 	50    	3334.32	1462.8	5336.8
329 	50    	3375.55	1930.4	5061.2
330 	50    	3218.64	2183.6	5360.8
331 	50    	3340.35	1923.6	4816  
332 	50    	3168.84	1730.8	4794.8
333 	50    	3396.22	1347.2	4695.6
334 	50    	3348.62	1430.8	5838.4
335 	50    	3319.64	2237.6	4560.4
336 	50    	3288.87	1783.6	4895.2
337 	50    	3284.82	1159.6	5050.4
338 	50    	3279.26	1942  	4684.8
339 	50    	3151.71	1133.2	4814.8
340 	50    	3250.86	1776.8	4454.4
341 	50    	3184.7 	2173.2	4853.6
342 	50    	3162.17	1821.2	4497.6
343 	50    	3391.34	2182.4	4778.8
344 	50    	3167.22	1856.4	4537.2
345 	50    	3304.08	1124.4	5402.8
346 	50    	3223.65	1962  	4413.6
347 	50    	3435.8 	2205.2	4750.4
348 	50    	3311.48	1841.2	4392  
349 	50    	3380.65	2137.2	4692  
350 	50    	3379.57	1875.2	4846  
351 	50    	3415.77	2356.4	4731.2
352 	50    	3324.82	1910.4	4946.8
353 	50    	3448.16	1931.6	4755.2
354 	50    	3339.1 	1856.4	5128.4
355 	50    	3374.95	1412  	4920  
356 	50    	3260.17	2009.2	5086.4
357 	50    	3352.04	1482  	5528.4
358 	50    	3277.71	2216.4	4637.2
359 	50    	3245.69	1661.6	4855.2
360 	50    	3276.51	2132.4	4212  
361 	50    	3376.03	1223.6	5562  
362 	50    	3297.75	2090.8	4393.6
363 	50    	3245.5 	2211.2	4938  
364 	50    	3356.54	1589.6	5164.8
365 	50    	3312.4 	2061.2	4859.2
366 	50    	3247.74	1959.2	4741.2
367 	50    	3239.37	2241.2	5069.2
368 	50    	3365.86	1806.4	4709.6
369 	50    	3257.48	1596.8	4773.2
370 	50    	3278.21	2057.6	4613.6
371 	50    	3223.58	1696.4	4703.2
372 	50    	3245.48	1886.8	4751.2
373 	50    	3311.27	1776  	4814.8
374 	50    	3236.25	1232.8	4164.4
375 	50    	3152.58	1587.2	4432  
376 	50    	3223.69	1880.8	4238  
377 	50    	3380.86	1971.6	4604.4
378 	50    	3231.62	1966  	5025.6
379 	50    	3354.78	2170.4	4899.6
380 	50    	3401.73	1626.4	4518.8
381 	50    	3314.54	1865.6	4434.8
382 	50    	3351.74	1818  	4655.6
383 	50    	3206.07	1704  	4356.8
384 	50    	3296.04	2461.2	5101.6
385 	50    	3201.52	2096.8	4815.2
386 	50    	3298.26	1150.8	4681.2
387 	50    	3193.36	2435.2	4400.8
388 	50    	3292.86	2217.6	4570.8
389 	50    	3262.66	1738  	4896.4
390 	50    	3377.22	2270  	4756.8
391 	50    	3385.37	2030  	4617.2
392 	50    	3283.45	1964  	4550.4
393 	50    	3301.42	1637.6	4894  
394 	50    	3276.05	2096.8	4536  
395 	50    	3299.37	1384.8	4669.2
396 	50    	3151.26	1962  	4211.6
397 	50    	3261.66	2199.6	4482.8
398 	50    	3392.86	2199.2	4722.8
399 	50    	3400.42	1872  	4744.8
400 	50    	3308.8 	2405.2	4298.4
401 	50    	3484.54	2306  	4892.8
402 	50    	3305.67	1910.8	4331.6
403 	50    	3345.82	1606.8	4715.6
404 	50    	3387.94	1845.2	4560.4
405 	50    	3399.06	2245.2	4879.2
406 	50    	3292.43	1690.4	4754  
407 	50    	3226.61	860.8 	4790  
408 	50    	3252.51	1905.2	4733.2
409 	50    	3243.1 	2074.8	4908.4
410 	50    	3299.38	1696  	4694.4
411 	50    	3213.86	1901.6	4640.8
412 	50    	3320.9 	1874.8	4775.2
413 	50    	3445.43	2351.6	4993.6
414 	50    	3359.97	2100  	4600.8
415 	50    	3256.29	1629.2	5436  
416 	50    	3253.34	1331.2	5353.2
417 	50    	3138.78	1526  	4197.6
418 	50    	3201.42	1648  	4496.8
419 	50    	3287.76	1956.4	4191.6
420 	50    	3334.94	1952.4	5367.6
421 	50    	3257.67	2070.8	4669.6
422 	50    	3276.86	2232.8	4802.4
423 	50    	3436.7 	1910.8	4940  
424 	50    	3195.88	2111.6	4945.2
425 	50    	3362.22	1877.6	4767.6
426 	50    	3327.82	2219.2	4777.2
427 	50    	3251.81	1743.6	5448  
428 	50    	3208.8 	1894.8	4661.6
429 	50    	3249.11	1957.2	4724.8
430 	50    	3202.04	2023.6	4603.6
431 	50    	3289.61	1536.4	4898.4
432 	50    	3217.91	1380.8	4122.4
433 	50    	3350.41	1420.8	4434  
434 	50    	3207.96	1613.6	4669.6
435 	50    	3449.92	1952  	4680.8
436 	50    	3289.56	1711.6	4424  
437 	50    	3278.78	2070.4	4284  
438 	50    	3387.42	2152.8	4827.2
439 	50    	3197.76	1901.6	4584.4
440 	50    	3201.7 	2062.4	4777.2
441 	50    	3143.06	1534.8	5125.2
442 	50    	3240.22	1313.2	4812.4
443 	50    	3203.76	1885.6	4616.8
444 	50    	3358.52	1989.2	4731.2
445 	50    	3127.17	1832  	4334  
446 	50    	3271.26	1712.4	4818  
447 	50    	3377.5 	1401.2	5315.6
448 	50    	3196.37	1354  	5172.8
449 	50    	3142.69	2103.2	4974  
450 	50    	3238.62	2065.2	4972  
451 	50    	3280.45	2118.4	4942.8
452 	50    	3218.13	2137.2	4994  
453 	50    	3326.26	1534.4	4916.8
454 	50    	3306   	2104  	4663.2
455 	50    	3534.95	2111.2	5349.6
456 	50    	3155.52	2038  	4331.2
457 	50    	3185.5 	894.4 	5069.2
458 	50    	3120.94	2242.4	4366.4
459 	50    	3277.62	1758  	5811.2
460 	50    	3213.98	1754.4	4291.6
461 	50    	3368.7 	2106.4	5310.8
462 	50    	3366.8 	2095.2	5015.6
463 	50    	3212.94	1755.2	4909.2
464 	50    	3327.7 	1844.4	4915.2
465 	50    	3132.52	1698.8	4987.6
466 	50    	3371.19	1750.4	4693.2
467 	50    	3219.78	2019.2	5313.2
468 	50    	3246.38	1787.2	4581.2
469 	50    	3160   	1209.6	4734  
470 	50    	3270.06	1986  	5006.8
471 	50    	3322.03	1802.8	4468.4
472 	50    	3280.85	1756.4	4800.4
473 	50    	3224.18	1831.2	4444.4
474 	50    	3327.03	2080.8	4689.6
475 	50    	3373.53	2320  	5274  
476 	50    	3480.67	2334  	5122.8
477 	50    	3345.43	1778.4	5207.2
478 	50    	3351.27	1860  	4423.6
479 	50    	3172.2 	1348.8	4564.8
480 	50    	3132.98	1607.2	4552.8
481 	50    	3313.47	2130.8	4696.4
482 	50    	3207.38	1813.6	5148.4
483 	50    	3329.74	1952.8	4751.2
484 	50    	3361.36	2135.2	4726  
485 	50    	3250.76	1777.2	4638.4
486 	50    	3140.27	2118.8	4782.4
487 	50    	3208.38	1898.4	4729.2
488 	50    	3310.96	2026.4	4671.2
489 	50    	3380.09	2344.8	4693.2
490 	50    	3292.23	2071.6	4386.4
491 	50    	3248.19	2168.8	4153.6
492 	50    	3265.62	1994.8	4661.2
493 	50    	3302.94	1853.6	4870.8
494 	50    	3265.81	2120.4	4834  
495 	50    	3470.47	2466.4	4624.4
496 	50    	3287.58	2037.2	4958.4
497 	50    	3389.55	1989.2	5269.6
498 	50    	3311.06	2436.8	5213.2
499 	50    	3265.55	1723.6	4655.6
500 	50    	3218.66	1720  	5251.6
501 	50    	3412.26	2131.6	5387.6
502 	50    	3504.58	2204.4	4680.8
503 	50    	3502.54	1590  	4824.8
504 	50    	3293.59	2302.4	4796.4
505 	50    	3462.65	2217.2	4611.2
506 	50    	3174.19	2265.2	4554.4
507 	50    	3400.88	1976.8	4687.2
508 	50    	3201.33	2120.4	4774  
509 	50    	3298.78	1441.2	4476  
510 	50    	3364.62	1524  	4459.2
511 	50    	3262.06	2147.2	4651.2
512 	50    	3328.93	1927.6	4854.4
513 	50    	3382.9 	2290.4	4898.4
514 	50    	3261.78	2019.2	4610.4
515 	50    	3329.17	2102.8	4298.8
516 	50    	3358.21	1881.2	4553.6
517 	50    	3129.66	1989.6	5016  
518 	50    	3429.62	1472.8	4662  
519 	50    	3285.4 	1957.6	4892.8
520 	50    	3429.43	1739.2	5750.8
521 	50    	3444.78	2255.6	4782  
522 	50    	3278.84	1455.6	4517.6
523 	50    	3393.08	2118  	4899.2
524 	50    	3456.55	2334.8	4839.2
525 	50    	3303.11	2203.2	5232.4
526 	50    	3177.93	788.4 	5507.6
527 	50    	3197.55	1143.6	4690  
528 	50    	3231.45	2290.4	4746.8
529 	50    	3314.2 	1973.2	4798  
530 	50    	3191.3 	1460.8	4646  
531 	50    	3220.46	2053.6	4602.4
532 	50    	3366.7 	2028.8	5810.8
533 	50    	3197.75	2232.4	4790  
534 	50    	3295.31	2035.6	4592.8
535 	50    	3358.28	1931.6	4933.6
536 	50    	3283.58	1837.6	4922.4
537 	50    	3403.07	2340  	5575.6
538 	50    	3217.11	2120.4	4487.2
539 	50    	3483.91	2473.2	5564.4
540 	50    	3401.81	2221.2	5642.4
541 	50    	3375.67	1999.6	5031.6
542 	50    	3271.75	1912.8	5286.4
543 	50    	3333.56	1793.6	5786.8
544 	50    	3222.18	2101.2	4948.8
545 	50    	3356.33	2054  	4638.8
546 	50    	3470.92	2269.6	5114  
547 	50    	3445.08	2055.2	5978.4
548 	50    	3468.17	2261.2	4823.6
549 	50    	3229.7 	1998  	4628.4
550 	50    	3404.36	1853.6	4707.6
551 	50    	3477.26	2322.8	4874.8
552 	50    	3439.19	1898.4	4827.6
553 	50    	3556.79	2066.4	5278  
554 	50    	3400.79	2260.8	5163.6
555 	50    	3562.39	2180.4	4658.4
556 	50    	3693.5 	2540.8	5196  
557 	50    	3510.81	2539.6	4852  
558 	50    	3586.38	2228.4	4774.4
559 	50    	3365.21	1722.4	4720.4
560 	50    	3596.27	2526.8	5302.4
561 	50    	3584.11	2364  	4963.2
562 	50    	3488.38	2020  	4912  
563 	50    	3359.16	2474.8	4591.2
564 	50    	3509.94	2196  	4520.4
565 	50    	3549.29	2290.8	5241.2
566 	50    	3413.71	1912.4	4869.2
567 	50    	3313.17	2227.6	4832  
568 	50    	3503.72	2236  	5083.6
569 	50    	3607.54	2193.6	4857.2
570 	50    	3471.98	1801.6	4944.8
571 	50    	3241.66	1506.8	4570.8
572 	50    	3438.14	2549.2	4629.6
573 	50    	3455.64	2590.4	4979.6
574 	50    	3538   	2288.4	5244  
575 	50    	3600.74	2448.4	4808.8
576 	50    	3469.54	1870.4	5580.4
577 	50    	3369.57	1599.6	5113.2
578 	50    	3482.85	2473.2	5009.6
579 	50    	3577.02	2348  	5318  
580 	50    	3606.75	2315.2	4940  
581 	50    	3493.26	1299.6	4638  
582 	50    	3265.13	1968  	5306.8
583 	50    	3528.1 	2578.4	4510  
584 	50    	3466.02	2467.6	4895.6
585 	50    	3482.18	2224  	4908.4
586 	50    	3498.62	2241.6	5110.8
587 	50    	3533.82	2241.2	4899.2
588 	50    	3482.77	1959.2	5102  
589 	50    	3443.1 	2072.4	4474.8
590 	50    	3350.34	1830  	5299.6
591 	50    	3426.97	2056.8	4794  
592 	50    	3514.91	2296.4	4786  
593 	50    	3542.26	2383.6	4832.8
594 	50    	3427.14	2067.2	4972.8
595 	50    	3469.77	2081.6	4752.8
596 	50    	3534.93	2052.4	5223.6
597 	50    	3372.15	1862  	4968  
598 	50    	3705.49	2297.6	5546.8
599 	50    	3357.35	1673.6	4422.8
600 	50    	3503.82	1553.2	4624.4
601 	50    	3480.05	2076  	5258  
602 	50    	3525.42	2099.2	5065.6
603 	50    	3527.19	2261.2	5295.2
604 	50    	3639.74	2492  	5356.4
605 	50    	3577.4 	2320.8	5490.8
606 	50    	3442.46	2361.2	4554  
607 	50    	3622.53	2418  	4841.6
608 	50    	3532.13	2240  	4983.6
609 	50    	3442.86	1686.8	4742.4
610 	50    	3518.56	1831.2	6086.8
611 	50    	3449.03	2224.4	4711.2
612 	50    	3313.97	1912  	4930.8
613 	50    	3456.61	1990.8	4578  
614 	50    	3517.91	1955.2	4652.4
615 	50    	3725.22	2185.6	5439.6
616 	50    	3579.8 	2243.2	5189.6
617 	50    	3417.28	2053.2	4800.4
618 	50    	3642.6 	2236  	5038  
619 	50    	3539.93	2301.2	5592.4
620 	50    	3475.22	2128  	4836.4
621 	50    	3467.5 	2046  	4860.4
622 	50    	3659.34	2492.8	4702  
623 	50    	3458.62	2195.2	4936.4
624 	50    	3602.73	1801.2	5306.8
625 	50    	3452.96	2175.6	4312.8
626 	50    	3565.07	2268.8	4967.2
627 	50    	3489.4 	2063.2	4874.8
628 	50    	3398.54	2399.2	4986  
629 	50    	3451.38	1980.8	4756.4
630 	50    	3517.98	2428  	4928.8
631 	50    	3600.86	2436  	4791.2
632 	50    	3403.76	1829.6	4783.6
633 	50    	3615.22	1932  	5380.8
634 	50    	3478.44	1806.8	4696.8
635 	50    	3586.41	2335.6	4660.8
636 	50    	3566.19	1833.6	5224.8
637 	50    	3550.31	2091.6	5132.8
638 	50    	3487.78	1877.2	5177.6
639 	50    	3577.03	2157.2	4877.2
640 	50    	3553.07	2155.2	5686.8
641 	50    	3636.88	2038.4	5621.6
642 	50    	3557.83	2155.6	5362  
643 	50    	3438.68	2423.2	5262  
644 	50    	3471.14	2249.6	5312  
645 	50    	3439.3 	1416.4	5058.4
646 	50    	3621.06	1640.4	5222.8
647 	50    	3552.92	2394.8	4836.4
648 	50    	3535.78	2188.4	4937.2
649 	50    	3558.78	2371.6	4956  
650 	50    	3490.3 	1829.6	4986.4
651 	50    	3377.3 	2301.2	4474.4
652 	50    	3452.61	2318  	5100.4
653 	50    	3501.3 	2201.2	4894.8
654 	50    	3443.51	1965.6	5045.6
655 	50    	3414.64	2368.4	5283.2
656 	50    	3695.48	2016  	5274.8
657 	50    	3632.78	2174.8	6105.6
658 	50    	3521.14	1301.6	4821.2
659 	50    	3268.35	1333.2	4590  
660 	50    	3612.59	2328  	5596.4
661 	50    	3441.46	1591.6	4603.2
662 	50    	3477.75	2474.8	4623.6
663 	50    	3526.14	1975.6	4735.2
664 	50    	3527.29	1660  	5101.6
665 	50    	3525.63	1864  	5032  
666 	50    	3510.53	2394.8	5222.8
667 	50    	3416.22	2214  	4749.6
668 	50    	3539.95	2253.2	4616  
669 	50    	3428.98	2024  	4658  
670 	50    	3284.18	1660  	4398  
671 	50    	3462.82	1921.2	5520  
672 	50    	3402.23	1832.4	4828.4
673 	50    	3431.63	2100.4	4717.2
674 	50    	3416.93	1840.4	5364.4
675 	50    	3469.86	2384  	5228.4
676 	50    	3548.2 	2182.8	4752  
677 	50    	3591.97	1664.8	5602  
678 	50    	3463.91	2202  	4808.8
679 	50    	3570.18	2188.4	5034.4
680 	50    	3331.1 	1722  	4755.6
681 	50    	3410.33	2290  	4638  
682 	50    	3632.66	1478.8	4929.6
683 	50    	3593.26	2645.6	4766.4
684 	50    	3608.11	2350.4	5003.2
685 	50    	3497.98	2433.6	4934.4
686 	50    	3455.63	1604.8	4779.2
687 	50    	3522.78	2308.4	5722  
688 	50    	3299.82	1784  	4619.6
689 	50    	3494.41	2209.6	4810  
690 	50    	3584.44	1725.2	5238.8
691 	50    	3576.98	2251.2	4660.4
692 	50    	3449.69	2565.2	4572  
693 	50    	3755.78	2781.2	6056  
694 	50    	3490.06	2606  	4763.2
695 	50    	3481.89	2329.6	5723.6
696 	50    	3533.23	1930.8	5127.6
697 	50    	3572.39	2162.4	4794  
698 	50    	3468.71	2367.2	4544.8
699 	50    	3607.86	2266.8	5334  
700 	50    	3385.34	2306.8	5041.2
701 	50    	3576.64	2502.8	4800.4
702 	50    	3536.99	2477.6	4856.4
703 	50    	3374.54	2188.8	5058.8
704 	50    	3506.1 	2642.8	4643.2
705 	50    	3553.15	2130.8	5593.2
706 	50    	3647.51	2564.4	5208.4
707 	50    	3533.77	1922.8	5149.6
708 	50    	3415.27	2374  	5004.4
709 	50    	3519.47	2587.2	4802.8
710 	50    	3549.66	2119.6	5155.2
711 	50    	3463.6 	2569.6	5338  
712 	50    	3558.81	1921.2	6505.6
713 	50    	3588.72	2457.6	5396.4
714 	50    	3367.16	1968  	4810  
715 	50    	3440.54	1958.4	4627.2
716 	50    	3400.42	2205.2	4629.6
717 	50    	3469.82	2144.8	4958.4
718 	50    	3509.74	2119.2	5040  
719 	50    	3591.12	2081.6	5756.8
720 	50    	3654.51	2326  	5392.4
721 	50    	3553.46	1821.6	5013.6
722 	50    	3408.49	1965.6	4861.2
723 	50    	3540.45	2067.6	5848.4
724 	50    	3482.72	1861.2	5348.8
725 	50    	3385.44	2352  	4726  
726 	50    	3547.39	2056  	5082  
727 	50    	3459.06	1520.8	5780.8
728 	50    	3645.41	2198.4	4974.4
729 	50    	3432.42	2248  	5150  
730 	50    	3494.45	2336  	4795.2
731 	50    	3563.39	2373.2	5239.6
732 	50    	3621.06	2515.2	5241.2
733 	50    	3448.54	2065.2	4663.6
734 	50    	3680.34	1952  	5190  
735 	50    	3535.22	2171.6	5656  
736 	50    	3621.84	2575.2	4872  
737 	50    	3537.39	2341.6	5022.8
738 	50    	3594.13	2102.4	5627.6
739 	50    	3484.48	2136.8	5150.8
740 	50    	3488.13	2224  	4671.6
741 	50    	3414.13	2139.6	4950.4
742 	50    	3473.86	2090.8	5513.2
743 	50    	3367.13	2090  	5460  
744 	50    	3484.52	2222  	5214.8
745 	50    	3348.82	1906  	4447.2
746 	50    	3421.43	1640.4	5283.2
747 	50    	3493.02	2143.2	5071.2
748 	50    	3585.44	2032.8	5432.4
749 	50    	3508.29	2575.6	5310  
750 	50    	3546.17	2492.4	6114.4
751 	50    	3266.7 	1317.2	4539.2
752 	50    	3532.78	1992  	5257.2
753 	50    	3537.39	1877.2	5727.6
754 	50    	3454.8 	1310  	5278.4
755 	50    	3443.15	1994.8	4992.4
756 	50    	3601.53	2624.8	4854.8
757 	50    	3833.38	2475.2	5048.4
758 	50    	3619.17	2089.2	5171.6
759 	50    	3501.45	2426  	4996.8
760 	50    	3567   	2078  	5316.4
761 	50    	3452.27	1909.2	4741.6
762 	50    	3693.03	2119.6	5106  
763 	50    	3434.69	2014  	5477.6
764 	50    	3369.19	2187.6	5013.6
765 	50    	3546.02	2512.8	5173.6
766 	50    	3562.77	2067.6	5439.6
767 	50    	3543.03	2569.6	4320  
768 	50    	3674.62	2109.6	4930  
769 	50    	3599.54	1907.2	4865.2
770 	50    	3507.26	2371.6	4716  
771 	50    	3506.01	1998.4	5290.4
772 	50    	3687.66	2853.6	4873.6
773 	50    	3545.8 	2055.6	4530  
774 	50    	3727.66	2348.8	7240.4
775 	50    	3344.1 	2153.2	4726  
776 	50    	3411.22	1526.8	4907.2
777 	50    	3528.94	2248  	4984.4
778 	50    	3336.76	1926.8	4327.2
779 	50    	3380.74	2362  	4542.8
780 	50    	3360.72	1918.4	4450.4
781 	50    	3433.8 	2118.8	5079.6
782 	50    	3382.21	2137.2	5228.8
783 	50    	3448.52	2126  	5204.4
784 	50    	3332.18	2073.2	5090  
785 	50    	3461.88	2131.6	4947.2
786 	50    	3438.29	1858.8	4453.2
787 	50    	3470.45	1727.6	4962  
788 	50    	3508.91	1614.8	4721.2
789 	50    	3654.62	2762.8	5095.2
790 	50    	3438.56	1559.6	5416  
791 	50    	3419.02	1919.2	4920.4
792 	50    	3297.01	2099.6	4639.2
793 	50    	3389.34	1942.4	5481.2
794 	50    	3488.04	2562  	4602  
795 	50    	3635.28	2291.6	5185.6
796 	50    	3509.77	1350.4	4956.4
797 	50    	3640.03	2677.2	5306.4
798 	50    	3525.11	2059.2	5949.2
799 	50    	3553.02	2093.2	5422.8
800 	50    	3417.63	2019.6	4643.6
801 	50    	3662.83	2311.2	5412.8
802 	50    	3488.36	2476.4	4788.4
803 	50    	3654.98	2566.8	4753.6
804 	50    	3584.74	2334.4	5466.8
805 	50    	3704.44	2454.4	5635.6
806 	50    	3633.41	2438.4	5906  
807 	50    	3555.22	2449.6	5239.6
808 	50    	3614.96	2138.4	4837.6
809 	50    	3540.81	2670.8	4642  
810 	50    	3499.93	2189.2	5424  
811 	50    	3669.78	2120.8	5626.4
812 	50    	3685.31	2259.6	4971.2
813 	50    	3548.17	1968.4	5186.8
814 	50    	3724.36	2055.2	5537.6
815 	50    	3563.16	2070.8	5022.8
816 	50    	3507.09	2462  	4834.4
817 	50    	3463.18	1948.8	5402.8
818 	50    	3580.31	2154  	5020.8
819 	50    	3779.67	2257.2	5618  
820 	50    	3436.19	2031.2	4920  
821 	50    	3672.36	2477.2	5778  
822 	50    	3493.1 	2173.6	4964.4
823 	50    	3328.46	1943.2	5065.6
824 	50    	3481.86	1934.8	5633.6
825 	50    	3458   	2176.4	4918.4
826 	50    	3542.13	2624  	5134  
827 	50    	3523.46	2114  	4861.2
828 	50    	3627.4 	1725.6	5407.6
829 	50    	3551.48	2174  	4874.4
830 	50    	3563.31	2563.2	4885.2
831 	50    	3612.81	2020.8	5480.4
832 	50    	3708.97	1907.2	5170  
833 	50    	3661.38	2166.4	5663.6
834 	50    	3651.24	2293.2	5198.4
835 	50    	3532.62	2026.8	5181.2
836 	50    	3787.06	2631.2	5557.6
837 	50    	3739.54	1690  	4980.8
838 	50    	3746.35	1991.6	5510.8
839 	50    	3660.15	2070.8	4933.6
840 	50    	3611.04	2452  	4580.8
841 	50    	3386.25	1888  	4919.6
842 	50    	3564.78	1918.8	5223.2
843 	50    	3497.97	2030.4	5029.6
844 	50    	3536.18	2474.4	4755.2
845 	50    	3568.04	2248.8	4968.8
846 	50    	3512.31	2264  	5179.2
847 	50    	3735.58	2673.2	4823.6
848 	50    	3568.66	1188  	5602.4
849 	50    	3744.74	1851.6	5388.8
850 	50    	3476.31	2271.6	5738.4
851 	50    	3595.53	2428.4	5176.8
852 	50    	3620.8 	2222.8	5218  
853 	50    	3603.07	2000  	5798.8
854 	50    	3496.52	1932.4	5438.4
855 	50    	3606.8 	2383.6	5235.2
856 	50    	3491.56	2157.2	5486.8
857 	50    	3568.78	2280.4	4958.8
858 	50    	3659.16	2640.8	5038.8
859 	50    	3531.31	2213.6	5222  
860 	50    	3516.26	1975.2	4974  
861 	50    	3582.36	2478.4	5035.6
862 	50    	3583.49	2205.2	5363.6
863 	50    	3647.26	2547.2	5380.8
864 	50    	3404.15	2231.6	4930.4
865 	50    	3623.18	2213.6	5447.6
866 	50    	3596.13	2301.6	5379.2
867 	50    	3722.43	2500  	4890  
868 	50    	3687.42	2369.2	4701.6
869 	50    	3528.26	2296.4	4813.6
870 	50    	3469.38	2264.4	5279.2
871 	50    	3642.66	2260.4	5146.8
872 	50    	3743.4 	2234.4	5785.6
873 	50    	3449.99	2494.8	4973.2
874 	50    	3546.2 	2403.6	5144.8
875 	50    	3559.31	2148.4	4870  
876 	50    	3503.85	2416.8	5012  
877 	50    	3552.58	2293.2	4993.6
878 	50    	3544.42	2038.8	4549.2
879 	50    	3727.12	2338.4	4891.2
880 	50    	3581.6 	2259.2	5074  
881 	50    	3639.02	2271.2	5723.2
882 	50    	3628.58	1701.2	5362  
883 	50    	3723.87	2346.8	5100.4
884 	50    	3523.66	2209.2	4884  
885 	50    	3710.98	2327.6	5432.8
886 	50    	3629.47	1746.8	5012  
887 	50    	3730.74	1652.4	4982.4
888 	50    	3567.81	1340  	5499.6
889 	50    	3490.94	2166.8	5031.2
890 	50    	3503.22	2434  	4755.2
891 	50    	3557.42	2302.8	5236.8
892 	50    	3599.06	2177.2	4913.2
893 	50    	3711.34	2060.4	5367.6
894 	50    	3537.95	2026  	5859.6
895 	50    	3801.45	1742.8	6235.6
896 	50    	3638.46	1951.6	5093.6
897 	50    	3559.16	1855.6	5007.6
898 	50    	3599.2 	2136.4	5032  
899 	50    	3732.08	2407.2	5482  
900 	50    	3721.26	2289.6	5327.6
901 	50    	3429.65	1764.8	4606.8
902 	50    	3543.39	1117.6	5270.4
903 	50    	3472.56	2404  	4879.2
904 	50    	3224.25	1746  	5589.2
905 	50    	3399.66	1748.8	4570  
906 	50    	3531.26	2323.2	5365.2
907 	50    	3705.98	2378.4	5383.6
908 	50    	3636.81	2314  	6121.6
909 	50    	3692.1 	2542.8	5246.8
910 	50    	3648.77	2199.6	4382  
911 	50    	3569.92	1288.4	4638.4
912 	50    	3562.25	2338  	5035.6
913 	50    	3622.7 	2371.6	6405.6
914 	50    	3525.18	1812  	5024.4
915 	50    	3752.5 	2603.2	5338.4
916 	50    	3730.78	2236.8	5312  
917 	50    	3558.95	2142  	5213.6
918 	50    	3664.18	1909.2	5760.4
919 	50    	3745.69	2278.4	5552.4
920 	50    	3676.65	2148  	5646.8
921 	50    	3643   	2072.8	5306  
922 	50    	3651.66	1834.8	5457.6
923 	50    	3556.22	2597.6	4924.4
924 	50    	3572.12	2392.4	4594  
925 	50    	3697.46	2384  	5604.4
926 	50    	3549.08	2164.4	6065.2
927 	50    	3443.54	2150  	4582  
928 	50    	3644.52	2545.6	5270.8
929 	50    	3523.05	2137.2	5154.4
930 	50    	3487.43	2088  	5725.2
931 	50    	3411.38	1912  	5131.6
932 	50    	3657.61	2105.2	5450.8
933 	50    	3542.42	2440.4	5438.8
934 	50    	3374.62	1925.6	5003.2
935 	50    	3594.51	2544.4	5227.2
936 	50    	3438.83	2217.2	4776  
937 	50    	3634.64	2294.4	4985.6
938 	50    	3582.07	2319.6	5078.4
939 	50    	3666.16	2201.6	5376.4
940 	50    	3789.97	2798.8	5063.2
941 	50    	3687.12	2159.6	4996.8
942 	50    	3571.86	2188  	5346.8
943 	50    	3850.37	2204.8	5609.2
944 	50    	3484.57	2207.6	5124.4
945 	50    	3753.77	2206  	5504  
946 	50    	3633.18	2357.6	5422.8
947 	50    	3728.73	2334.8	4769.2
948 	50    	3695.66	2562.4	5940.4
949 	50    	3754.99	2488  	4908.4
950 	50    	3853.64	2044.8	5408  
951 	50    	3564.39	2704.4	4924.8
952 	50    	3739.6 	2292  	5200.4
953 	50    	3724.95	2556  	4964.4
954 	50    	3841.5 	2198  	5122  
955 	50    	3711.24	1978  	5693.6
956 	50    	3859.93	2472.4	5538.4
957 	50    	3603.57	1931.2	4847.2
958 	50    	3543.46	2404.8	4925.6
959 	50    	3707.27	2366.4	4702  
960 	50    	3547.65	2282  	4780  
961 	50    	3613.26	2571.6	6190.8
962 	50    	3613.7 	2212.8	5571.6
963 	50    	3711.22	2412.4	5383.6
964 	50    	3446.02	1564  	5284  
965 	50    	3620.7 	2256.8	5701.2
966 	50    	3522.72	1966  	4659.6
967 	50    	3646.83	2125.2	5218.4
968 	50    	3742.46	2512.4	5522  
969 	50    	3658.43	2118.4	5617.6
970 	50    	3596.97	2381.6	5284  
971 	50    	3628.59	1776  	4943.6
972 	50    	3659.7 	2019.6	5344.8
973 	50    	3558.32	2050.8	4885.6
974 	50    	3608.53	1691.2	5658  
975 	50    	3872.25	2065.2	5591.6
976 	50    	3814.89	2215.6	5328.4
977 	50    	3616.79	2268.8	5626.8
978 	50    	3632.14	2465.2	4842  
979 	50    	3665.85	1630  	4977.2
980 	50    	3675.53	2300.8	4842.8
981 	50    	3783.34	2784.8	5306.8
982 	50    	3604.04	2420  	5296  
983 	50    	3563.13	2419.6	5484  
984 	50    	3786.43	2700.4	5488.4
985 	50    	3649.22	2377.6	4935.6
986 	50    	3596.34	2132  	5482.4
987 	50    	3440.28	2102.8	5206.4
988 	50    	3813.22	2550.4	5460  
989 	50    	3745.21	2352.8	6027.2
990 	50    	3721.27	2221.6	6033.2
991 	50    	3556.1 	2123.2	5259.2
992 	50    	3553.76	2424.4	5126.4
993 	50    	3642.66	2030.8	5158  
994 	50    	3696.77	2283.6	5201.6
995 	50    	3388.72	1652.4	4965.2
996 	50    	3677.3 	2362.8	4798.8
997 	50    	3604.58	2150.4	5170.4
998 	50    	3748.31	2070.8	5134.4
999 	50    	3579.58	2492.4	5400  
1000	50    	3771.14	2520.8	6477.6
1001	50    	3569.54	2156.8	4778  
1002	50    	3574.58	2273.6	5502.4
1003	50    	3643.3 	2303.6	4782.4
1004	50    	3705.18	2133.2	5209.2
1005	50    	3495.3 	1410.4	4995.6
1006	50    	3603.93	2433.2	5354.8
1007	50    	3528.83	2383.6	4969.6
1008	50    	3639.12	2512.4	5717.6
1009	50    	3557.18	2178  	4689.6
1010	50    	3664.56	2142  	4736.4
1011	50    	3531.07	1848  	5400.4
1012	50    	3522.26	2380.4	5202.4
1013	50    	3679.77	1980.4	5509.2
1014	50    	3541.64	2354.4	5056  
1015	50    	3479.99	2471.6	4412.8
1016	50    	3585.92	2378.4	5100  
1017	50    	3639.65	2214.8	5343.6
1018	50    	3585.89	2302.8	5724  
1019	50    	3528.57	2175.2	4892.4
1020	50    	3699.23	2231.2	5278.8
1021	50    	3473.38	2017.2	5475.6
1022	50    	3605.87	2335.6	5024.4
1023	50    	3625.21	2471.6	5562  
1024	50    	3744.78	2307.6	5414.4
1025	50    	3384.64	1942  	4776.8
1026	50    	3681.66	2483.2	5573.2
1027	50    	3598.41	2354  	4778  
1028	50    	3513.2 	1690  	4624.8
1029	50    	3477.52	2005.6	5025.2
1030	50    	3443.11	2023.2	4746.8
1031	50    	3563.83	2243.2	4650.8
1032	50    	3641.34	2337.6	5424.8
1033	50    	3505.66	2286.4	4952.8
1034	50    	3580.07	2604  	5163.2
1035	50    	3588.54	2456.8	4798.4
1036	50    	3625.53	2203.2	5063.6
1037	50    	3511.3 	1911.2	5502.8
1038	50    	3495.26	1868.8	4484  
1039	50    	3481.5 	2182.8	4851.6
1040	50    	3644.86	999.6 	5138.8
1041	50    	3450.49	2402  	4562.8
1042	50    	3513.2 	2124  	4659.2
1043	50    	3628.37	2477.2	4764.8
1044	50    	3573.03	2656  	5308.4
1045	50    	3483.68	2056  	5057.6
1046	50    	3626.55	2457.2	6011.2
1047	50    	3586.39	2315.6	5200  
1048	50    	3703.62	2005.2	5498  
1049	50    	3439.63	1945.6	4836.8
1050	50    	3448.78	1042.8	5050.8
1051	50    	3372.01	2250  	4708.4
1052	50    	3399.45	2195.6	5142.8
1053	50    	3415.62	2070.4	5202  
1054	50    	3399.7 	2165.2	4835.6
1055	50    	3438.24	2087.6	5130.8
1056	50    	3486.14	2323.6	4657.2
1057	50    	3550.63	2083.2	4864  
1058	50    	3564.24	2362  	5294.4
1059	50    	3595.57	2280  	4846  
1060	50    	3489.12	2205.6	4962.4
1061	50    	3569.66	1578.8	5417.2
1062	50    	3534.21	2226  	5298.4
1063	50    	3565.7 	2018.4	5302.4
1064	50    	3399.91	1852.4	5050.4
1065	50    	3466.1 	1706  	4759.2
1066	50    	3538.79	1985.2	4874.8
1067	50    	3533.38	1202  	4943.2
1068	50    	3593.91	2190  	5488.8
1069	50    	3468.58	2088.4	4836  
1070	50    	3573.54	2130.8	5836  
1071	50    	3479.03	2210  	4875.2
1072	50    	3534.61	1862.4	5022.4
1073	50    	3469.37	2090.8	5538.8
1074	50    	3455.02	2097.2	4821.6
1075	50    	3533.1 	1996  	4858  
1076	50    	3532.46	2024  	5084.4
1077	50    	3408.87	1685.6	5524.4
1078	50    	3463.14	2253.2	4864.4
1079	50    	3531.21	2025.2	5185.6
1080	50    	3463.18	1827.6	5079.2
1081	50    	3373.54	2152.8	4971.6
1082	50    	3623.46	2399.2	5158.4
1083	50    	3631.89	2305.2	5189.6
1084	50    	3545.05	2531.2	5348.4
1085	50    	3654.54	1856.8	5270.4
1086	50    	3384.35	2426  	5462.8
1087	50    	3514.04	1966.8	5311.6
1088	50    	3578.52	2227.6	5248.8
1089	50    	3363.57	2201.6	4389.6
1090	50    	3500.22	2124  	5342.4
1091	50    	3596.5 	2348.4	4804  
1092	50    	3499.41	1824  	4930.4
1093	50    	3596.95	1932.4	4794.4
1094	50    	3534.07	1916.4	5439.6
1095	50    	3649.91	1926  	4893.6
1096	50    	3646.9 	2428.4	4535.2
1097	50    	3521.32	1893.6	5363.6
1098	50    	3629.15	2178.8	4998.4
1099	50    	3703.63	2136.8	5007.6
1100	50    	3652.14	2018.4	5504  
1101	50    	3487.33	2043.2	4972.4
1102	50    	3501.86	1971.6	5038.8
1103	50    	3744.96	2145.2	6252  
1104	50    	3709.38	2387.6	4983.6
1105	50    	3688.21	2293.6	5981.6
1106	50    	3686.53	1354  	5386.4
1107	50    	3554.02	1588.4	5989.2
1108	50    	3467.37	2490.8	5018  
1109	50    	3747.91	2553.6	5456.4
1110	50    	3704.97	2172.4	5079.2
1111	50    	3613.5 	2250.4	4540.8
1112	50    	3599.14	2249.6	4930.4
1113	50    	3594.17	2000  	6282  
1114	50    	3602.53	1936  	5339.2
1115	50    	3487.66	2551.2	5067.6
1116	50    	3567.25	2073.2	4896.4
1117	50    	3690.02	2048.8	5049.6
1118	50    	3603.91	1886.4	6074.8
1119	50    	3583.94	2629.2	4862  
1120	50    	3631.46	1942  	5156  
1121	50    	3488.71	1824.8	5519.2
1122	50    	3499.71	1283.2	5868.4
1123	50    	3445.23	1478.8	5072.8
1124	50    	3517.75	2355.2	4472.8
1125	50    	3518.38	2194  	5816.8
1126	50    	3582.65	2174  	5311.2
1127	50    	3690.06	2048.8	6295.2
1128	50    	3500.1 	1879.2	5028.4
1129	50    	3618.16	2364  	4924.4
1130	50    	3709.09	1697.2	5359.6
1131	50    	3675.58	2484  	5135.2
1132	50    	3601.15	2166.8	5584  
1133	50    	3474.04	2272.8	4938.4
1134	50    	3525.4 	1583.2	5992.4
1135	50    	3592.91	1244.8	5499.6
1136	50    	3454.4 	1865.6	4983.6
1137	50    	3543.7 	2384  	4908.8
1138	50    	3597.09	2203.2	4922.8
1139	50    	3718.24	2337.2	5665.2
1140	50    	3690.69	2038.8	5473.2
1141	50    	3596.62	2314.8	5396.8
1142	50    	3700.73	1652.8	5856.4
1143	50    	3499.4 	1670  	4711.2
1144	50    	3595.26	2254  	5137.2
1145	50    	3661.99	2179.2	5513.2
1146	50    	3653.42	2526.8	5434  
1147	50    	3622.85	2186.4	5199.6
1148	50    	3739.85	2094.8	5182.8
1149	50    	3664.9 	2086  	5090  
1150	50    	3752.86	2600.8	5069.6
1151	50    	3727.67	2418  	6082  
1152	50    	3515.62	2234.8	5198.4
1153	50    	3548.34	1793.2	5261.2
1154	50    	3689.96	2074  	5030.4
1155	50    	3673.78	2406  	5821.6
1156	50    	3734.51	1974.4	5457.6
1157	50    	3673.06	2411.6	5640  
1158	50    	3926.63	2658.8	5505.6
1159	50    	3678.76	2195.2	4975.6
1160	50    	3612.47	2170  	5416.8
1161	50    	3837.83	1444.4	5381.6
1162	50    	3679.46	2000  	5530.4
1163	50    	3617.16	2356  	5022.8
1164	50    	3775.04	2400.8	5167.2
1165	50    	3663.68	2421.2	5084  
1166	50    	3934.93	2318  	5552  
1167	50    	3629.74	2678.4	5178.8
1168	50    	3540.78	1876.8	5337.6
1169	50    	3543.71	1504.8	5528.4
1170	50    	3604.3 	1962.8	4848  
1171	50    	3663.62	1567.2	5542  
1172	50    	3590.16	2368.4	5056.4
1173	50    	3626.02	2242.8	5425.6
1174	50    	3546.86	2366  	5354.4
1175	50    	3443.95	2310.4	4732  
1176	50    	3521.91	2520.8	5548.8
1177	50    	3616.02	2532  	5060  
1178	50    	3674.58	2040.8	5340.4
1179	50    	3606.5 	2374.8	5370  
1180	50    	3847.27	2206  	5752  
1181	50    	3692.48	2730.4	5140.4
1182	50    	3617.22	2382.4	5018.8
1183	50    	3627.87	2414  	5039.6
1184	50    	3595.86	2281.6	4952.8
1185	50    	3553.26	1990.4	5600.8
1186	50    	3630.02	2309.6	5436  
1187	50    	3623.64	1865.2	5216.8
1188	50    	3528.22	2353.2	5756  
1189	50    	3736.45	1758.4	5058.4
1190	50    	3793.2 	2665.6	4885.2
1191	50    	3807.06	2471.6	5149.6
1192	50    	3721.08	2182.4	4998.4
1193	50    	3716.22	2376.4	6020.8
1194	50    	3827.42	2690.8	5734.8
1195	50    	3572.79	1432.4	4927.2
1196	50    	3726.14	2283.2	5189.6
1197	50    	3628.47	2253.2	5303.2
1198	50    	3561.33	2115.6	5072.4
1199	50    	3659.17	2710.8	4728  
1200	50    	3791.6 	2440.8	5203.2
1201	50    	3622.34	2282.8	4760.4
1202	50    	3725.14	2275.6	5184.4
1203	50    	3323.49	2160.8	4554.8
1204	50    	3655.14	2330.4	5398.8
1205	50    	3462.98	2290.4	4715.6
1206	50    	3408.42	1954.8	6240.4
1207	50    	3456.02	2375.2	4650  
1208	50    	3640.42	2246.8	5513.6
1209	50    	3576.36	2392  	5418  
1210	50    	3723.06	2146.8	4909.2
1211	50    	3486   	2072.4	5379.6
1212	50    	3701.98	2577.2	5250.8
1213	50    	3580.55	2141.2	5045.6
1214	50    	3560.67	2352  	4758  
1215	50    	3393.97	1901.2	5331.6
1216	50    	3485.43	1600  	5033.2
1217	50    	3619.56	1532.8	5257.2
1218	50    	3606.14	2584.8	4860.8
1219	50    	3538.63	2344.8	4895.2
1220	50    	3780.36	2396.8	5288.8
1221	50    	3685.66	2340.4	5200  
1222	50    	3523.74	1840  	4820.8
1223	50    	3616.81	2398  	5108  
1224	50    	3548.01	2468.4	5007.6
1225	50    	3641.44	1680.8	5971.6
1226	50    	3711.65	2571.6	5149.2
1227	50    	3664.11	2708  	4886.4
1228	50    	3628.89	1978.8	4966  
1229	50    	3697.8 	2486.8	5478.8
1230	50    	3760.59	2486.8	4946  
1231	50    	3659.45	1614.8	5080  
1232	50    	3755.82	2487.6	5019.2
1233	50    	3666.78	884.4 	5382  
1234	50    	3900.02	2745.6	5613.6
1235	50    	3681.9 	1920.4	5186.4
1236	50    	3747.08	2365.6	4679.6
1237	50    	3674.26	2281.6	4889.2
1238	50    	3815.42	2249.2	5616.4
1239	50    	3555.62	2317.2	5052  
1240	50    	3557.27	2250  	5063.6
1241	50    	3775.14	2193.2	5209.6
1242	50    	3655.9 	1931.6	5360.4
1243	50    	3672.58	2028  	4939.6
1244	50    	3642.66	2060.8	5134.8
1245	50    	3801.79	2476  	5420.4
1246	50    	3522.7 	1518.4	5522  
1247	50    	3619.7 	2150  	4661.2
1248	50    	3660.61	2476.4	5807.6
1249	50    	3792.39	1791.6	5068.8
1250	50    	3680.86	1764  	4933.2
1251	50    	3786.54	2561.2	5501.2
1252	50    	3661.03	2136  	5311.2
1253	50    	3643.6 	2020  	5277.6
1254	50    	3680.79	1950.4	5590.8
1255	50    	3618.63	2730.4	4927.2
1256	50    	3579.96	2224  	5250.4
1257	50    	3628.08	1634.8	5030  
1258	50    	3584.11	2314  	5171.2
1259	50    	3579.52	2192.8	5317.6
1260	50    	3373.71	1709.2	5138.4
1261	50    	3747.32	2213.2	5625.2
1262	50    	3574.8 	1724.4	5142  
1263	50    	3527.87	1694  	4429.2
1264	50    	3745.92	2454.8	5756  
1265	50    	3767.1 	1472.4	5390.8
1266	50    	3935.33	2159.6	5699.6
1267	50    	3570.76	2202.8	5583.6
1268	50    	3688.82	2084.4	5258  
1269	50    	3670.86	2540.4	5097.6
1270	50    	3514.55	2185.2	5288  
1271	50    	3839.3 	2226.4	4901.6
1272	50    	3947.35	2934.8	5903.2
1273	50    	3671.59	2167.2	5177.6
1274	50    	3594.7 	2283.2	4584.4
1275	50    	3650.85	1904.4	5764.8
1276	50    	3516.11	1394.4	4867.2
1277	50    	3732.65	1823.6	5378  
1278	50    	3607.7 	2650  	5057.6
1279	50    	3504.42	1562  	4947.6
1280	50    	3591.99	2564.4	5280.8
1281	50    	3601.62	2239.2	4896.4
1282	50    	3459.13	1923.6	5029.2
1283	50    	3508.62	1910.8	4839.6
1284	50    	3571.09	2384  	5170  
1285	50    	3598.5 	2293.6	5129.2
1286	50    	3644.74	2383.6	5177.2
1287	50    	3605.34	2358.8	5019.2
1288	50    	3578.48	1902.8	4965.6
1289	50    	3613.98	2270  	5870  
1290	50    	3742.47	2450.8	5218.8
1291	50    	3522.14	1676.8	5005.6
1292	50    	3461.46	1737.6	5151.2
1293	50    	3580.14	1985.6	5438.4
1294	50    	3767.14	2084.4	5370  
1295	50    	3595.5 	2233.6	4979.2
1296	50    	3665.48	1528.8	5264.4
1297	50    	3503.01	1747.6	4738.8
1298	50    	3627.71	1660.8	5017.6
1299	50    	3499.33	1932  	5171.6
1300	50    	3560.22	1868.8	4943.6
1301	50    	3618.55	2350  	5017.2
1302	50    	3564.57	2260.4	5076  
1303	50    	3457.64	1755.6	5036  
1304	50    	3502.37	2101.2	4990  
1305	50    	3575.88	1862.4	4738.4
1306	50    	3350.91	1007.2	5399.6
1307	50    	3595.82	1558.4	4679.6
1308	50    	3503.7 	2166  	5796.8
1309	50    	3569.1 	2017.6	5640  
1310	50    	3521.03	2308.8	4695.6
1311	50    	3623.45	2060.8	5376  
1312	50    	3658.08	2028  	5202.4
1313	50    	3588.8 	2106.8	5140  
1314	50    	3655.92	2436  	4993.6
1315	50    	3754.46	2337.2	6222  
1316	50    	3735.44	2010.8	5392.8
1317	50    	3903.34	1688.8	5652.8
1318	50    	3685.25	2396  	5275.6
1319	50    	3751.82	2489.6	5530.8
1320	50    	3919.88	2616.8	5513.6
1321	50    	3584.11	2151.2	4960.8
1322	50    	3770.58	1620.8	5557.2
1323	50    	3750.22	2498  	5697.6
1324	50    	3478.51	1943.2	5354  
1325	50    	3576.2 	2313.6	5278.8
1326	50    	3668.77	1878.4	5703.2
1327	50    	3635.86	2078.8	5725.6
1328	50    	3533.9 	2013.2	5406.4
1329	50    	3699.73	2536.8	4790.4
1330	50    	3504.29	2394.4	5780  
1331	50    	3649.39	2441.2	4968.4
1332	50    	3527.3 	1235.2	4720.8
1333	50    	3570.21	766.8 	5326  
1334	50    	3481.54	1252.4	5514.4
1335	50    	3328.39	1742  	4815.2
1336	50    	3626.58	1898.8	5232.4
1337	50    	3562.89	2365.2	5348  
1338	50    	3589.35	2399.6	5848.8
1339	50    	3789.58	2026.8	5267.6
1340	50    	3704.82	2472  	5772.4
1341	50    	3711.86	2464.4	5099.2
1342	50    	3513.09	1872.4	5114.8
1343	50    	3537.63	1564.4	5060.8
1344	50    	3403.99	1775.2	5376  
1345	50    	3493.04	1812.4	5051.6
1346	50    	3722.04	1615.2	5475.6
1347	50    	3811.85	1753.6	5982.8
1348	50    	3581.58	1870  	4984.8
1349	50    	3646.14	2052  	5145.6
1350	50    	3708.98	2517.6	5055.6
1351	50    	3627.96	2115.2	4889.2
1352	50    	3458.18	1864.8	5238.4
1353	50    	3628.42	2230  	5883.6
1354	50    	3587.98	2116  	5083.6
1355	50    	3681.23	1440  	5262.4
1356	50    	3492.14	1356.8	5113.6
1357	50    	3537.95	2312.8	4852.8
1358	50    	3639.27	2410.8	4863.2
1359	50    	3780.87	2381.6	5292.4
1360	50    	3678.75	2440  	5470.4
1361	50    	3767.82	2080.4	5644  
1362	50    	3621.17	2398.4	5169.2
1363	50    	3507.38	2411.2	5328.4
1364	50    	3545.9 	2482.8	4798.4
1365	50    	3602.44	2360.8	5422.4
1366	50    	3657   	2138.8	4935.2
1367	50    	3568.95	2236.4	5533.2
1368	50    	3558.31	1994.8	5184  
1369	50    	3565.26	2072.4	4948.8
1370	50    	3735.36	2306  	5136.4
1371	50    	3577.94	2160  	5227.6
1372	50    	3666.24	2430.4	4731.6
1373	50    	3446.78	2034  	4834.4
1374	50    	3737.93	2481.6	5534  
1375	50    	3775.74	1754.4	5667.2
1376	50    	3741.39	2164.8	5846.8
1377	50    	3533.32	936.4 	5132.4
1378	50    	3637.25	2194.8	4950  
1379	50    	3635.38	2302  	5847.2
1380	50    	3636.3 	1846  	5082  
1381	50    	3618.74	2273.2	6367.6
1382	50    	3591.06	1485.2	5067.2
1383	50    	3670.72	1729.6	5501.2
1384	50    	3600.32	2110.8	6226.8
1385	50    	3487.13	930.4 	5613.2
1386	50    	3598.94	2144.8	5492.8
1387	50    	3725.99	2542.4	5569.6
1388	50    	3618.47	2014.8	5225.2
1389	50    	3675.68	2448.8	5179.6
1390	50    	3567.82	1846  	5864.4
1391	50    	3552.1 	2258.8	5694.4
1392	50    	3679.54	1459.2	5222  
1393	50    	3460.54	1970.8	5099.6
1394	50    	3618.4 	2092  	5122  
1395	50    	3565.2 	1975.2	5200.4
1396	50    	3542.48	2225.6	4950  
1397	50    	3736.23	2094  	5660.8
1398	50    	3519.79	2212.8	4715.2
1399	50    	3513.65	2365.2	4842.8
1400	50    	3620.81	2391.6	4882.8
1401	50    	3624.56	2124.8	5836.8
1402	50    	3594.42	1912.8	5365.6
1403	50    	3576.71	2684  	4846  
1404	50    	3580.32	2134  	5120.4
1405	50    	3568.11	1905.2	5666.4
1406	50    	3501.53	1754  	5308  
1407	50    	3764.18	2068  	5603.2
1408	50    	3434.1 	2098.4	4820.8
1409	50    	3592.26	2372  	6695.6
1410	50    	3587.01	1716  	4993.2
1411	50    	3628.91	2191.2	5880.4
1412	50    	3755.74	2208  	5770.8
1413	50    	3825.09	2516  	5383.2
1414	50    	3567.88	1566.4	5060  
1415	50    	3494.46	1248.8	4883.6
1416	50    	3588.78	2466  	5050.8
1417	50    	3535.59	2350.4	4962.8
1418	50    	3790.86	2480  	4993.2
1419	50    	3715.44	1799.6	5855.6
1420	50    	3575.74	2283.6	5632.4
1421	50    	3726.88	2466  	5214  
1422	50    	3595.8 	1554.8	5165.6
1423	50    	3681.77	1890.4	5139.2
1424	50    	3624.87	2206.8	5155.2
1425	50    	3510.94	1744.8	6031.6
1426	50    	3591.3 	2638.4	5055.6
1427	50    	3497.8 	2198.4	5185.2
1428	50    	3502.48	1706.8	5343.6
1429	50    	3682   	2221.6	5510.4
1430	50    	3744.89	2395.6	5066.4
1431	50    	3684.77	2572.8	5849.2
1432	50    	3787.16	1807.2	6295.6
1433	50    	3629   	2248  	5012.4
1434	50    	3787.4 	2261.6	5482.8
1435	50    	3766.12	2217.6	5536.8
1436	50    	3725.9 	2438  	5029.2
1437	50    	3624.52	1428  	5190.4
1438	50    	3661.3 	2194.4	5172.8
1439	50    	3632.66	1787.6	6511.2
1440	50    	3647.89	1758.4	5136  
1441	50    	3591.14	2384.4	4588.8
1442	50    	3611.52	2145.6	5229.2
1443	50    	3716.3 	2095.2	5064.4
1444	50    	3402.24	2036.4	4726.8
1445	50    	3611.36	2204  	5051.2
1446	50    	3672.33	2134.4	5309.2
1447	50    	3424.74	2192.4	5306.8
1448	50    	3658.1 	2575.2	4713.2
1449	50    	3543.66	2071.6	5356.4
1450	50    	3661.74	1646  	5596.4
1451	50    	3868.42	2665.2	5783.2
1452	50    	3634.67	1242.8	5072.8
1453	50    	3485.77	1375.2	5455.2
1454	50    	3757.49	2571.2	5380.8
1455	50    	3351.85	1776  	4550.8
1456	50    	3489.7 	2313.6	5080.8
1457	50    	3467.65	2030.4	4460.4
1458	50    	3729.46	2197.2	5111.2
1459	50    	3507.24	1795.6	5031.2
1460	50    	3509.87	2114  	5729.6
1461	50    	3819.87	1913.6	5627.6
1462	50    	3488.47	1955.6	5130.8
1463	50    	3538.2 	2143.2	5781.6
1464	50    	3543.37	2263.6	5278  
1465	50    	3404.9 	2443.2	4999.2
1466	50    	3549.18	2496  	4710  
1467	50    	3598.62	1864.8	4664.8
1468	50    	3597.85	2102.4	5313.6
1469	50    	3536.1 	2014.4	4906.8
1470	50    	3545.76	1967.6	5301.6
1471	50    	3654.29	2264  	4985.6
1472	50    	3598.26	1758.8	5279.6
1473	50    	3575.3 	2206  	5350  
1474	50    	3565.37	2039.2	5204.4
1475	50    	3754.41	2357.6	4933.6
1476	50    	3826.52	2585.2	6151.2
1477	50    	3555.95	1771.6	5150.8
1478	50    	3492.74	2296.8	5010  
1479	50    	3505.22	1366  	4984  
1480	50    	3615.26	2186.4	5043.6
1481	50    	3538.51	2286.8	4645.2
1482	50    	3671.81	2137.2	5182.8
1483	50    	3692.9 	2593.2	5168  
1484	50    	3748.23	2167.6	5280  
1485	50    	3606.63	2259.6	4981.6
1486	50    	3472.36	1930.8	4825.6
1487	50    	3674.98	2292.8	5008.8
1488	50    	3610.3 	2695.2	5107.2
1489	50    	3661.52	2641.6	5067.2
1490	50    	3597.49	2455.6	5248.4
1491	50    	3653.77	2288.8	5799.6
1492	50    	3675.75	1746  	5156.8
1493	50    	3503.82	2356  	5910  
1494	50    	3412.3 	2300.8	4423.6
1495	50    	3430.67	2132  	4861.2
1496	50    	3504.81	1572.8	5217.6
1497	50    	3493.25	2014.8	4970.4
1498	50    	3488.41	2043.6	4798.4
1499	50    	3470.22	2298.8	5522.8
1500	50    	3619.36	2083.6	5552.8
1501	50    	3572.56	1785.2	5280.4
1502	50    	3398.59	1399.2	5050.8
1503	50    	3422.7 	1138.8	5279.6
1504	50    	3520.59	2114.4	4615.6
1505	50    	3737.12	2274.8	5468  
1506	50    	3581.96	1575.2	4904.8
1507	50    	3507.51	1770.8	5103.2
1508	50    	3356.17	1536  	5346.4
1509	50    	3577.05	2213.2	4740.8
1510	50    	3473.78	1926.8	5184  
1511	50    	3581.55	1965.6	5029.2
1512	50    	3622.53	2403.2	5047.2
1513	50    	3522.34	2016.4	4803.2
1514	50    	3484.45	2258  	5822.8
1515	50    	3587.18	1816  	5020.4
1516	50    	3526.05	2031.2	5579.6
1517	50    	3498.82	2308  	5023.2
1518	50    	3575.94	2237.2	4615.6
1519	50    	3492.5 	1896.8	4612.8
1520	50    	3597.22	995.6 	4951.6
1521	50    	3646.65	2558.4	5721.2
1522	50    	3678.78	2295.2	7243.6
1523	50    	3586.11	1879.2	5334  
1524	50    	3625.01	2154  	5412.4
1525	50    	3756.2 	2321.6	5604.8
1526	50    	3546.36	2442  	5931.6
1527	50    	3630.4 	2224.4	5160.4
1528	50    	3374.71	2042.4	4627.6
1529	50    	3532.6 	2118.4	5308.8
1530	50    	3375.18	2124  	4828  
1531	50    	3401.22	1706.8	5307.2
1532	50    	3572.36	1696.8	5813.2
1533	50    	3490.23	1894.8	4853.6
1534	50    	3756.22	2438.4	5103.2
1535	50    	3648.06	2578  	4678  
1536	50    	3534.4 	2520  	4490.8
1537	50    	3370.74	1814  	4919.6
1538	50    	3573.4 	1813.2	5403.6
1539	50    	3807.18	2598.8	5316  
1540	50    	3594.25	2276.4	5761.2
1541	50    	3413.86	1744  	4749.6
1542	50    	3699.11	2134.8	5371.6
1543	50    	3566.74	2000  	5243.2
1544	50    	3694.74	2514  	5501.2
1545	50    	3665.44	2086.8	5320  
1546	50    	3498.86	2194.8	4822.4
1547	50    	3590.67	2242.4	5225.6
1548	50    	3542.48	1793.2	6700.8
1549	50    	3570.22	2443.2	6428.4
1550	50    	3523.51	2050.4	4893.2
1551	50    	3619.36	1624  	5603.6
1552	50    	3499.79	2130.4	4770.4
1553	50    	3533.5 	1563.2	5593.6
1554	50    	3728.16	1652.8	5215.2
1555	50    	3668   	2138.8	5593.6
1556	50    	3663.5 	2420.4	5154.4
1557	50    	3634.05	2143.6	4777.2
1558	50    	3574.86	2596  	5534.4
1559	50    	3685.94	2213.2	4830.4
1560	50    	3431.33	2181.6	5066.8
1561	50    	3545.1 	2498.8	5020  
1562	50    	3668.5 	2205.6	5340.4
1563	50    	3522.98	2194.4	5409.2
1564	50    	3466.16	1633.6	5060  
1565	50    	3754.28	2568.8	5274  
1566	50    	3518.22	2314.4	4824.8
1567	50    	3430.74	2583.6	4747.6
1568	50    	3622.23	2055.2	5552.4
1569	50    	3713.5 	1683.2	5150.8
1570	50    	3612.33	1938.4	5292  
1571	50    	3602.07	1669.6	5624.4
1572	50    	3526.2 	2467.2	4818.4
1573	50    	3611.23	1951.2	5650.8
1574	50    	3688.21	2307.6	4944  
1575	50    	3638.22	2652.4	4650  
1576	50    	3652.05	1974  	5338.4
1577	50    	3587.32	2532  	5149.6
1578	50    	3679.98	2457.2	5281.2
1579	50    	3511.3 	2077.6	4854.8
1580	50    	3778.22	1690.4	5929.2
1581	50    	3631.46	2540.4	5150  
1582	50    	3685.68	1977.6	5239.2
1583	50    	3627.49	2048.4	5547.6
1584	50    	3807.44	2352  	5404  
1585	50    	3713.06	2390.8	5202  
1586	50    	3621.8 	2232.4	5076.4
1587	50    	3603.76	2628.4	5366.8
1588	50    	3654.89	2671.2	5401.6
1589	50    	3599.27	2155.6	5293.2
1590	50    	3475.97	2293.6	5011.2
1591	50    	3656.82	1940.4	5682  
1592	50    	3683.54	2632.8	4954  
1593	50    	3607.1 	1940.4	5041.2
1594	50    	3537.6 	2436.8	5783.6
1595	50    	3537.5 	2378.8	5187.2
1596	50    	3766.23	2418.4	5400.8
1597	50    	3576.87	2536  	4370.4
1598	50    	3419.18	1210.4	5501.6
1599	50    	3475.9 	2266  	5301.6
1600	50    	3534.18	2190.4	5269.2
1601	50    	3768.56	2301.2	5720.4
1602	50    	3499.84	2432.8	4871.2
1603	50    	3585.37	1836.4	5028.4
1604	50    	3727.62	2511.2	5218.4
1605	50    	3607.89	2425.6	5295.6
1606	50    	3395.59	1981.6	4979.6
1607	50    	3503.75	2179.6	5131.2
1608	50    	3657.74	2243.2	5225.2
1609	50    	3469.77	2600  	4996.4
1610	50    	3518.12	2464  	4668.8
1611	50    	3531.86	2451.6	4846.8
1612	50    	3642.64	2246.8	5525.6
1613	50    	3736.02	2272  	5460  
1614	50    	3597.99	2131.2	4594.8
1615	50    	3572.38	2070.8	5420  
1616	50    	3691.5 	2525.2	5168.8
1617	50    	3580.56	1985.6	5388.4
1618	50    	3476.23	1940  	4602  
1619	50    	3510.27	2493.6	5328.8
1620	50    	3596.67	1837.2	5364.8
1621	50    	3484.82	2218.8	5220.8
1622	50    	3719.36	2151.2	5513.2
1623	50    	3705.95	1901.2	5122.8
1624	50    	3584.2 	2280.8	4931.6
1625	50    	3762.82	2174  	5038.8
1626	50    	3806.77	2776  	5431.6
1627	50    	3676.75	2506  	4925.6
1628	50    	3753.4 	2148  	5460.4
1629	50    	3555.42	2381.6	4555.2
1630	50    	3595.02	2249.2	5310.4
1631	50    	3784.1 	2190.4	5384  
1632	50    	3511.54	1728  	5120.4
1633	50    	3648.21	2196  	5336.4
1634	50    	3631.27	2328.4	5169.2
1635	50    	3447.13	1831.6	4846.4
1636	50    	3551.94	2506  	4566.4
1637	50    	3694.24	2180.4	5742  
1638	50    	3655.83	2147.6	5692.8
1639	50    	3487.21	2376.4	5558.4
1640	50    	3657.54	2065.6	5003.2
1641	50    	3741.38	1902.4	5316  
1642	50    	3657.2 	1760.8	5174  
1643	50    	3511.89	1231.6	4771.2
1644	50    	3743.62	1991.6	5885.6
1645	50    	3621.46	1873.6	5477.6
1646	50    	3576.5 	2049.6	5529.6
1647	50    	3542.74	2507.6	4720.8
1648	50    	3690.46	2754.4	5414.8
1649	50    	3670.2 	2379.2	5082.4
1650	50    	3683.27	1897.6	5112.8
1651	50    	3538.58	2483.6	5294.4
1652	50    	3807.09	2421.6	5108.8
1653	50    	3723.53	2490.8	5335.6
1654	50    	3470.56	1918.4	4641.2
1655	50    	3756.22	2614  	5524.8
1656	50    	3674.05	2379.6	5667.2
1657	50    	3677.57	1906.4	5463.6
1658	50    	3623.65	2348.4	5278.4
1659	50    	3590.52	2454.4	5380.8
1660	50    	3766.6 	2522.4	5309.2
1661	50    	3565.86	2210.8	5076  
1662	50    	3617.85	2340.4	5215.6
1663	50    	3655.3 	2464.4	5046  
1664	50    	3576.19	1958.8	5408.8
1665	50    	3585.45	2135.2	5101.6
1666	50    	3542.89	1689.6	4845.6
1667	50    	3475.99	1523.2	5035.6
1668	50    	3618.69	2472.4	5106.8
1669	50    	3676.66	2668.4	4680.8
1670	50    	3792.72	2679.6	5486.8
1671	50    	3754.87	1944  	5311.2
1672	50    	3694.72	2476  	5031.6
1673	50    	3790.86	2502.8	5798.4
1674	50    	3783.68	2117.6	5797.6
1675	50    	3696.06	2612.4	4951.2
1676	50    	3768.86	2546.8	6332.4
1677	50    	3638.33	2100  	4909.2
1678	50    	3460.7 	2438.8	4746  
1679	50    	3544.58	2089.2	5518.8
1680	50    	3485.34	2291.2	4650.8
1681	50    	3586.64	2269.6	5202.8
1682	50    	3595.6 	2322.8	5532  
1683	50    	3682.03	2615.6	5415.6
1684	50    	3579.58	2595.2	5360.4
1685	50    	3589.7 	2111.6	5031.6
1686	50    	3391.23	2362  	5153.2
1687	50    	3551.83	2285.2	4810  
1688	50    	3499.98	1936.4	5304  
1689	50    	3481.3 	2197.6	5467.6
1690	50    	3621.53	2131.2	5326  
1691	50    	3729.02	2559.2	5029.6
1692	50    	3604.14	2474.8	4661.2
1693	50    	3641.85	2318.8	5276  
1694	50    	3653.38	2504  	4924.4
1695	50    	3633.38	1881.6	5784  
1696	50    	3785.94	2379.6	5292.4
1697	50    	3731.34	2364.4	6388  
1698	50    	3458.26	2251.2	5269.6
1699	50    	3681.8 	2222  	5243.6
1700	50    	3795.04	2539.2	5108.4
1701	50    	3828.74	2288.4	5725.2
1702	50    	3577.26	2232.4	5404.4
1703	50    	3663.7 	2444.8	5520.8
1704	50    	3514.66	2288  	4925.2
1705	50    	3619.06	1630.8	5713.6
1706	50    	3665.26	2150.8	5816.4
1707	50    	3691.68	2558.8	5101.6
1708	50    	3563.9 	2106.4	4940  
1709	50    	3544.84	2105.2	4802.4
1710	50    	3695.41	2023.2	5257.2
1711	50    	3415.16	1837.6	4832  
1712	50    	3641.49	1730  	5351.2
1713	50    	3752.18	1920  	4913.2
1714	50    	3676.15	2032.8	5340.8
1715	50    	3651.93	1898  	5410  
1716	50    	3662.86	1916.4	4975.2
1717	50    	3624.53	2221.2	5790.8
1718	50    	3651.46	2380.4	5299.2
1719	50    	3671.62	2640.8	5153.2
1720	50    	3577.21	2347.6	5310.4
1721	50    	3761.85	2521.2	5222  
1722	50    	3569.39	2376.8	4787.6
1723	50    	3564.9 	2408.8	5294  
1724	50    	3687.49	2288.4	6326  
1725	50    	3755.01	2704.4	5628  
1726	50    	3559.48	2294.8	5642.8
1727	50    	3802.62	2385.2	5376.8
1728	50    	3536.72	2126  	5720.8
1729	50    	3674.4 	2566.4	5160.8
1730	50    	3687.22	2323.2	4997.2
1731	50    	3622.3 	2100  	5390.8
1732	50    	3786.19	2092  	5865.2
1733	50    	3514.14	2178.4	5141.2
1734	50    	3551.43	2525.6	4964.8
1735	50    	3619.58	2344.4	5359.6
1736	50    	3631.17	2168.4	5162.4
1737	50    	3587.86	1801.2	4942.4
1738	50    	3857.34	2021.6	5350.4
1739	50    	3710.66	2350.4	4982.8
1740	50    	3563.13	2360.4	5799.2
1741	50    	3652.94	1993.6	5036.4
1742	50    	3604.92	2265.6	5134.8
1743	50    	3616.39	2234.8	5198.8
1744	50    	3667.9 	2198.8	4912  
1745	50    	3422.86	2069.6	4518.8
1746	50    	3694.33	2565.2	6027.6
1747	50    	3695.2 	2112  	5496  
1748	50    	3656.66	2395.6	4924  
1749	50    	3668.1 	2042.8	5092.8
1750	50    	3620.32	2201.6	4883.2
1751	50    	3565.13	2416.8	5070.8
1752	50    	3472.53	1090.8	4937.6
1753	50    	3603.83	2087.2	5069.2
1754	50    	3504.09	1675.6	5312  
1755	50    	3407.31	1719.6	4704.8
1756	50    	3491.5 	2043.2	4490.8
1757	50    	3579.37	2259.6	5029.6
1758	50    	3489.98	2510  	4642.4
1759	50    	3524.57	2425.6	5150  
1760	50    	3452.24	2356.8	4677.6
1761	50    	3647.26	1829.2	5984.8
1762	50    	3663.86	2145.6	5060.8
1763	50    	3775.48	2828  	4832  
1764	50    	3766.38	2735.6	5277.2
1765	50    	3572.65	2182.4	5222.4
1766	50    	3761.57	2498  	5094.4
1767	50    	3642.55	2218.8	5131.2
1768	50    	3627.98	2238.8	5296.4
1769	50    	3547.1 	2202  	5157.2
1770	50    	3728.19	2353.2	5972.4
1771	50    	3661.38	2626  	5195.2
1772	50    	3699.12	1788.8	5770  
1773	50    	3761.18	2109.6	4918  
1774	50    	3554.7 	2112  	5704.8
1775	50    	3559.77	1192.8	5309.2
1776	50    	3533.88	2645.6	4571.2
1777	50    	3646.13	2087.2	4994.8
1778	50    	3540.02	2374  	5556.4
1779	50    	3645.84	2212.4	5588  
1780	50    	3541.32	2210  	5172.4
1781	50    	3487.99	1948.4	4991.2
1782	50    	3759.43	2240.4	5532  
1783	50    	3551.78	2220.4	5686.4
1784	50    	3556.24	2407.6	5022.4
1785	50    	3479   	2368.4	4954.4
1786	50    	3634.11	2435.6	5026  
1787	50    	3352.35	1645.2	4574  
1788	50    	3729.53	1998  	5503.6
1789	50    	3739.64	1867.6	5616.8
1790	50    	3574.52	1588.4	5967.6
1791	50    	3635.39	1972.4	5712.8
1792	50    	3655.07	2230  	5693.6
1793	50    	3705.85	1771.6	5704  
1794	50    	3613.86	2347.6	5926  
1795	50    	3688.52	2077.2	5118.8
1796	50    	3840.65	2348  	5186.4
1797	50    	3783.74	2474  	6160  
1798	50    	3431.78	2224.4	5047.6
1799	50    	3699.08	2046  	5761.6
1800	50    	3683.18	1938  	5148.4
1801	50    	3610.69	2254.8	5138  
1802	50    	3737.22	2114.4	4770  
1803	50    	3849.74	1746.8	5482.4
1804	50    	3532.56	2272  	5056.4
1805	50    	3704.24	1819.2	5495.2
1806	50    	3596.57	1727.2	5059.2
1807	50    	3570.62	2361.6	4576.4
1808	50    	3541.5 	2034.8	5229.6
1809	50    	3579.18	2001.6	4529.6
1810	50    	3682.29	2169.2	5793.2
1811	50    	3716.34	1006.8	5970  
1812	50    	3733.02	2491.2	5436  
1813	50    	3648.15	1915.2	5193.6
1814	50    	3669.78	1755.6	5137.2
1815	50    	3581.46	2193.2	5475.2
1816	50    	3817.99	2121.2	5235.6
1817	50    	3533.85	1272  	5936  
1818	50    	3735.26	2336.4	5601.6
1819	50    	3685.06	2531.2	5684.4
1820	50    	3715.63	2258.4	5722.4
1821	50    	3722.19	1792.4	5319.2
1822	50    	3776.83	2802.4	5226  
1823	50    	3603.09	1379.2	5378.4
1824	50    	3675.15	1310.4	5838  
1825	50    	3529.02	1575.2	5683.2
1826	50    	3664.34	2498  	5148.8
1827	50    	3756.98	2105.2	5319.6
1828	50    	3624.51	2457.6	5668  
1829	50    	3591.83	2368.4	4999.6
1830	50    	3717.66	1722.4	5515.2
1831	50    	3672.65	2538  	5184  
1832	50    	3793.06	1282.4	4936.4
1833	50    	3849.66	1559.6	5706.4
1834	50    	3548.66	1801.2	5911.6
1835	50    	3714.32	1358  	5022  
1836	50    	3535.58	1414  	4677.6
1837	50    	3541.81	2485.2	5198.4
1838	50    	3676.04	2057.2	6398.8
1839	50    	3742.36	2462.8	6296.4
1840	50    	3707.31	2154.8	5072.4
1841	50    	3768.46	2324.4	5286.4
1842	50    	3701.95	2102  	6282.8
1843	50    	3733.2 	2122.8	5702  
1844	50    	3599.4 	946   	5062.4
1845	50    	3718.64	1076  	5292  
1846	50    	3836.77	2120  	6424  
1847	50    	3738.82	1682.4	5960.4
1848	50    	3736.34	2666.4	5539.2
1849	50    	3841.14	2126  	6054.4
1850	50    	3715.49	2374.4	4985.2
1851	50    	3788.27	1810.4	5319.6
1852	50    	3837.45	2143.2	5650.4
1853	50    	3681.76	1983.6	5231.2
1854	50    	3862.14	2397.6	5865.2
1855	50    	3675.06	2517.6	5458.4
1856	50    	3745.68	1981.2	5404.4
1857	50    	3575.34	1606.8	4997.2
1858	50    	3634.49	2338.4	5537.6
1859	50    	3664.06	2303.6	5388.8
1860	50    	3829.18	2260  	5917.2
1861	50    	3672.13	1140  	5334.4
1862	50    	3769.44	2522.8	5204.8
1863	50    	3538.69	2086.8	5086.8
1864	50    	3744.34	1280.8	5952  
1865	50    	3691.34	1214.8	4928.4
1866	50    	3596.7 	1544  	5493.2
1867	50    	3457.95	2011.2	5217.2
1868	50    	3742.13	1649.2	6109.6
1869	50    	3714.44	1940.4	5122  
1870	50    	3799.35	2101.2	5588.4
1871	50    	3682.05	1995.2	5589.2
1872	50    	3727.25	2284.4	5720  
1873	50    	3644.66	2260.8	5527.2
1874	50    	3733.81	2085.6	5626.4
1875	50    	3646.7 	2074.4	4778  
1876	50    	3710.27	1942.8	5639.6
1877	50    	3757.94	2215.6	6010.4
1878	50    	3662.26	1770  	5373.2
1879	50    	3650.9 	1629.6	5005.2
1880	50    	3714.36	2087.6	5257.2
1881	50    	3578.96	1997.6	4968.8
1882	50    	3729.34	2189.2	4623.2
1883	50    	3673.05	2359.6	5006.4
1884	50    	3720.24	2082.8	5114.4
1885	50    	3883.96	1602  	6316.4
1886	50    	3680.54	2390.8	4916.4
1887	50    	3757.86	2110.8	5770  
1888	50    	3767.53	1909.6	5080  
1889	50    	3757.71	1053.6	5502  
1890	50    	3807.58	1748.4	5232  
1891	50    	3646.72	1336.8	5262.8
1892	50    	3669.38	1558.4	5139.2
1893	50    	3680.68	2519.6	5604.8
1894	50    	3487.14	1278  	4879.6
1895	50    	3703.65	2304  	5393.2
1896	50    	3506   	2128.4	5012.8
1897	50    	3645.82	2494.4	5379.2
1898	50    	3672.97	1962.8	6765.6
1899	50    	3394.25	1454.4	4972.4
1900	50    	3665.54	1263.6	5418.4
1901	50    	3721.17	1702.8	5299.2
1902	50    	3598.05	2136.8	5147.6
1903	50    	3489.22	1200  	5546  
1904	50    	3682.17	1280.8	5326  
1905	50    	3632.5 	2026  	4583.6
1906	50    	3682.1 	2325.2	4960.4
1907	50    	3510.68	2411.2	5032.4
1908	50    	3550.98	1916.4	5338.8
1909	50    	3421.34	1886.4	4998.8
1910	50    	3661.74	1768.4	5339.2
1911	50    	3705.01	2246  	4922  
1912	50    	3681.78	2521.6	5264  
1913	50    	3613.06	1924.8	5986.8
1914	50    	3546.03	2326  	4534.4
1915	50    	3560.5 	2286  	4801.2
1916	50    	3656.08	2367.6	5552.8
1917	50    	3707.25	2355.2	5552  
1918	50    	3540.63	1449.2	4664.4
1919	50    	3706.76	1990.8	5107.6
1920	50    	3547.37	2359.6	5738.4
1921	50    	3628.19	1566.8	5592  
1922	50    	3487.17	1877.6	5155.6
1923	50    	3575.24	2337.6	5111.2
1924	50    	3687.72	1658.8	5171.6
1925	50    	3318.59	2333.6	4547.6
1926	50    	3500.6 	2109.6	4688  
1927	50    	3429.7 	2092.8	4931.6
1928	50    	3534.41	1584.4	5758.4
1929	50    	3506.46	2263.2	4891.2
1930	50    	3505.03	1743.6	5102.4
1931	50    	3592.53	2466.4	4896  
1932	50    	3503.95	1794  	4606.8
1933	50    	3719.09	2835.6	4713.6
1934	50    	3808.26	2282.8	5328.4
1935	50    	3550.01	1870.8	4995.6
1936	50    	3622.75	1717.6	4925.2
1937	50    	3710.95	2257.6	5028  
1938	50    	3657.02	2025.2	5080.8
1939	50    	3523.44	2097.2	4961.6
1940	50    	3510.3 	1030  	4839.6
1941	50    	3754.32	2089.6	5312  
1942	50    	3550.38	2180.8	6383.6
1943	50    	3674.22	2383.6	5262.8
1944	50    	3698.11	2407.2	5163.6
1945	50    	3694.58	1425.6	5584.4
1946	50    	3646.18	2165.2	5726  
1947	50    	3586.03	2094  	5056.4
1948	50    	3728   	1974.4	4972.4
1949	50    	3681.92	2130.4	5520.8
1950	50    	3537.88	1714.4	5006  
1951	50    	3549.07	1918.4	4783.6
1952	50    	3528.87	1931.2	5191.6
1953	50    	3495.34	1894  	5080.8
1954	50    	3508.38	1477.6	5062.8
1955	50    	3626.9 	2384.4	4399.2
1956	50    	3685.32	1682.8	6903.2
1957	50    	3476.18	1577.6	4733.6
1958	50    	3629.42	2147.2	5357.6
1959	50    	3717.06	2056.8	5559.2
1960	50    	3765.54	2795.2	5404  
1961	50    	3512.36	1903.2	4642  
1962	50    	3462.72	1211.2	4883.6
1963	50    	3857.1 	2319.2	5642  
1964	50    	3681.45	2136  	5354.8
1965	50    	3533.8 	1425.2	5552.8
1966	50    	3826.06	2500  	5127.2
1967	50    	3783.36	2430.4	5372  
1968	50    	3657.46	1695.6	5220.8
1969	50    	3646.71	2235.2	5856.8
1970	50    	3724.71	2220.8	5474.4
1971	50    	3561.18	1110.8	5559.2
1972	50    	3564.45	2408.8	5647.2
1973	50    	3835.59	1471.2	5488.4
1974	50    	3585.9 	2000  	4968  
1975	50    	3658.29	2317.2	5799.6
1976	50    	3426.46	1523.6	5064.4
1977	50    	3644.85	1718  	6194.4
1978	50    	3478.34	2105.2	5894.8
1979	50    	3527.35	1506.8	5917.6
1980	50    	3676.99	2096.8	5009.2
1981	50    	3497.72	1958  	4720.4
1982	50    	3593.06	2366.4	5518.4
1983	50    	3587.06	2576.4	4950.8
1984	50    	3570.57	2208.8	5972  
1985	50    	3535.02	2176.4	5091.6
1986	50    	3593.95	1908.8	5975.6
1987	50    	3621.3 	2149.6	5373.2
1988	50    	3574.78	2534.4	4948.8
1989	50    	3714.94	2102.8	5341.6
1990	50    	3783.74	2692  	5751.6
1991	50    	3591.01	1636.8	4998.8
1992	50    	3641.14	1639.6	4999.2
1993	50    	3688.12	2052  	5173.6
1994	50    	3672.88	2688  	5126.4
1995	50    	3755.86	2003.6	5033.2
1996	50    	3672.29	2178.8	6017.2
1997	50    	3874.42	2311.6	5590.8
1998	50    	3635.09	2310.4	5060.8
1999	50    	3792.04	2275.2	5912.8
2000	50    	3702.15	2290  	5112  
2001	50    	3677.8 	2229.6	6336  
2002	50    	3514.22	1492  	5199.2
2003	50    	3582.46	1218  	4879.2
2004	50    	3786.75	2259.2	6513.2
2005	50    	3575.95	2104.8	4963.2
2006	50    	3742.33	2557.2	6482.4
2007	50    	3798.93	2536.8	5240  
2008	50    	3545.42	2060  	5232.8
2009	50    	3588.02	1810.4	5739.2
2010	50    	3617.9 	2398.4	5538.8
2011	50    	3658.69	1700.4	5331.6
2012	50    	3639.23	2257.6	4852.8
2013	50    	3649.89	1804.4	5432  
2014	50    	3695.34	2204.4	4880  
2015	50    	3722.67	2528  	4963.6
2016	50    	3744.33	2298  	5317.2
2017	50    	3500.06	1736.8	5922  
2018	50    	3785.82	2235.6	5636.8
2019	50    	3556.74	2063.6	5032.4
2020	50    	3559.71	2216.8	5411.2
2021	50    	3759.57	2187.2	5735.2
2022	50    	3751.51	1996  	5144.8
2023	50    	3693.61	817.6 	5439.2
2024	50    	3483.47	2552.4	4745.2
2025	50    	3632.32	2110  	4970.4
2026	50    	3668.31	1977.6	5590.4
2027	50    	3678.06	2248.4	5212.8
2028	50    	3623.94	1154  	5349.2
2029	50    	3626.97	2372  	5092.8
2030	50    	3589.37	2034.8	5427.2
2031	50    	3707.1 	1974.8	5202.4
2032	50    	3614.25	2141.2	5383.6
2033	50    	3786.02	2300.8	6424.4
2034	50    	3767.2 	2269.2	5396  
2035	50    	3678.42	2551.2	5068.4
2036	50    	3670.82	2332.4	4948.4
2037	50    	3516.92	1688.8	5366.8
2038	50    	3806.87	2659.2	5360.4
2039	50    	3583.59	1778.8	5206  
2040	50    	3717.84	2092.8	5444.8
2041	50    	3624.5 	2014  	4972  
2042	50    	3575.82	1740.4	5397.2
2043	50    	3654.92	1553.2	5256.8
2044	50    	3460.52	1198  	5488.8
2045	50    	3661.34	1093.2	5581.6
2046	50    	3755.64	2394  	5025.6
2047	50    	3652.85	2309.6	5424.8
2048	50    	3833.51	2604.4	5390  
2049	50    	3844.44	2639.2	6026  
2050	50    	3794.49	1942.8	5362.4
2051	50    	3770.36	2021.6	5138.4
2052	50    	3827.4 	2398.4	6728.8
2053	50    	3813.05	2386  	5736.4
2054	50    	3666.5 	2342.4	4976.8
2055	50    	3720.28	2037.2	5041.6
2056	50    	3749.66	2264.4	5867.2
2057	50    	3671.99	1525.6	5850  
2058	50    	3666.84	2595.2	5576.4
2059	50    	3629.83	2014.8	4986.8
2060	50    	3668.81	1794.8	5106.4
2061	50    	3605.27	2218.4	4755.6
2062	50    	3642.42	2237.6	5098.4
2063	50    	3424.66	2262.8	5038.4
2064	50    	3525.28	1849.2	5607.6
2065	50    	3730.56	2171.2	4952.8
2066	50    	3387.88	1253.2	4967.6
2067	50    	3450.96	1429.2	4728.8
2068	50    	3536.91	1861.2	4940  
2069	50    	3497.94	1822.4	5194.4
2070	50    	3511.19	1968.4	5634.8
2071	50    	3543.58	2221.2	5300.4
2072	50    	3713.45	2387.6	5307.6
2073	50    	3466.15	1425.6	5535.6
2074	50    	3732.79	2279.6	5723.6
2075	50    	3588.9 	1388  	5209.6
2076	50    	3720.58	1912.8	5053.6
2077	50    	3653.77	2555.6	5210.4
2078	50    	3744.1 	2731.6	5128.8
2079	50    	3509.57	1651.2	5936  
2080	50    	3576.06	2461.2	5445.2
2081	50    	3533.54	2552.8	5072.8
2082	50    	3499.26	2070  	5993.2
2083	50    	3312.98	1550  	5077.2
2084	50    	3529.26	2424  	5727.2
2085	50    	3442.07	2047.2	5732.8
2086	50    	3577.48	2285.2	5270.8
2087	50    	3505.37	2110  	5148  
2088	50    	3638.09	2268.8	5802.8
2089	50    	3639.98	2525.2	5779.2
2090	50    	3493.55	2254  	5086.4
2091	50    	3702.27	2416  	5420  
2092	50    	3701.66	2319.6	6002  
2093	50    	3503   	2080  	5298.4
2094	50    	3513.72	2130.4	5154.8
2095	50    	3505.62	1579.2	5104  
2096	50    	3585.03	1880  	5459.2
2097	50    	3479.76	1775.6	4936  
2098	50    	3513.31	1817.6	5276.4
2099	50    	3480.76	2314.4	4902.8
2100	50    	3511.83	1945.6	4859.2
2101	50    	3474.49	1982.8	5590.8
2102	50    	3559.64	1777.2	4916.4
2103	50    	3502.74	2425.2	4806  
2104	50    	3468.44	1358.4	5370.8
2105	50    	3761   	2103.2	5186.8
2106	50    	3778.31	1980  	5261.6
2107	50    	3602.19	1396.8	5330.8
2108	50    	3668.83	2128.8	5274  
2109	50    	3560.82	1311.2	4848  
2110	50    	3725.45	2323.2	5127.2
2111	50    	3844.7 	2216.4	5140  
2112	50    	3663.69	2221.2	4725.2
2113	50    	3598.62	1431.6	5218.8
2114	50    	3780.78	2227.2	5089.6
2115	50    	3445.46	1670  	4946.8
2116	50    	3542.03	814   	5768  
2117	50    	3860.15	2427.6	6024.4
2118	50    	3726.61	2033.2	5175.2
2119	50    	3640.62	1353.2	5538  
2120	50    	3818.51	2248  	5394.4
2121	50    	3657.14	2034  	5162.8
2122	50    	3787.86	2336.4	5559.2
2123	50    	3635.74	2183.2	5433.2
2124	50    	3623.94	1431.2	5228  
2125	50    	3535.12	1846  	4823.2
2126	50    	3544.63	1786.8	5378.8
2127	50    	3908.93	2249.6	5385.6
2128	50    	3705.82	2124.4	5270  
2129	50    	3686.1 	2077.6	4926.4
2130	50    	3795.34	1593.6	5235.6
2131	50    	3778.15	1774  	5568.8
2132	50    	3595.26	1934.8	4964.8
2133	50    	3568.04	2177.6	5502.8
2134	50    	3730.27	2521.6	5604.4
2135	50    	3695.12	1795.2	4818.8
2136	50    	3618.53	1149.2	5777.6
2137	50    	3734.39	2343.6	5148.4
2138	50    	3715.06	2528  	5419.2
2139	50    	3756.53	2156  	5139.2
2140	50    	3796.49	2500.8	5578  
2141	50    	3754.75	1865.2	5998.4
2142	50    	3449.39	1917.2	5212  
2143	50    	3723.84	2494  	4843.2
2144	50    	3779.65	2136.8	5346  
2145	50    	3703.15	2143.6	5390.4
2146	50    	3615.7 	1851.6	4932.8
2147	50    	3744.7 	2268.8	5573.6
2148	50    	3480.64	1293.2	4746  
2149	50    	3685.38	1508.8	6537.6
2150	50    	3644.3 	1516  	5242  
2151	50    	3728.1 	2462  	4833.2
2152	50    	3715.82	2023.2	5871.2
2153	50    	3883.03	2267.2	5492.4
2154	50    	3712.58	2482.8	5967.2
2155	50    	3824.26	2546  	5516.4
2156	50    	3821.24	2305.6	7343.2
2157	50    	3688.58	2295.6	5321.6
2158	50    	3623.54	1217.2	5327.6
2159	50    	3699.12	1875.6	5323.2
2160	50    	3751.5 	2334.8	5360.4
2161	50    	3532.83	2352.4	5759.2
2162	50    	3573.38	2252.8	4858  
2163	50    	3595.98	2140  	5628.4
2164	50    	3558.89	1153.2	5209.6
2165	50    	3698.05	2112  	5365.6
2166	50    	3708.84	1879.2	5512  
2167	50    	3703.72	2468  	5461.6
2168	50    	3705.4 	2212  	5023.2
2169	50    	3698.69	2162  	4916.4
2170	50    	3741.29	2595.6	5252.8
2171	50    	3881.94	2124.8	5584.4
2172	50    	3740.79	2625.2	5565.6
2173	50    	3736.18	2626.8	5453.2
2174	50    	3721.96	1942  	5700  
2175	50    	3592.04	1512  	5574.4
2176	50    	3771.72	2089.2	5310.8
2177	50    	3451.59	2007.6	5116.4
2178	50    	3747.46	2288.8	5674.8
2179	50    	3695   	1541.6	4900.4
2180	50    	3965.32	2408  	5667.2
2181	50    	3651.56	1602  	5716.8
2182	50    	3723.7 	2581.2	5614  
2183	50    	3763.77	2590  	5133.6
2184	50    	3643.99	2366.8	5130.8
2185	50    	3678.27	1773.2	5721.6
2186	50    	3622.38	2118  	5795.2
2187	50    	3621.64	2147.6	5748.4
2188	50    	3961.67	2216.4	5496.8
2189	50    	3766.69	2489.2	5016  
2190	50    	3718.58	1585.2	5577.6
2191	50    	3817.34	2087.6	5761.6
2192	50    	3792.96	2162  	5902  
2193	50    	3792.04	1303.2	5372.8
2194	50    	3864.94	1978.8	5482  
2195	50    	3892.26	1517.6	4880  
2196	50    	3602.89	2214  	5068  
2197	50    	3746.34	2553.2	5304  
2198	50    	3658.25	2486.8	4845.6
2199	50    	3634.94	1977.2	5028.8
2200	50    	3621.79	2252.4	6041.2
2201	50    	3652.54	1621.6	5262.8
2202	50    	3816.19	2373.6	5602.8
2203	50    	3669.92	2553.6	5504  
2204	50    	3628.39	2063.2	4798.4
2205	50    	3703.39	2384  	5067.2
2206	50    	3777.06	2598.4	5274.8
2207	50    	3849.33	2528.4	5295.2
2208	50    	3630.55	2374  	5291.2
2209	50    	3812.73	2107.2	5473.2
2210	50    	3735.36	2226.4	5288  
2211	50    	3737.31	2616.4	5192.4
2212	50    	3604.17	1621.6	4988  
2213	50    	3723.75	2115.6	5033.6
2214	50    	3602.38	1778  	4895.2
2215	50    	3915.76	2430.4	5520.8
2216	50    	3780.05	1996  	4960.4
2217	50    	3700.09	1621.6	6108.8
2218	50    	3496.07	1966.8	5696  
2219	50    	3695.58	1064.8	5620  
2220	50    	3349.98	1900.4	4594  
2221	50    	3705.85	2308.8	5362.8
2222	50    	3638.26	2344.4	5652  
2223	50    	3524.22	1694  	5685.2
2224	50    	3644.77	1597.6	5782.8
2225	50    	3786.33	1541.2	5664  
2226	50    	3756.02	2227.2	5713.2
2227	50    	3765.02	1898.4	5527.2
2228	50    	3709.09	1536  	5473.6
2229	50    	3818.54	2077.2	5882  
2230	50    	3828.01	2153.6	5256  
2231	50    	3853.53	2479.6	5316  
2232	50    	3862.84	2306.4	5542.4
2233	50    	3653.03	1626.4	5280.4
2234	50    	3580.64	1600  	5179.6
2235	50    	3912.63	2703.6	5664  
2236	50    	3745.98	1716.4	5182.8
2237	50    	3707.99	2212  	5312  
2238	50    	3748.34	2162.4	6235.6
2239	50    	3923.55	1757.6	5874  
2240	50    	3753.86	2521.6	5144.4
2241	50    	3709.54	1544.4	5958  
2242	50    	3771.62	1513.2	5598.4
2243	50    	3550.78	2500.4	5337.2
2244	50    	3790.82	2438.4	5310  
2245	50    	3647.21	1643.2	5247.2
2246	50    	3868.12	2554.8	5928.8
2247	50    	3653.5 	2306.4	4955.2
2248	50    	3919.17	2216.8	5620.8
2249	50    	3593.02	1940.8	5780.8
2250	50    	3657.71	2674.4	5679.6
2251	50    	3849.42	2839.6	4850.8
2252	50    	3924.5 	2651.2	5414.8
2253	50    	3804.62	2321.2	5000.4
2254	50    	3861.5 	2172.4	5790.4
2255	50    	3758.77	2290  	5319.2
2256	50    	3747.8 	2041.2	4826  
2257	50    	3822.68	2317.6	5304  
2258	50    	3634.33	2483.6	4836.8
2259	50    	3564.91	2196.8	5363.2
2260	50    	3663.42	776   	5350.4