gen	nevals	avg      	min      	max     
1  	25    	0.0187188	0        	0.075   
2  	25    	0.0411875	0        	0.117188
3  	25    	0.0765625	0.025    	0.142188
4  	25    	0.0848437	0.0351562	0.139062
5  	25    	0.0832813	0.0328125	0.146094
6  	25    	0.101937 	0.053125 	0.180469
7  	25    	0.107781 	0.06875  	0.164844
8  	25    	0.125219 	0.046875 	0.249219
9  	25    	0.155187 	0.040625 	0.313281
10 	25    	0.17075  	0.0976562	0.270312
11 	25    	0.181187 	0.0984375	0.305469
12 	25    	0.212063 	0.104687 	0.347656
13 	25    	0.211062 	0.0671875	0.321094
14 	25    	0.207313 	0.0726563	0.303906
15 	25    	0.209438 	0.0390625	0.361719
16 	25    	0.219594 	0.0585938	0.369531
17 	25    	0.240812 	0.0890625	0.415625
18 	25    	0.223844 	0.114844 	0.346875
19 	25    	0.247656 	0.120312 	0.400781
20 	25    	0.268594 	0.1875   	0.482031
21 	25    	0.264344 	0.119531 	0.420312
22 	25    	0.244875 	0.128125 	0.442969
23 	25    	0.284844 	0.171094 	0.390625
24 	25    	0.257438 	0.142969 	0.370313
25 	25    	0.285344 	0.174219 	0.445312
26 	25    	0.277625 	0.174219 	0.424219
27 	25    	0.267813 	0.172656 	0.350781
28 	25    	0.255625 	0.136719 	0.416406
29 	25    	0.267344 	0.16875  	0.360156
30 	25    	0.281187 	0.19375  	0.421094
31 	25    	0.280906 	0.2      	0.396875
32 	25    	0.285125 	0.208594 	0.392188
33 	25    	0.249531 	0.132812 	0.346875
34 	25    	0.275187 	0.130469 	0.455469
35 	25    	0.276969 	0.125781 	0.403906
36 	25    	0.257375 	0.176563 	0.392969
37 	25    	0.264937 	0.142188 	0.410937
38 	25    	0.280781 	0.1625   	0.441406
39 	25    	0.290125 	0.182031 	0.422656
40 	25    	0.280906 	0.160938 	0.432031
41 	25    	0.272125 	0.157813 	0.403125
42 	25    	0.264844 	0.167969 	0.441406
43 	25    	0.28225  	0.178125 	0.378125
44 	25    	0.2795   	0.169531 	0.453125
45 	25    	0.256719 	0.14375  	0.350781
46 	25    	0.281844 	0.171094 	0.377344
47 	25    	0.305656 	0.192188 	0.425   
48 	25    	0.303594 	0.178906 	0.463281
49 	25    	0.297531 	0.191406 	0.383594
50 	25    	0.286781 	0.149219 	0.473437
51 	25    	0.282469 	0.128125 	0.395312
52 	25    	0.292844 	0.198437 	0.4     
53 	25    	0.28125  	0.154687 	0.485156
54 	25    	0.286937 	0.192188 	0.439063
55 	25    	0.301594 	0.186719 	0.439063
56 	25    	0.275937 	0.0835937	0.479688
57 	25    	0.283844 	0.188281 	0.391406
58 	25    	0.279156 	0.160156 	0.417969
59 	25    	0.267281 	0.146094 	0.400781
60 	25    	0.289    	0.153906 	0.4     
61 	25    	0.31725  	0.195312 	0.457812
62 	25    	0.272125 	0.2125   	0.357812
63 	25    	0.273437 	0.192188 	0.376563
64 	25    	0.262594 	0.182812 	0.391406
65 	25    	0.291031 	0.139844 	0.46875 
66 	25    	0.307906 	0.132031 	0.498437
67 	25    	0.308281 	0.128906 	0.508594
68 	25    	0.294469 	0.207031 	0.425781
69 	25    	0.284531 	0.157031 	0.432031
70 	25    	0.279563 	0.174219 	0.390625
71 	25    	0.311969 	0.188281 	0.495313
72 	25    	0.304125 	0.185156 	0.457812
73 	25    	0.301438 	0.1875   	0.4375  
74 	25    	0.288063 	0.207813 	0.371094
75 	25    	0.298375 	0.192188 	0.567969
76 	25    	0.295594 	0.196094 	0.388281
77 	25    	0.304937 	0.185937 	0.426562
78 	25    	0.31775  	0.221875 	0.438281
79 	25    	0.298156 	0.217187 	0.378906
80 	25    	0.308625 	0.215625 	0.554688
81 	25    	0.317344 	0.182812 	0.451562
82 	25    	0.299906 	0.177344 	0.421875
83 	25    	0.309563 	0.214844 	0.435156
84 	25    	0.329938 	0.204688 	0.469531
85 	25    	0.298125 	0.18125  	0.398438
86 	25    	0.290375 	0.166406 	0.425   
87 	25    	0.302719 	0.195312 	0.430469
88 	25    	0.315094 	0.217187 	0.451562
89 	25    	0.298625 	0.177344 	0.439844
90 	25    	0.30525  	0.214844 	0.482812
91 	25    	0.301875 	0.213281 	0.494531
92 	25    	0.304375 	0.196094 	0.429688
93 	25    	0.307    	0.198437 	0.421094
94 	25    	0.297312 	0.199219 	0.420312
95 	25    	0.316531 	0.220313 	0.447656
96 	25    	0.303312 	0.203125 	0.467187
97 	25    	0.28925  	0.183594 	0.377344
98 	25    	0.300375 	0.135156 	0.436719
99 	25    	0.3095   	0.186719 	0.435937
100	25    	0.320406 	0.16875  	0.501562
101	25    	0.295812 	0.228125 	0.414062
102	25    	0.287938 	0.203906 	0.396875
103	25    	0.314625 	0.220313 	0.436719
104	25    	0.31675  	0.189063 	0.438281
105	25    	0.311562 	0.19375  	0.438281
106	25    	0.314125 	0.205469 	0.516406
107	25    	0.301438 	0.194531 	0.464063
108	25    	0.292625 	0.185156 	0.444531
109	25    	0.287813 	0.214844 	0.470313
110	25    	0.286969 	0.167187 	0.435937
111	25    	0.328219 	0.188281 	0.535156
112	25    	0.315594 	0.160156 	0.442187
113	25    	0.309562 	0.239063 	0.467969
114	25    	0.314625 	0.198437 	0.40625 
115	25    	0.2995   	0.185937 	0.492969
116	25    	0.310344 	0.215625 	0.427344
117	25    	0.308156 	0.217187 	0.471875
118	25    	0.312125 	0.195312 	0.466406
119	25    	0.307719 	0.1875   	0.45    
120	25    	0.318875 	0.154687 	0.501562
121	25    	0.281062 	0.149219 	0.377344
122	25    	0.308125 	0.1875   	0.435156
123	25    	0.296875 	0.202344 	0.397656
124	25    	0.309937 	0.214062 	0.433594
125	25    	0.314344 	0.164062 	0.4875  
126	25    	0.305875 	0.19375  	0.421094
127	25    	0.310062 	0.214844 	0.421875
128	25    	0.315156 	0.217969 	0.421094
129	25    	0.295438 	0.215625 	0.435156
130	25    	0.297312 	0.239844 	0.382031
131	25    	0.307656 	0.192969 	0.472656
132	25    	0.283156 	0.192188 	0.394531
133	25    	0.307875 	0.1875   	0.398438
134	25    	0.282187 	0.178125 	0.416406
135	25    	0.276062 	0.160156 	0.425781
136	25    	0.273781 	0.183594 	0.430469
137	25    	0.29975  	0.209375 	0.410937
138	25    	0.3285   	0.196094 	0.428906
139	25    	0.302906 	0.182031 	0.409375
140	25    	0.305906 	0.225781 	0.447656
141	25    	0.315062 	0.203906 	0.408594
142	25    	0.313312 	0.196875 	0.458594
143	25    	0.306219 	0.160938 	0.455469
144	25    	0.306375 	0.228125 	0.440625
145	25    	0.312875 	0.211719 	0.457031
146	25    	0.295094 	0.197656 	0.4125  
147	25    	0.307125 	0.213281 	0.445312
148	25    	0.305688 	0.203906 	0.482031
149	25    	0.328    	0.23125  	0.435156
150	25    	0.311156 	0.191406 	0.528906
151	25    	0.323375 	0.2125   	0.469531
152	25    	0.303563 	0.158594 	0.466406
153	25    	0.34275  	0.222656 	0.51875 
154	25    	0.3185   	0.207813 	0.467969
155	25    	0.318    	0.194531 	0.517969
156	25    	0.317562 	0.210156 	0.445312
157	25    	0.334531 	0.191406 	0.49375 
158	25    	0.315563 	0.223438 	0.450781
159	25    	0.301437 	0.167187 	0.392188
160	25    	0.299813 	0.171875 	0.449219
161	25    	0.316    	0.190625 	0.499219
162	25    	0.306562 	0.173438 	0.451562
163	25    	0.281656 	0.157813 	0.51875 
164	25    	0.320469 	0.194531 	0.522656
165	25    	0.316281 	0.196875 	0.4375  
166	25    	0.299469 	0.176563 	0.411719
167	25    	0.309594 	0.208594 	0.442187
168	25    	0.313688 	0.209375 	0.425   
169	25    	0.305344 	0.164062 	0.417969
170	25    	0.322719 	0.177344 	0.475   
171	25    	0.317937 	0.196875 	0.430469
172	25    	0.323094 	0.179688 	0.454688
173	25    	0.31125  	0.184375 	0.442969
174	25    	0.328312 	0.224219 	0.444531
175	25    	0.34625  	0.198437 	0.464844
176	25    	0.302344 	0.195312 	0.414062
177	25    	0.315375 	0.1875   	0.478125
178	25    	0.322219 	0.217969 	0.514844
179	25    	0.307937 	0.2125   	0.433594
180	25    	0.297969 	0.21875  	0.374219
181	25    	0.309812 	0.20625  	0.432031
182	25    	0.335344 	0.171875 	0.486719
183	25    	0.326812 	0.257031 	0.426562
184	25    	0.317531 	0.180469 	0.469531
185	25    	0.310781 	0.153906 	0.41875 
186	25    	0.316031 	0.192188 	0.485938
187	25    	0.329094 	0.207813 	0.504687
188	25    	0.30875  	0.228906 	0.389062
189	25    	0.342875 	0.2125   	0.4875  
190	25    	0.305906 	0.160156 	0.425   
191	25    	0.304281 	0.207031 	0.442969
192	25    	0.336063 	0.179688 	0.541406
193	25    	0.297094 	0.184375 	0.43125 
194	25    	0.343281 	0.199219 	0.461719
195	25    	0.319469 	0.21875  	0.549219
196	25    	0.298    	0.186719 	0.389062
197	25    	0.317187 	0.192188 	0.453906
198	25    	0.317906 	0.239063 	0.424219
199	25    	0.304344 	0.207031 	0.403906
200	25    	0.328563 	0.225    	0.4875  
201	25    	0.300281 	0.216406 	0.419531
202	25    	0.298313 	0.232812 	0.444531
203	25    	0.320469 	0.182031 	0.452344
204	25    	0.311937 	0.185156 	0.441406
205	25    	0.305313 	0.188281 	0.4     
206	25    	0.297687 	0.211719 	0.467187
207	25    	0.333344 	0.224219 	0.523438
208	25    	0.316937 	0.230469 	0.429688
209	25    	0.326625 	0.217969 	0.467187
210	25    	0.328844 	0.214062 	0.449219
211	25    	0.320219 	0.200781 	0.433594
212	25    	0.328125 	0.230469 	0.479688
213	25    	0.319844 	0.207813 	0.538281
214	25    	0.309781 	0.175    	0.457031
215	25    	0.314156 	0.175781 	0.435156
216	25    	0.322563 	0.195312 	0.476562
217	25    	0.319    	0.128906 	0.43125 
218	25    	0.322469 	0.23125  	0.515625
219	25    	0.34     	0.195312 	0.463281
220	25    	0.295094 	0.191406 	0.416406
221	25    	0.328875 	0.220313 	0.485938
222	25    	0.315938 	0.203906 	0.457031
223	25    	0.313844 	0.214062 	0.517187
224	25    	0.32175  	0.163281 	0.413281
225	25    	0.332531 	0.229687 	0.449219
226	25    	0.302469 	0.157813 	0.396094
227	25    	0.318688 	0.194531 	0.453125
228	25    	0.336563 	0.184375 	0.44375 
229	25    	0.336375 	0.235156 	0.459375
230	25    	0.321375 	0.241406 	0.49375 
231	25    	0.299406 	0.157813 	0.445312
232	25    	0.310344 	0.203906 	0.403906
233	25    	0.32     	0.238281 	0.475   
234	25    	0.326844 	0.208594 	0.511719
235	25    	0.30975  	0.171094 	0.452344
236	25    	0.328594 	0.233594 	0.4625  
237	25    	0.319125 	0.175    	0.439844
238	25    	0.31725  	0.189063 	0.489062
239	25    	0.319938 	0.214844 	0.458594
240	25    	0.320062 	0.160156 	0.496094
241	25    	0.293125 	0.134375 	0.604688
242	25    	0.319375 	0.217969 	0.422656
243	25    	0.324937 	0.201562 	0.538281
244	25    	0.348281 	0.223438 	0.510156
245	25    	0.331    	0.228906 	0.446875
246	25    	0.314781 	0.185937 	0.463281
247	25    	0.332719 	0.20625  	0.58125 
248	25    	0.329969 	0.184375 	0.460156
249	25    	0.332625 	0.157813 	0.482031
250	25    	0.3545   	0.198437 	0.507031
251	25    	0.328469 	0.239844 	0.435156
252	25    	0.323438 	0.203906 	0.503125
253	25    	0.316812 	0.190625 	0.5     
254	25    	0.324406 	0.173438 	0.48125 
255	25    	0.331781 	0.208594 	0.471094
256	25    	0.325125 	0.196875 	0.496875
257	25    	0.313031 	0.205469 	0.471094
258	25    	0.312469 	0.183594 	0.450781
259	25    	0.329875 	0.200781 	0.515625
260	25    	0.302375 	0.132031 	0.521875
261	25    	0.332375 	0.213281 	0.442969
262	25    	0.334312 	0.182031 	0.434375
263	25    	0.3365   	0.214062 	0.517187
264	25    	0.325688 	0.214844 	0.492188
265	25    	0.342063 	0.198437 	0.484375
266	25    	0.31475  	0.200781 	0.433594
267	25    	0.318469 	0.153906 	0.475   
268	25    	0.300219 	0.14375  	0.467969
269	25    	0.291156 	0.182812 	0.484375
270	25    	0.308719 	0.198437 	0.396875
271	25    	0.307688 	0.165625 	0.474219
272	25    	0.320344 	0.180469 	0.484375
273	25    	0.317156 	0.224219 	0.421094
274	25    	0.336344 	0.246875 	0.433594
275	25    	0.344813 	0.173438 	0.491406
276	25    	0.327938 	0.228906 	0.446875
277	25    	0.336906 	0.179688 	0.502344
278	25    	0.314906 	0.175    	0.498437
279	25    	0.321031 	0.220313 	0.371875
280	25    	0.312344 	0.192969 	0.511719
281	25    	0.330594 	0.196094 	0.475781
282	25    	0.297781 	0.182812 	0.435156
283	25    	0.326313 	0.184375 	0.440625
284	25    	0.327313 	0.192969 	0.421875
285	25    	0.338687 	0.233594 	0.452344
286	25    	0.333625 	0.21875  	0.463281
287	25    	0.324937 	0.184375 	0.479688
288	25    	0.313125 	0.221094 	0.448438
289	25    	0.336531 	0.233594 	0.503906
290	25    	0.350813 	0.214062 	0.467969
291	25    	0.339    	0.182812 	0.478906
292	25    	0.31575  	0.214062 	0.45625 
293	25    	0.302688 	0.157813 	0.4875  
294	25    	0.322281 	0.253125 	0.429688
295	25    	0.320969 	0.223438 	0.457812
296	25    	0.330844 	0.207031 	0.446094
297	25    	0.3665   	0.23125  	0.48125 
298	25    	0.337531 	0.207031 	0.4625  
299	25    	0.345938 	0.214844 	0.54375 
300	25    	0.341094 	0.240625 	0.528125
301	25    	0.331531 	0.175781 	0.508594
302	25    	0.349781 	0.228906 	0.445312
303	25    	0.348312 	0.240625 	0.620313
304	25    	0.350125 	0.255469 	0.508594
305	25    	0.357812 	0.208594 	0.489844
306	25    	0.363219 	0.239844 	0.497656
307	25    	0.315812 	0.210938 	0.520312
308	25    	0.355    	0.20625  	0.503906
309	25    	0.344062 	0.225    	0.469531
310	25    	0.339344 	0.208594 	0.449219
311	25    	0.356375 	0.214062 	0.524219
312	25    	0.348219 	0.221875 	0.464063
313	25    	0.378156 	0.209375 	0.567969
314	25    	0.348062 	0.248437 	0.488281
315	25    	0.359906 	0.203906 	0.4875  
316	25    	0.342    	0.21875  	0.552344
317	25    	0.345844 	0.222656 	0.492188
318	25    	0.3635   	0.254687 	0.486719
319	25    	0.335938 	0.202344 	0.45625 
320	25    	0.342437 	0.19375  	0.511719
321	25    	0.341594 	0.228906 	0.479688
322	25    	0.331687 	0.175781 	0.475781
323	25    	0.360437 	0.221094 	0.530469
324	25    	0.352312 	0.224219 	0.496875
325	25    	0.34375  	0.2375   	0.526563
326	25    	0.347719 	0.260156 	0.507031
327	25    	0.366625 	0.253906 	0.473437
328	25    	0.325031 	0.210938 	0.513281
329	25    	0.336312 	0.232812 	0.4875  
330	25    	0.348781 	0.204688 	0.517187
331	25    	0.319219 	0.204688 	0.465625
332	25    	0.348094 	0.246875 	0.49375 
333	25    	0.347    	0.2      	0.48125 
334	25    	0.330281 	0.205469 	0.529688
335	25    	0.325969 	0.149219 	0.476562
336	25    	0.327781 	0.1875   	0.467187
337	25    	0.340219 	0.183594 	0.521094
338	25    	0.324125 	0.214844 	0.469531
339	25    	0.332094 	0.232812 	0.533594
340	25    	0.335937 	0.197656 	0.524219
341	25    	0.33275  	0.263281 	0.432813
342	25    	0.342563 	0.245312 	0.561719
343	25    	0.336625 	0.207031 	0.466406
344	25    	0.36475  	0.280469 	0.467187
345	25    	0.350563 	0.257812 	0.435937
346	25    	0.334875 	0.233594 	0.523438
347	25    	0.342156 	0.217187 	0.435156
348	25    	0.329813 	0.1875   	0.480469
349	25    	0.36175  	0.228906 	0.517187
350	25    	0.344969 	0.261719 	0.478125
351	25    	0.346062 	0.192969 	0.492969
352	25    	0.329125 	0.150781 	0.460938
353	25    	0.342656 	0.234375 	0.45    
354	25    	0.328125 	0.239844 	0.460156
355	25    	0.365469 	0.246094 	0.584375
356	25    	0.333844 	0.198437 	0.489062
357	25    	0.329875 	0.219531 	0.453125
358	25    	0.360719 	0.245312 	0.541406
359	25    	0.370875 	0.18125  	0.547656
360	25    	0.336469 	0.208594 	0.457031
361	25    	0.342375 	0.210938 	0.454688
362	25    	0.332469 	0.20625  	0.453906
363	25    	0.33775  	0.236719 	0.489844
364	25    	0.344875 	0.227344 	0.483594
365	25    	0.3565   	0.25625  	0.4625  
366	25    	0.346094 	0.232031 	0.515625
367	25    	0.345531 	0.236719 	0.470313
368	25    	0.330688 	0.222656 	0.540625
369	25    	0.322594 	0.226562 	0.401563
370	25    	0.345313 	0.210156 	0.470313
371	25    	0.319844 	0.191406 	0.489062
372	25    	0.326812 	0.207031 	0.425781
373	25    	0.327406 	0.20625  	0.49375 
374	25    	0.31125  	0.2      	0.475781
375	25    	0.322937 	0.203125 	0.464063
376	25    	0.340281 	0.240625 	0.471094
377	25    	0.337906 	0.192188 	0.503125
378	25    	0.330969 	0.224219 	0.465625
379	25    	0.344969 	0.228906 	0.530469
380	25    	0.32425  	0.180469 	0.432813
381	25    	0.327031 	0.170312 	0.438281
382	25    	0.323531 	0.235156 	0.473437
383	25    	0.3485   	0.189844 	0.530469
384	25    	0.335656 	0.204688 	0.467187
385	25    	0.343375 	0.253906 	0.452344
386	25    	0.332937 	0.19375  	0.500781
387	25    	0.336437 	0.235156 	0.548437
388	25    	0.328    	0.178125 	0.495313
389	25    	0.332    	0.234375 	0.483594
390	25    	0.331938 	0.214062 	0.473437
391	25    	0.317875 	0.152344 	0.41875 
392	25    	0.322594 	0.221094 	0.557813
393	25    	0.311719 	0.211719 	0.419531
394	25    	0.335313 	0.253125 	0.50625 
395	25    	0.352719 	0.221094 	0.498437
396	25    	0.329219 	0.19375  	0.432031
397	25    	0.325781 	0.220313 	0.4375  
398	25    	0.351937 	0.221875 	0.564062
399	25    	0.333312 	0.157813 	0.439063
400	25    	0.346063 	0.239844 	0.503906
401	25    	0.349094 	0.221875 	0.539062
402	25    	0.312031 	0.194531 	0.416406
403	25    	0.318094 	0.214844 	0.4625  
404	25    	0.319719 	0.174219 	0.455469
405	25    	0.359188 	0.258594 	0.48125 
406	25    	0.333031 	0.222656 	0.461719
407	25    	0.332156 	0.210156 	0.482812
408	25    	0.336031 	0.190625 	0.466406
409	25    	0.312875 	0.225781 	0.453906
410	25    	0.322281 	0.205469 	0.459375
411	25    	0.342094 	0.246094 	0.475781
412	25    	0.315781 	0.209375 	0.460938
413	25    	0.355063 	0.207031 	0.542969
414	25    	0.344594 	0.242188 	0.464844
415	25    	0.296063 	0.199219 	0.448438
416	25    	0.332031 	0.227344 	0.467969
417	25    	0.339031 	0.19375  	0.5     
418	25    	0.305187 	0.160938 	0.427344
419	25    	0.332313 	0.163281 	0.516406
420	25    	0.329781 	0.225781 	0.488281
421	25    	0.344625 	0.141406 	0.471094
422	25    	0.312906 	0.196875 	0.401563
423	25    	0.321312 	0.205469 	0.426562
424	25    	0.323594 	0.217969 	0.413281
425	25    	0.3305   	0.20625  	0.51875 
426	25    	0.325031 	0.204688 	0.505469
427	25    	0.326656 	0.215625 	0.478125
428	25    	0.343406 	0.204688 	0.542188
429	25    	0.332937 	0.169531 	0.460938
430	25    	0.339406 	0.219531 	0.479688
431	25    	0.307125 	0.208594 	0.399219
432	25    	0.319187 	0.177344 	0.484375
433	25    	0.314781 	0.223438 	0.407813
434	25    	0.327937 	0.225    	0.580469
435	25    	0.322875 	0.221875 	0.409375
436	25    	0.327312 	0.246875 	0.460938
437	25    	0.337812 	0.221094 	0.471094
438	25    	0.318156 	0.196094 	0.514844
439	25    	0.315688 	0.215625 	0.450781
440	25    	0.293969 	0.153125 	0.449219
441	25    	0.311656 	0.214844 	0.461719
442	25    	0.317906 	0.204688 	0.513281
443	25    	0.321844 	0.175    	0.499219
444	25    	0.326    	0.214062 	0.411719
445	25    	0.293406 	0.128906 	0.416406
446	25    	0.323844 	0.203906 	0.483594
447	25    	0.325875 	0.223438 	0.469531
448	25    	0.325969 	0.139844 	0.445312
449	25    	0.314031 	0.186719 	0.469531
450	25    	0.321906 	0.192188 	0.460938
451	25    	0.324969 	0.204688 	0.454688
452	25    	0.323844 	0.20625  	0.482031
453	25    	0.347187 	0.257031 	0.49375 
454	25    	0.329906 	0.245312 	0.441406
455	25    	0.341625 	0.215625 	0.507812
456	25    	0.329    	0.205469 	0.528906
457	25    	0.311594 	0.190625 	0.485156
458	25    	0.334094 	0.208594 	0.467187
459	25    	0.327531 	0.195312 	0.503125
460	25    	0.309562 	0.166406 	0.473437
461	25    	0.330719 	0.203125 	0.442969
462	25    	0.308406 	0.190625 	0.475781
463	25    	0.328875 	0.182812 	0.507031
464	25    	0.319406 	0.200781 	0.515625
465	25    	0.336063 	0.222656 	0.485938
466	25    	0.320156 	0.1875   	0.532812
467	25    	0.330344 	0.198437 	0.528906
468	25    	0.311875 	0.157031 	0.478906
469	25    	0.296562 	0.19375  	0.388281
470	25    	0.309156 	0.202344 	0.494531
471	25    	0.318937 	0.209375 	0.451562
472	25    	0.320156 	0.182031 	0.492188
473	25    	0.296406 	0.190625 	0.442187
474	25    	0.315656 	0.196094 	0.485938
475	25    	0.317531 	0.167969 	0.458594
476	25    	0.329562 	0.191406 	0.500781
477	25    	0.322406 	0.2125   	0.451562
478	25    	0.325719 	0.228906 	0.444531
479	25    	0.3275   	0.25     	0.451562
480	25    	0.323531 	0.201562 	0.415625
481	25    	0.280375 	0.174219 	0.422656
482	25    	0.326594 	0.251563 	0.484375
483	25    	0.314063 	0.175781 	0.48125 
484	25    	0.353406 	0.238281 	0.4875  
485	25    	0.354719 	0.223438 	0.51875 
486	25    	0.323719 	0.164844 	0.465625
487	25    	0.323437 	0.207813 	0.4625  
488	25    	0.32225  	0.221875 	0.428906
489	25    	0.321219 	0.179688 	0.513281
490	25    	0.325313 	0.196094 	0.508594
491	25    	0.378906 	0.227344 	0.5125  
492	25    	0.326219 	0.195312 	0.488281
493	25    	0.318031 	0.178906 	0.478125
494	25    	0.330437 	0.207813 	0.513281
495	25    	0.333125 	0.172656 	0.503125
496	25    	0.319531 	0.198437 	0.477344
497	25    	0.315094 	0.242188 	0.417969
498	25    	0.310281 	0.224219 	0.450781
499	25    	0.305812 	0.203125 	0.433594
500	25    	0.361156 	0.244531 	0.489062
501	25    	0.285781 	0.192188 	0.410156
502	25    	0.32125  	0.189063 	0.532031
503	25    	0.338781 	0.232031 	0.479688
504	25    	0.295406 	0.177344 	0.414062
505	25    	0.324281 	0.166406 	0.469531
506	25    	0.330438 	0.173438 	0.507031
507	25    	0.334469 	0.23125  	0.485156
508	25    	0.336031 	0.207813 	0.483594
509	25    	0.312094 	0.225781 	0.461719
510	25    	0.311062 	0.215625 	0.392969
511	25    	0.311438 	0.192188 	0.478906
512	25    	0.314531 	0.173438 	0.446094
513	25    	0.323906 	0.20625  	0.510156
514	25    	0.309562 	0.186719 	0.485938
515	25    	0.307063 	0.186719 	0.478125
516	25    	0.309469 	0.182031 	0.446875
517	25    	0.308094 	0.211719 	0.451562
518	25    	0.325875 	0.19375  	0.446094
519	25    	0.309406 	0.152344 	0.425   
520	25    	0.31475  	0.201562 	0.4625  
521	25    	0.350625 	0.260938 	0.514063
522	25    	0.328    	0.204688 	0.455469
523	25    	0.312219 	0.227344 	0.403125
524	25    	0.31325  	0.219531 	0.414062
525	25    	0.3045   	0.178125 	0.413281
526	25    	0.31725  	0.207031 	0.446094
527	25    	0.303812 	0.18125  	0.446094
528	25    	0.327156 	0.225781 	0.499219
529	25    	0.326969 	0.189844 	0.500781
530	25    	0.305562 	0.199219 	0.48125 
531	25    	0.339469 	0.230469 	0.522656
532	25    	0.300656 	0.205469 	0.441406
533	25    	0.322    	0.201562 	0.441406
534	25    	0.311625 	0.161719 	0.489844
535	25    	0.337344 	0.225781 	0.546094
536	25    	0.32675  	0.221875 	0.470313
537	25    	0.329219 	0.203906 	0.533594
538	25    	0.317156 	0.21875  	0.414062
539	25    	0.309156 	0.20625  	0.402344
540	25    	0.320406 	0.21875  	0.464844
541	25    	0.305125 	0.220313 	0.438281
542	25    	0.322625 	0.171094 	0.550781
543	25    	0.309531 	0.1625   	0.555469
544	25    	0.305531 	0.214062 	0.414844
545	25    	0.326    	0.207031 	0.428125
546	25    	0.320469 	0.221875 	0.432813
547	25    	0.318    	0.204688 	0.414844
548	25    	0.302563 	0.1875   	0.411719
549	25    	0.318313 	0.214062 	0.507812
550	25    	0.317094 	0.198437 	0.53125 
551	25    	0.299094 	0.191406 	0.519531
552	25    	0.311187 	0.2125   	0.440625
553	25    	0.31475  	0.184375 	0.420312
554	25    	0.318188 	0.182812 	0.496875
555	25    	0.307344 	0.191406 	0.482031
556	25    	0.318563 	0.194531 	0.428906
557	25    	0.3135   	0.227344 	0.472656
558	25    	0.327375 	0.225    	0.436719
559	25    	0.324969 	0.192188 	0.523438
560	25    	0.325937 	0.178906 	0.465625
561	25    	0.323969 	0.191406 	0.496094
562	25    	0.328844 	0.232031 	0.467187
563	25    	0.309406 	0.177344 	0.417188
564	25    	0.31725  	0.184375 	0.473437
565	25    	0.32675  	0.248437 	0.469531
566	25    	0.297781 	0.204688 	0.482812
567	25    	0.318062 	0.241406 	0.400781
568	25    	0.316031 	0.219531 	0.426562
569	25    	0.309563 	0.166406 	0.475781
570	25    	0.319437 	0.221094 	0.516406
571	25    	0.305781 	0.220313 	0.445312
572	25    	0.304875 	0.175    	0.407813
573	25    	0.300344 	0.158594 	0.392188
574	25    	0.293437 	0.201562 	0.414844
575	25    	0.298125 	0.208594 	0.472656
576	25    	0.295938 	0.19375  	0.432813
577	25    	0.297875 	0.175    	0.424219
578	25    	0.301125 	0.219531 	0.455469
579	25    	0.3075   	0.207031 	0.478906
580	25    	0.313156 	0.204688 	0.477344
581	25    	0.3045   	0.166406 	0.402344
582	25    	0.307437 	0.2      	0.450781
583	25    	0.311875 	0.21875  	0.446094
584	25    	0.2895   	0.175781 	0.417188
585	25    	0.323437 	0.248437 	0.478906
586	25    	0.300687 	0.150781 	0.382812
587	25    	0.303906 	0.19375  	0.408594
588	25    	0.291312 	0.151562 	0.416406
589	25    	0.323437 	0.203125 	0.471875
590	25    	0.307844 	0.1875   	0.441406
591	25    	0.284875 	0.190625 	0.382812
592	25    	0.289156 	0.186719 	0.360156
593	25    	0.293406 	0.184375 	0.463281
594	25    	0.328125 	0.203906 	0.466406
595	25    	0.303531 	0.169531 	0.427344
596	25    	0.317312 	0.225781 	0.408594
597	25    	0.302531 	0.214062 	0.415625
598	25    	0.293938 	0.1625   	0.405469
599	25    	0.303469 	0.191406 	0.480469
600	25    	0.297062 	0.201562 	0.414062
601	25    	0.313688 	0.232812 	0.414062
602	25    	0.323531 	0.202344 	0.488281
603	25    	0.284562 	0.201562 	0.351562
604	25    	0.312969 	0.210156 	0.392188
605	25    	0.300469 	0.167969 	0.403906
606	25    	0.309594 	0.194531 	0.43125 
607	25    	0.305875 	0.171094 	0.450781
608	25    	0.298594 	0.190625 	0.422656
609	25    	0.31     	0.160938 	0.439844
610	25    	0.302719 	0.167187 	0.423438
611	25    	0.30275  	0.146094 	0.466406
612	25    	0.301063 	0.169531 	0.435937
613	25    	0.294063 	0.203125 	0.408594
614	25    	0.272125 	0.167187 	0.421094
615	25    	0.294125 	0.204688 	0.386719
616	25    	0.281188 	0.190625 	0.375781
617	25    	0.278    	0.172656 	0.471094
618	25    	0.307031 	0.189063 	0.547656
619	25    	0.282687 	0.203125 	0.464063
620	25    	0.293531 	0.203906 	0.425781
621	25    	0.304312 	0.178125 	0.457812
622	25    	0.278937 	0.164844 	0.461719
623	25    	0.311875 	0.177344 	0.432813
624	25    	0.310875 	0.16875  	0.464844
625	25    	0.329563 	0.246094 	0.471094
626	25    	0.292344 	0.192969 	0.416406
627	25    	0.29125  	0.207813 	0.475781
628	25    	0.28675  	0.159375 	0.398438
629	25    	0.291406 	0.196094 	0.377344
630	25    	0.306    	0.227344 	0.434375
631	25    	0.313969 	0.201562 	0.477344
632	25    	0.301688 	0.190625 	0.413281
633	25    	0.292625 	0.196094 	0.39375 
634	25    	0.292    	0.175781 	0.439844
635	25    	0.314719 	0.188281 	0.422656
636	25    	0.306594 	0.201562 	0.421094
637	25    	0.328563 	0.219531 	0.463281
638	25    	0.27975  	0.203906 	0.390625
639	25    	0.310156 	0.133594 	0.458594
640	25    	0.280437 	0.16875  	0.364844
641	25    	0.315344 	0.209375 	0.438281
642	25    	0.280219 	0.192188 	0.428125
643	25    	0.290844 	0.160938 	0.48125 
644	25    	0.296094 	0.130469 	0.444531
645	25    	0.313156 	0.146875 	0.504687
646	25    	0.284156 	0.19375  	0.398438
647	25    	0.288    	0.185156 	0.409375
648	25    	0.292594 	0.171875 	0.403906
649	25    	0.284688 	0.205469 	0.411719
650	25    	0.31025  	0.203125 	0.460156
651	25    	0.305375 	0.177344 	0.588281
652	25    	0.312719 	0.182812 	0.472656
653	25    	0.291438 	0.214844 	0.397656
654	25    	0.307844 	0.2125   	0.421875
655	25    	0.307031 	0.195312 	0.457031
656	25    	0.320719 	0.16875  	0.485938
657	25    	0.294188 	0.173438 	0.425781
658	25    	0.310719 	0.214844 	0.482031
659	25    	0.300688 	0.182812 	0.424219
660	25    	0.307906 	0.23125  	0.499219
661	25    	0.324031 	0.229687 	0.464063
662	25    	0.299687 	0.194531 	0.424219
663	25    	0.297375 	0.176563 	0.489844
664	25    	0.317937 	0.195312 	0.494531
665	25    	0.321312 	0.217187 	0.473437
666	25    	0.291781 	0.195312 	0.428125
667	25    	0.287969 	0.180469 	0.374219
668	25    	0.305719 	0.167187 	0.411719
669	25    	0.301187 	0.204688 	0.379687
670	25    	0.3065   	0.208594 	0.438281
671	25    	0.297469 	0.213281 	0.5875  
672	25    	0.288063 	0.207813 	0.416406
673	25    	0.310031 	0.198437 	0.521094
674	25    	0.323281 	0.204688 	0.485938
675	25    	0.301563 	0.228125 	0.439063
676	25    	0.287781 	0.173438 	0.360156
677	25    	0.308188 	0.217969 	0.460938
678	25    	0.308687 	0.200781 	0.389844
679	25    	0.306375 	0.21875  	0.460156
680	25    	0.285187 	0.200781 	0.420312
681	25    	0.323625 	0.23125  	0.45625 
682	25    	0.314656 	0.178906 	0.440625
683	25    	0.314312 	0.200781 	0.513281
684	25    	0.291313 	0.190625 	0.397656
685	25    	0.296812 	0.183594 	0.38125 
686	25    	0.304562 	0.214062 	0.519531
687	25    	0.307188 	0.190625 	0.544531
688	25    	0.288219 	0.14375  	0.378906
689	25    	0.290781 	0.189844 	0.498437
690	25    	0.298281 	0.210156 	0.385938
691	25    	0.303031 	0.183594 	0.423438
692	25    	0.269406 	0.194531 	0.391406
693	25    	0.285188 	0.1625   	0.450781
694	25    	0.299281 	0.160156 	0.397656
695	25    	0.315813 	0.230469 	0.430469
696	25    	0.288438 	0.183594 	0.416406
697	25    	0.292062 	0.178125 	0.446875
698	25    	0.282    	0.148438 	0.460156
699	25    	0.293656 	0.135156 	0.479688
700	25    	0.266031 	0.146094 	0.382031
701	25    	0.286219 	0.19375  	0.397656
702	25    	0.314188 	0.202344 	0.471875
703	25    	0.275969 	0.169531 	0.367969
704	25    	0.264844 	0.1625   	0.425781
705	25    	0.268844 	0.142188 	0.347656
706	25    	0.269    	0.185937 	0.373437
707	25    	0.27375  	0.173438 	0.496875
708	25    	0.283687 	0.132031 	0.422656
709	25    	0.262062 	0.159375 	0.5125  
710	25    	0.278906 	0.192188 	0.397656
711	25    	0.251563 	0.125781 	0.345313
712	25    	0.2945   	0.197656 	0.428125
713	25    	0.25325  	0.159375 	0.392188
714	25    	0.250531 	0.164062 	0.33125 
715	25    	0.283594 	0.145313 	0.471875
716	25    	0.267437 	0.174219 	0.402344
717	25    	0.280719 	0.160156 	0.400781
718	25    	0.273594 	0.178906 	0.435937
719	25    	0.279531 	0.164844 	0.396875
720	25    	0.297937 	0.210938 	0.377344
721	25    	0.275969 	0.189844 	0.367188
722	25    	0.26225  	0.182031 	0.407813
723	25    	0.261312 	0.172656 	0.365625
724	25    	0.279531 	0.139062 	0.435156
725	25    	0.268    	0.15     	0.375   
726	25    	0.29325  	0.146094 	0.480469
727	25    	0.291469 	0.14375  	0.417188
728	25    	0.291594 	0.21875  	0.417969
729	25    	0.277219 	0.134375 	0.415625
730	25    	0.278656 	0.153125 	0.385156
731	25    	0.272844 	0.157031 	0.419531
732	25    	0.29075  	0.153906 	0.455469
733	25    	0.302938 	0.189844 	0.407813
734	25    	0.281344 	0.134375 	0.411719
735	25    	0.294875 	0.19375  	0.447656
736	25    	0.281187 	0.171094 	0.3875  
737	25    	0.274125 	0.15625  	0.374219
738	25    	0.280656 	0.172656 	0.429688
739	25    	0.280375 	0.138281 	0.455469
740	25    	0.274375 	0.190625 	0.348437
741	25    	0.307875 	0.160156 	0.45    
742	25    	0.270156 	0.144531 	0.372656
743	25    	0.27725  	0.178906 	0.489844
744	25    	0.2785   	0.194531 	0.444531
745	25    	0.291906 	0.182031 	0.421094
746	25    	0.278719 	0.166406 	0.447656
747	25    	0.281312 	0.200781 	0.41875 
748	25    	0.267375 	0.135937 	0.432031
749	25    	0.292625 	0.180469 	0.39375 
750	25    	0.3035   	0.200781 	0.404687