gen	nevals	avg      	min       	max      
0  	25    	0.0150937	0         	0.0546875
1  	25    	0.0182396	0.00078125	0.0546875
2  	25    	0.0221458	0.00078125	0.0575521
3  	25    	0.0300417	0.00494792	0.0635417
4  	25    	0.0353438	0.00598958	0.0635417
5  	25    	0.0398542	0.00703125	0.0635417
6  	25    	0.0504271	0.00703125	0.195573 
7  	25    	0.0687813	0.0153646 	0.26901  
8  	25    	0.0726562	0.0174479 	0.272396 
9  	25    	0.0772604	0.0190104 	0.272396 
10 	25    	0.0788021	0.0239583 	0.272396 
11 	25    	0.0862187	0.0335938 	0.314323 
12 	25    	0.0960521	0.0377604 	0.314323 
13 	25    	0.102281 	0.0377604 	0.314323 
14 	25    	0.102406 	0.0377604 	0.314323 
15 	25    	0.106594 	0.0502604 	0.314323 
16 	25    	0.110281 	0.0502604 	0.314323 
17 	25    	0.114167 	0.053125  	0.314323 
18 	25    	0.125479 	0.0643229 	0.314323 
19 	25    	0.132448 	0.0643229 	0.314323 
20 	25    	0.135042 	0.0643229 	0.314323 
21 	25    	0.138927 	0.0643229 	0.314323 
22 	25    	0.148198 	0.0643229 	0.314323 
23 	25    	0.163219 	0.0643229 	0.314323 
24 	25    	0.167    	0.0643229 	0.314323 
25 	25    	0.173406 	0.0643229 	0.333594 
26 	25    	0.177427 	0.0643229 	0.333594 
27 	25    	0.199406 	0.0789063 	0.53151  
28 	25    	0.206937 	0.0789063 	0.53151  
29 	25    	0.234156 	0.100521  	0.53151  
30 	25    	0.260115 	0.100521  	0.53151  
31 	25    	0.284365 	0.111979  	0.536458 
32 	25    	0.298323 	0.111979  	0.584896 
33 	25    	0.31199  	0.117448  	0.584896 
34 	25    	0.313948 	0.117448  	0.584896 
35 	25    	0.324125 	0.117448  	0.615365 
36 	25    	0.329052 	0.117448  	0.615365 
37 	25    	0.334646 	0.117448  	0.615365 
38 	25    	0.334646 	0.117448  	0.615365 
39 	25    	0.356625 	0.117448  	0.615365 
40 	25    	0.37101  	0.117448  	0.709635 
41 	25    	0.37949  	0.160677  	0.709635 
42 	25    	0.389167 	0.185417  	0.709635 
43 	25    	0.398031 	0.185417  	0.709635 
44 	25    	0.398542 	0.185417  	0.709635 
45 	25    	0.421177 	0.221094  	0.741667 
46 	25    	0.444573 	0.221094  	0.741667 
47 	25    	0.44676  	0.221094  	0.741667 
48 	25    	0.450281 	0.247396  	0.741667 
49 	25    	0.477688 	0.247396  	0.741667 
50 	25    	0.478083 	0.247396  	0.741667 
51 	25    	0.478083 	0.247396  	0.741667 
52 	25    	0.509687 	0.247396  	0.801302 
53 	25    	0.512969 	0.247396  	0.801302 
54 	25    	0.519542 	0.247396  	0.801302 
55 	25    	0.519698 	0.247396  	0.801302 
56 	25    	0.519698 	0.247396  	0.801302 
57 	25    	0.524677 	0.247396  	0.801302 
58 	25    	0.524677 	0.247396  	0.801302 
59 	25    	0.524781 	0.247396  	0.801302 
60 	25    	0.546865 	0.247396  	0.860937 
61 	25    	0.571177 	0.247396  	0.860937 
62 	25    	0.580573 	0.247396  	0.860937 
63 	25    	0.593906 	0.314323  	0.860937 
64 	25    	0.59725  	0.314323  	0.860937 
65 	25    	0.618917 	0.338021  	0.88151  
66 	25    	0.619042 	0.338021  	0.88151  
67 	25    	0.629521 	0.368229  	0.88151  
68 	25    	0.629521 	0.368229  	0.88151  
69 	25    	0.634958 	0.368229  	0.88151  
70 	25    	0.637646 	0.368229  	0.88151  
71 	25    	0.651219 	0.368229  	0.88151  
72 	25    	0.651656 	0.368229  	0.88151  
73 	25    	0.652813 	0.368229  	0.88151  
74 	25    	0.652813 	0.368229  	0.88151  
75 	25    	0.656479 	0.368229  	0.88151  
76 	25    	0.656479 	0.368229  	0.88151  
77 	25    	0.661083 	0.368229  	0.88151  
78 	25    	0.661083 	0.368229  	0.88151  
79 	25    	0.676146 	0.368229  	0.890885 
80 	25    	0.68751  	0.368229  	0.890885 
81 	25    	0.705344 	0.432552  	0.890885 
82 	25    	0.705344 	0.432552  	0.890885 
83 	25    	0.705344 	0.432552  	0.890885 
84 	25    	0.707115 	0.432552  	0.890885 
85 	25    	0.710562 	0.432552  	0.890885 
86 	25    	0.73575  	0.539323  	0.892448 
87 	25    	0.73575  	0.539323  	0.892448 
88 	25    	0.739604 	0.539323  	0.892448 
89 	25    	0.746187 	0.539323  	0.892448 
90 	25    	0.750354 	0.539323  	0.892448 
91 	25    	0.757781 	0.539323  	0.892448 
92 	25    	0.759844 	0.539323  	0.892448 
93 	25    	0.768177 	0.539323  	0.892448 
94 	25    	0.77276  	0.539323  	0.892448 
95 	25    	0.784167 	0.539323  	0.892448 
96 	25    	0.796521 	0.573438  	0.892448 
97 	25    	0.797969 	0.573438  	0.905729 
98 	25    	0.800719 	0.573438  	0.905729 
99 	25    	0.808146 	0.573438  	0.928125 
100	25    	0.815219 	0.592969  	0.928125 
101	25    	0.815396 	0.592969  	0.928125 
102	25    	0.816771 	0.592969  	0.928125 
103	25    	0.820594 	0.629427  	0.948438 
104	25    	0.820594 	0.629427  	0.948438 
105	25    	0.820594 	0.629427  	0.948438 
106	25    	0.825469 	0.629427  	0.948438 
107	25    	0.829177 	0.629427  	0.948438 
108	25    	0.84499  	0.689062  	0.948438 
109	25    	0.850865 	0.689062  	0.948438 
110	25    	0.852083 	0.689062  	0.948438 
111	25    	0.864417 	0.716146  	0.971875 
112	25    	0.867792 	0.716146  	0.971875 
113	25    	0.8725   	0.73724   	0.971875 
114	25    	0.8725   	0.73724   	0.971875 
115	25    	0.8725   	0.73724   	0.971875 
116	25    	0.87274  	0.743229  	0.971875 
117	25    	0.873    	0.743229  	0.971875 
118	25    	0.873    	0.743229  	0.971875 
119	25    	0.873    	0.743229  	0.971875 
120	25    	0.875469 	0.743229  	0.971875 
121	25    	0.878031 	0.743229  	0.971875 
122	25    	0.880229 	0.7875    	0.971875 
123	25    	0.884083 	0.7875    	0.971875 
124	25    	0.889979 	0.801823  	0.971875 
125	25    	0.891562 	0.801823  	0.971875 
126	25    	0.891562 	0.801823  	0.971875 
127	25    	0.891865 	0.801823  	0.971875 
128	25    	0.891865 	0.801823  	0.971875 
129	25    	0.894073 	0.801823  	0.971875 
130	25    	0.89576  	0.801823  	0.971875 
131	25    	0.89576  	0.801823  	0.971875 
132	25    	0.900323 	0.801823  	0.971875 
133	25    	0.908802 	0.801823  	0.984375 
134	25    	0.909948 	0.801823  	0.984375 
135	25    	0.909948 	0.801823  	0.984375 
136	25    	0.911198 	0.801823  	0.984375 
137	25    	0.914896 	0.801823  	1        
138	25    	0.915292 	0.801823  	1        
139	25    	0.917896 	0.801823  	1        
140	25    	0.917896 	0.801823  	1        
141	25    	0.917896 	0.801823  	1        
142	25    	0.917896 	0.801823  	1        
143	25    	0.917896 	0.801823  	1        
144	25    	0.919208 	0.801823  	1        
145	25    	0.919208 	0.801823  	1        
146	25    	0.919208 	0.801823  	1        
147	25    	0.919208 	0.801823  	1        
148	25    	0.919208 	0.801823  	1        
149	25    	0.919667 	0.801823  	1        
150	25    	0.919667 	0.801823  	1        
151	25    	0.920063 	0.801823  	1        
152	25    	0.920063 	0.801823  	1        
153	25    	0.923458 	0.801823  	1        
154	25    	0.923458 	0.801823  	1        
155	25    	0.923458 	0.801823  	1        
156	25    	0.923458 	0.801823  	1        
157	25    	0.926604 	0.801823  	1        
158	25    	0.926604 	0.801823  	1        
159	25    	0.926604 	0.801823  	1        
160	25    	0.926604 	0.801823  	1        
161	25    	0.926875 	0.801823  	1        
162	25    	0.926875 	0.801823  	1        
163	25    	0.927125 	0.801823  	1        
164	25    	0.927125 	0.801823  	1        
165	25    	0.927938 	0.801823  	1        
166	25    	0.927938 	0.801823  	1        
167	25    	0.927938 	0.801823  	1        
168	25    	0.928333 	0.801823  	1        
169	25    	0.928333 	0.801823  	1        
170	25    	0.928333 	0.801823  	1        
171	25    	0.929698 	0.801823  	1        
172	25    	0.929698 	0.801823  	1        
173	25    	0.929698 	0.801823  	1        
174	25    	0.930646 	0.801823  	1        
175	25    	0.930646 	0.801823  	1        
176	25    	0.930646 	0.801823  	1        
177	25    	0.930646 	0.801823  	1        
178	25    	0.930646 	0.801823  	1        
179	25    	0.933219 	0.801823  	1        
180	25    	0.935135 	0.801823  	1        
181	25    	0.935135 	0.801823  	1        
182	25    	0.938271 	0.801823  	1        
183	25    	0.938271 	0.801823  	1        
184	25    	0.938271 	0.801823  	1        
185	25    	0.938271 	0.801823  	1        
186	25    	0.938271 	0.801823  	1        
187	25    	0.938865 	0.801823  	1        
188	25    	0.938865 	0.801823  	1        
189	25    	0.938865 	0.801823  	1        
190	25    	0.938927 	0.801823  	1        
191	25    	0.938927 	0.801823  	1        
192	25    	0.938927 	0.801823  	1        
193	25    	0.938927 	0.801823  	1        
194	25    	0.938927 	0.801823  	1        
195	25    	0.940458 	0.801823  	1        
196	25    	0.940521 	0.801823  	1        
197	25    	0.941688 	0.801823  	1        
198	25    	0.941688 	0.801823  	1        
199	25    	0.941885 	0.801823  	1        
200	25    	0.941885 	0.801823  	1        
201	25    	0.941885 	0.801823  	1        
202	25    	0.941885 	0.801823  	1        
203	25    	0.941885 	0.801823  	1        
204	25    	0.942063 	0.80625   	1        
205	25    	0.942063 	0.80625   	1        
206	25    	0.942063 	0.80625   	1        
207	25    	0.942063 	0.80625   	1        
208	25    	0.942063 	0.80625   	1        
209	25    	0.942063 	0.80625   	1        
210	25    	0.942063 	0.80625   	1        
211	25    	0.942063 	0.80625   	1        
212	25    	0.942063 	0.80625   	1        
213	25    	0.944219 	0.80625   	1        
214	25    	0.944396 	0.80625   	1        
215	25    	0.944396 	0.80625   	1        
216	25    	0.945344 	0.829948  	1        
217	25    	0.945344 	0.829948  	1        
218	25    	0.946333 	0.829948  	1        
219	25    	0.946333 	0.829948  	1        
220	25    	0.946333 	0.829948  	1        
221	25    	0.946333 	0.829948  	1        
222	25    	0.946333 	0.829948  	1        
223	25    	0.950094 	0.829948  	1        
224	25    	0.950552 	0.829948  	1        
225	25    	0.950552 	0.829948  	1        
226	25    	0.950552 	0.829948  	1        
227	25    	0.950552 	0.829948  	1        
228	25    	0.950552 	0.829948  	1        
229	25    	0.955885 	0.889583  	1        
230	25    	0.955885 	0.889583  	1        
231	25    	0.955885 	0.889583  	1        
232	25    	0.956177 	0.889583  	1        
233	25    	0.956177 	0.889583  	1        
234	25    	0.956177 	0.889583  	1        
235	25    	0.956281 	0.889583  	1        
236	25    	0.956646 	0.889583  	1        
237	25    	0.956646 	0.889583  	1        
238	25    	0.956646 	0.889583  	1        
239	25    	0.956646 	0.889583  	1        
240	25    	0.956646 	0.889583  	1        
241	25    	0.956646 	0.889583  	1        
242	25    	0.956646 	0.889583  	1        
243	25    	0.956646 	0.889583  	1        
244	25    	0.956646 	0.889583  	1        
245	25    	0.956646 	0.889583  	1        
246	25    	0.956677 	0.889583  	1        
247	25    	0.956677 	0.889583  	1        
248	25    	0.956677 	0.889583  	1        
249	25    	0.958063 	0.924219  	1        
250	25    	0.958063 	0.924219  	1        
251	25    	0.958063 	0.924219  	1        
252	25    	0.958063 	0.924219  	1        
253	25    	0.958063 	0.924219  	1        
254	25    	0.959406 	0.924219  	1        
255	25    	0.959406 	0.924219  	1        
256	25    	0.959406 	0.924219  	1        
257	25    	0.959406 	0.924219  	1        
258	25    	0.959406 	0.924219  	1        
259	25    	0.959406 	0.924219  	1        
260	25    	0.960052 	0.924219  	1        
261	25    	0.960052 	0.924219  	1        
262	25    	0.960219 	0.924219  	1        
263	25    	0.960219 	0.924219  	1        
264	25    	0.960219 	0.924219  	1        
265	25    	0.960219 	0.924219  	1        
266	25    	0.960219 	0.924219  	1        
267	25    	0.960219 	0.924219  	1        
268	25    	0.96276  	0.924219  	1        
269	25    	0.96276  	0.924219  	1        
270	25    	0.964552 	0.924219  	1        
271	25    	0.964552 	0.924219  	1        
272	25    	0.964552 	0.924219  	1        
273	25    	0.964552 	0.924219  	1        
274	25    	0.964552 	0.924219  	1        
275	25    	0.964552 	0.924219  	1        
276	25    	0.964552 	0.924219  	1        
277	25    	0.964552 	0.924219  	1        
278	25    	0.96576  	0.924219  	1        
279	25    	0.96576  	0.924219  	1        
280	25    	0.96576  	0.924219  	1        
281	25    	0.96576  	0.924219  	1        
282	25    	0.96576  	0.924219  	1        
283	25    	0.96576  	0.924219  	1        
284	25    	0.96576  	0.924219  	1        
285	25    	0.96576  	0.924219  	1        
286	25    	0.96576  	0.924219  	1        
287	25    	0.965885 	0.924219  	1        
288	25    	0.965885 	0.924219  	1        
289	25    	0.965885 	0.924219  	1        
290	25    	0.965885 	0.924219  	1        
291	25    	0.965885 	0.924219  	1        
292	25    	0.965885 	0.924219  	1        
293	25    	0.965885 	0.924219  	1        
294	25    	0.965885 	0.924219  	1        
295	25    	0.965885 	0.924219  	1        
296	25    	0.965885 	0.924219  	1        
297	25    	0.965885 	0.924219  	1        
298	25    	0.965885 	0.924219  	1        
299	25    	0.965885 	0.924219  	1        
300	25    	0.965885 	0.924219  	1        