gen	nevals	avg      	min     	max    
0  	10    	-1.65246 	-23.2644	6.16138
1  	10    	-0.012939	-8.67505	6.16138
2  	10    	1.06162  	-2.84985	6.60986
3  	10    	6.23923  	-2.84985	28.7686
4  	10    	7.25652  	-2.84985	28.7686
5  	10    	7.33254  	-2.69189	28.7686
6  	10    	9.99097  	-2.69189	28.7686
7  	10    	11.6923  	-2.69189	28.7686
8  	10    	12.6525  	-2.69189	28.7686
9  	10    	16.8177  	-2.69189	58.0208
10 	10    	18.0568  	6.30249 	58.0208
11 	10    	19.0408  	6.30249 	58.0208
12 	10    	19.6606  	6.30249 	58.0208
13 	10    	20.5482  	6.30249 	58.0208
14 	10    	20.6686  	6.42432 	58.0208
15 	10    	20.7262  	7.00049 	58.0208
16 	10    	26.5888  	7.50684 	65.626 
17 	10    	28.7279  	7.53638 	65.626 
18 	10    	39.1517  	12.5269 	95.7534
19 	10    	58.2844  	12.5269 	249.348
20 	10    	58.2844  	12.5269 	249.348
21 	10    	58.2844  	12.5269 	249.348
22 	10    	64.8029  	12.5269 	249.348
23 	10    	64.8029  	12.5269 	249.348
24 	10    	70.5939  	12.5269 	249.348
25 	10    	70.5939  	12.5269 	249.348
26 	10    	72.2694  	18.0391 	249.348
27 	10    	72.2694  	18.0391 	249.348
28 	10    	72.2694  	18.0391 	249.348
29 	10    	72.2694  	18.0391 	249.348
30 	10    	73.3023  	18.0391 	249.348
31 	10    	74.2768  	18.0391 	249.348
32 	10    	76.5738  	18.0391 	249.348
33 	10    	76.5738  	18.0391 	249.348
34 	10    	76.5738  	18.0391 	249.348
35 	10    	76.5738  	18.0391 	249.348
36 	10    	80.5813  	18.0391 	249.348
37 	10    	80.5813  	18.0391 	249.348
38 	10    	80.5813  	18.0391 	249.348
39 	10    	80.5813  	18.0391 	249.348
40 	10    	80.5813  	18.0391 	249.348
41 	10    	80.5813  	18.0391 	249.348
42 	10    	80.5813  	18.0391 	249.348
43 	10    	80.6533  	18.0391 	249.348
44 	10    	80.6533  	18.0391 	249.348
45 	10    	80.847   	18.0391 	249.348
46 	10    	81.8588  	18.0391 	249.348
47 	10    	81.8588  	18.0391 	249.348
48 	10    	81.8588  	18.0391 	249.348
49 	10    	81.8588  	18.0391 	249.348
50 	10    	81.8588  	18.0391 	249.348
51 	10    	81.8588  	18.0391 	249.348
52 	10    	106.766  	18.0391 	291.595
53 	10    	108.031  	18.0391 	291.595
54 	10    	108.031  	18.0391 	291.595
55 	10    	108.031  	18.0391 	291.595
56 	10    	108.031  	18.0391 	291.595
57 	10    	109.287  	30.604  	291.595
58 	10    	109.287  	30.604  	291.595
59 	10    	112.851  	30.604  	291.595
60 	10    	112.851  	30.604  	291.595
61 	10    	112.851  	30.604  	291.595
62 	10    	115.857  	34.7659 	291.595
63 	10    	115.857  	34.7659 	291.595
64 	10    	115.857  	34.7659 	291.595
65 	10    	115.857  	34.7659 	291.595
66 	10    	115.857  	34.7659 	291.595
67 	10    	115.857  	34.7659 	291.595
68 	10    	115.857  	34.7659 	291.595
69 	10    	115.857  	34.7659 	291.595
70 	10    	115.857  	34.7659 	291.595
71 	10    	117.256  	34.7659 	291.595
72 	10    	117.88   	34.7659 	291.595
73 	10    	117.88   	34.7659 	291.595
74 	10    	117.88   	34.7659 	291.595
75 	10    	117.88   	34.7659 	291.595
76 	10    	117.88   	34.7659 	291.595
77 	10    	117.88   	34.7659 	291.595
78 	10    	117.88   	34.7659 	291.595
79 	10    	117.88   	34.7659 	291.595
80 	10    	117.88   	34.7659 	291.595
81 	10    	117.88   	34.7659 	291.595
82 	10    	117.88   	34.7659 	291.595
83 	10    	117.88   	34.7659 	291.595
84 	10    	125.04   	60.6624 	291.595
85 	10    	125.04   	60.6624 	291.595
86 	10    	125.04   	60.6624 	291.595
87 	10    	125.625  	60.6624 	291.595
88 	10    	125.625  	60.6624 	291.595
89 	10    	125.625  	60.6624 	291.595
90 	10    	125.625  	60.6624 	291.595
91 	10    	125.625  	60.6624 	291.595
92 	10    	128.807  	60.6624 	291.595
93 	10    	128.807  	60.6624 	291.595
94 	10    	128.807  	60.6624 	291.595
95 	10    	129.386  	66.4551 	291.595
96 	10    	129.386  	66.4551 	291.595
97 	10    	129.386  	66.4551 	291.595
98 	10    	129.386  	66.4551 	291.595
99 	10    	129.386  	66.4551 	291.595
100	10    	129.386  	66.4551 	291.595
101	10    	129.386  	66.4551 	291.595
102	10    	129.386  	66.4551 	291.595
103	10    	129.386  	66.4551 	291.595
104	10    	129.386  	66.4551 	291.595
105	10    	129.386  	66.4551 	291.595
106	10    	129.386  	66.4551 	291.595
107	10    	129.386  	66.4551 	291.595
108	10    	129.386  	66.4551 	291.595
109	10    	136.467  	66.4551 	291.595
110	10    	136.467  	66.4551 	291.595
111	10    	137.878  	80.5591 	291.595
112	10    	138.683  	81.6748 	291.595
113	10    	138.683  	81.6748 	291.595
114	10    	138.683  	81.6748 	291.595
115	10    	138.683  	81.6748 	291.595
116	10    	138.683  	81.6748 	291.595
117	10    	138.683  	81.6748 	291.595
118	10    	138.683  	81.6748 	291.595
119	10    	138.683  	81.6748 	291.595
120	10    	138.683  	81.6748 	291.595
121	10    	146.004  	81.6748 	291.595
122	10    	146.004  	81.6748 	291.595
123	10    	146.004  	81.6748 	291.595
124	10    	146.004  	81.6748 	291.595
125	10    	146.004  	81.6748 	291.595
126	10    	146.004  	81.6748 	291.595
127	10    	146.004  	81.6748 	291.595
128	10    	147.767  	81.6748 	291.595
129	10    	152.337  	81.6748 	291.595
130	10    	152.337  	81.6748 	291.595
131	10    	152.337  	81.6748 	291.595
132	10    	152.337  	81.6748 	291.595
133	10    	152.337  	81.6748 	291.595
134	10    	152.337  	81.6748 	291.595
135	10    	152.337  	81.6748 	291.595
136	10    	152.337  	81.6748 	291.595
137	10    	152.337  	81.6748 	291.595
138	10    	154.941  	81.6748 	291.595
139	10    	154.941  	81.6748 	291.595
140	10    	154.941  	81.6748 	291.595
141	10    	154.941  	81.6748 	291.595
142	10    	162.408  	81.6748 	291.595
143	10    	170.276  	81.6748 	291.595
144	10    	170.276  	81.6748 	291.595
145	10    	170.276  	81.6748 	291.595
146	10    	170.276  	81.6748 	291.595
147	10    	170.276  	81.6748 	291.595
148	10    	170.276  	81.6748 	291.595
149	10    	170.276  	81.6748 	291.595
150	10    	170.276  	81.6748 	291.595
151	10    	170.276  	81.6748 	291.595
152	10    	170.276  	81.6748 	291.595
153	10    	170.276  	81.6748 	291.595
154	10    	182.371  	92.9817 	291.595
155	10    	182.371  	92.9817 	291.595
156	10    	182.371  	92.9817 	291.595
157	10    	182.371  	92.9817 	291.595
158	10    	182.371  	92.9817 	291.595
159	10    	182.371  	92.9817 	291.595
160	10    	182.371  	92.9817 	291.595
161	10    	182.371  	92.9817 	291.595
162	10    	182.371  	92.9817 	291.595
163	10    	182.371  	92.9817 	291.595
164	10    	182.371  	92.9817 	291.595
165	10    	182.371  	92.9817 	291.595
166	10    	182.371  	92.9817 	291.595
167	10    	182.371  	92.9817 	291.595
168	10    	182.371  	92.9817 	291.595
169	10    	182.371  	92.9817 	291.595
170	10    	182.371  	92.9817 	291.595
171	10    	182.371  	92.9817 	291.595
172	10    	182.371  	92.9817 	291.595
173	10    	182.371  	92.9817 	291.595
174	10    	182.371  	92.9817 	291.595
175	10    	182.371  	92.9817 	291.595
176	10    	182.371  	92.9817 	291.595
177	10    	182.371  	92.9817 	291.595
178	10    	182.371  	92.9817 	291.595
179	10    	182.371  	92.9817 	291.595
180	10    	182.371  	92.9817 	291.595
181	10    	182.371  	92.9817 	291.595
182	10    	182.371  	92.9817 	291.595
183	10    	182.371  	92.9817 	291.595
184	10    	182.371  	92.9817 	291.595
185	10    	182.371  	92.9817 	291.595
186	10    	182.371  	92.9817 	291.595
187	10    	182.371  	92.9817 	291.595
188	10    	182.371  	92.9817 	291.595
189	10    	182.371  	92.9817 	291.595
190	10    	182.371  	92.9817 	291.595
191	10    	182.371  	92.9817 	291.595
192	10    	182.371  	92.9817 	291.595
193	10    	182.371  	92.9817 	291.595
194	10    	182.371  	92.9817 	291.595
195	10    	182.371  	92.9817 	291.595
196	10    	182.371  	92.9817 	291.595
197	10    	182.935  	98.623  	291.595
198	10    	182.935  	98.623  	291.595
199	10    	182.935  	98.623  	291.595
200	10    	182.935  	98.623  	291.595
201	10    	182.935  	98.623  	291.595
202	10    	182.935  	98.623  	291.595
203	10    	195.743  	98.623  	291.595
204	10    	195.743  	98.623  	291.595
205	10    	195.743  	98.623  	291.595
206	10    	195.743  	98.623  	291.595
207	10    	195.743  	98.623  	291.595
208	10    	195.743  	98.623  	291.595
209	10    	195.743  	98.623  	291.595
210	10    	195.743  	98.623  	291.595
211	10    	195.743  	98.623  	291.595
212	10    	195.743  	98.623  	291.595
213	10    	195.743  	98.623  	291.595
214	10    	195.743  	98.623  	291.595
215	10    	195.743  	98.623  	291.595
216	10    	195.743  	98.623  	291.595
217	10    	195.743  	98.623  	291.595
218	10    	195.743  	98.623  	291.595
219	10    	195.743  	98.623  	291.595
220	10    	195.743  	98.623  	291.595
221	10    	195.743  	98.623  	291.595
222	10    	195.743  	98.623  	291.595
223	10    	195.743  	98.623  	291.595
224	10    	195.743  	98.623  	291.595
225	10    	195.743  	98.623  	291.595
226	10    	195.743  	98.623  	291.595
227	10    	195.743  	98.623  	291.595
228	10    	195.743  	98.623  	291.595
229	10    	195.743  	98.623  	291.595
230	10    	195.743  	98.623  	291.595
231	10    	197.007  	98.623  	291.595
232	10    	197.007  	98.623  	291.595
233	10    	197.007  	98.623  	291.595
234	10    	197.007  	98.623  	291.595
235	10    	197.007  	98.623  	291.595
236	10    	197.007  	98.623  	291.595
237	10    	197.007  	98.623  	291.595
238	10    	197.007  	98.623  	291.595
239	10    	197.007  	98.623  	291.595
240	10    	197.007  	98.623  	291.595
241	10    	197.007  	98.623  	291.595
242	10    	197.007  	98.623  	291.595
243	10    	197.007  	98.623  	291.595
244	10    	197.007  	98.623  	291.595
245	10    	197.007  	98.623  	291.595
246	10    	197.007  	98.623  	291.595
247	10    	197.007  	98.623  	291.595
248	10    	197.007  	98.623  	291.595
249	10    	197.007  	98.623  	291.595
250	10    	197.007  	98.623  	291.595
251	10    	197.007  	98.623  	291.595
252	10    	197.007  	98.623  	291.595
253	10    	197.007  	98.623  	291.595
254	10    	197.007  	98.623  	291.595
255	10    	197.007  	98.623  	291.595
256	10    	197.007  	98.623  	291.595
257	10    	197.007  	98.623  	291.595
258	10    	197.007  	98.623  	291.595
259	10    	197.007  	98.623  	291.595
260	10    	197.007  	98.623  	291.595
261	10    	197.007  	98.623  	291.595
262	10    	197.007  	98.623  	291.595
263	10    	197.007  	98.623  	291.595
264	10    	197.007  	98.623  	291.595
265	10    	197.007  	98.623  	291.595
266	10    	197.007  	98.623  	291.595
267	10    	197.007  	98.623  	291.595
268	10    	197.007  	98.623  	291.595
269	10    	197.007  	98.623  	291.595
270	10    	197.007  	98.623  	291.595
271	10    	197.007  	98.623  	291.595
272	10    	197.007  	98.623  	291.595
273	10    	197.007  	98.623  	291.595
274	10    	197.007  	98.623  	291.595
275	10    	197.007  	98.623  	291.595
276	10    	197.007  	98.623  	291.595
277	10    	197.007  	98.623  	291.595
278	10    	197.007  	98.623  	291.595
279	10    	197.007  	98.623  	291.595
280	10    	197.007  	98.623  	291.595
281	10    	200.328  	114.85  	291.595
282	10    	200.328  	114.85  	291.595
283	10    	200.328  	114.85  	291.595
284	10    	200.328  	114.85  	291.595
285	10    	200.328  	114.85  	291.595
286	10    	200.328  	114.85  	291.595
287	10    	200.328  	114.85  	291.595
288	10    	200.328  	114.85  	291.595
289	10    	200.328  	114.85  	291.595
290	10    	200.328  	114.85  	291.595
291	10    	200.328  	114.85  	291.595
292	10    	200.328  	114.85  	291.595
293	10    	200.328  	114.85  	291.595
294	10    	200.328  	114.85  	291.595
295	10    	200.328  	114.85  	291.595
296	10    	200.328  	114.85  	291.595
297	10    	200.328  	114.85  	291.595
298	10    	200.328  	114.85  	291.595
299	10    	200.328  	114.85  	291.595
300	10    	200.328  	114.85  	291.595
301	10    	200.328  	114.85  	291.595
302	10    	200.328  	114.85  	291.595
303	10    	200.328  	114.85  	291.595
304	10    	200.328  	114.85  	291.595
305	10    	200.328  	114.85  	291.595
306	10    	200.328  	114.85  	291.595
307	10    	200.328  	114.85  	291.595
308	10    	200.328  	114.85  	291.595
309	10    	200.328  	114.85  	291.595
310	10    	200.328  	114.85  	291.595
311	10    	200.328  	114.85  	291.595
312	10    	200.328  	114.85  	291.595
313	10    	200.328  	114.85  	291.595
314	10    	200.328  	114.85  	291.595
315	10    	200.328  	114.85  	291.595
316	10    	200.328  	114.85  	291.595
317	10    	200.328  	114.85  	291.595
318	10    	200.328  	114.85  	291.595
319	10    	200.328  	114.85  	291.595
320	10    	200.328  	114.85  	291.595
321	10    	200.328  	114.85  	291.595
322	10    	200.328  	114.85  	291.595
323	10    	200.328  	114.85  	291.595
324	10    	200.328  	114.85  	291.595
325	10    	200.328  	114.85  	291.595
326	10    	200.328  	114.85  	291.595
327	10    	200.328  	114.85  	291.595
328	10    	200.328  	114.85  	291.595
329	10    	200.328  	114.85  	291.595
330	10    	200.328  	114.85  	291.595
331	10    	200.328  	114.85  	291.595
332	10    	200.328  	114.85  	291.595
333	10    	200.328  	114.85  	291.595
334	10    	200.328  	114.85  	291.595
335	10    	200.328  	114.85  	291.595
336	10    	200.328  	114.85  	291.595
337	10    	200.328  	114.85  	291.595
338	10    	200.328  	114.85  	291.595
339	10    	200.328  	114.85  	291.595
340	10    	200.328  	114.85  	291.595
341	10    	200.328  	114.85  	291.595
342	10    	200.328  	114.85  	291.595
343	10    	200.328  	114.85  	291.595
344	10    	200.328  	114.85  	291.595
345	10    	200.328  	114.85  	291.595
346	10    	200.328  	114.85  	291.595
347	10    	200.328  	114.85  	291.595
348	10    	200.328  	114.85  	291.595
349	10    	200.328  	114.85  	291.595
350	10    	213.93   	114.85  	291.595
351	10    	213.93   	114.85  	291.595
352	10    	213.93   	114.85  	291.595
353	10    	213.93   	114.85  	291.595
354	10    	213.93   	114.85  	291.595
355	10    	213.93   	114.85  	291.595
356	10    	213.93   	114.85  	291.595
357	10    	213.93   	114.85  	291.595
358	10    	213.93   	114.85  	291.595
359	10    	213.93   	114.85  	291.595
360	10    	213.93   	114.85  	291.595
361	10    	213.93   	114.85  	291.595
362	10    	213.93   	114.85  	291.595
363	10    	213.93   	114.85  	291.595
364	10    	213.93   	114.85  	291.595
365	10    	213.93   	114.85  	291.595
366	10    	213.93   	114.85  	291.595
367	10    	213.93   	114.85  	291.595
368	10    	213.93   	114.85  	291.595
369	10    	213.93   	114.85  	291.595
370	10    	213.93   	114.85  	291.595
371	10    	213.93   	114.85  	291.595
372	10    	213.93   	114.85  	291.595
373	10    	213.93   	114.85  	291.595
374	10    	213.93   	114.85  	291.595
375	10    	213.93   	114.85  	291.595
376	10    	213.93   	114.85  	291.595
377	10    	213.93   	114.85  	291.595
378	10    	213.93   	114.85  	291.595
379	10    	213.93   	114.85  	291.595
380	10    	213.93   	114.85  	291.595
381	10    	213.93   	114.85  	291.595
382	10    	213.93   	114.85  	291.595
383	10    	213.93   	114.85  	291.595
384	10    	213.93   	114.85  	291.595
385	10    	213.93   	114.85  	291.595
386	10    	213.93   	114.85  	291.595
387	10    	213.93   	114.85  	291.595
388	10    	213.93   	114.85  	291.595
389	10    	213.93   	114.85  	291.595
390	10    	213.93   	114.85  	291.595
391	10    	213.93   	114.85  	291.595
392	10    	217.22   	114.85  	291.595
393	10    	217.22   	114.85  	291.595
394	10    	217.22   	114.85  	291.595
395	10    	217.22   	114.85  	291.595
396	10    	217.22   	114.85  	291.595
397	10    	217.22   	114.85  	291.595
398	10    	217.22   	114.85  	291.595
399	10    	223.485  	114.85  	291.595
400	10    	223.485  	114.85  	291.595
401	10    	223.485  	114.85  	291.595
402	10    	223.485  	114.85  	291.595
403	10    	223.485  	114.85  	291.595
404	10    	223.485  	114.85  	291.595
405	10    	223.485  	114.85  	291.595
406	10    	223.485  	114.85  	291.595
407	10    	223.485  	114.85  	291.595
408	10    	223.485  	114.85  	291.595
409	10    	223.485  	114.85  	291.595
410	10    	223.485  	114.85  	291.595
411	10    	223.485  	114.85  	291.595
412	10    	223.485  	114.85  	291.595
413	10    	223.485  	114.85  	291.595
414	10    	223.485  	114.85  	291.595
415	10    	223.485  	114.85  	291.595
416	10    	223.485  	114.85  	291.595
417	10    	223.485  	114.85  	291.595
418	10    	223.485  	114.85  	291.595
419	10    	223.485  	114.85  	291.595
420	10    	223.485  	114.85  	291.595
421	10    	223.485  	114.85  	291.595
422	10    	223.485  	114.85  	291.595
423	10    	223.485  	114.85  	291.595
424	10    	223.485  	114.85  	291.595
425	10    	223.485  	114.85  	291.595
426	10    	223.485  	114.85  	291.595
427	10    	223.485  	114.85  	291.595
428	10    	223.485  	114.85  	291.595
429	10    	223.485  	114.85  	291.595
430	10    	223.485  	114.85  	291.595
431	10    	227.857  	114.85  	291.595
432	10    	227.857  	114.85  	291.595
433	10    	227.857  	114.85  	291.595
434	10    	227.857  	114.85  	291.595
435	10    	227.857  	114.85  	291.595
436	10    	227.857  	114.85  	291.595
437	10    	227.857  	114.85  	291.595
438	10    	227.857  	114.85  	291.595
439	10    	227.857  	114.85  	291.595
440	10    	227.857  	114.85  	291.595
441	10    	227.857  	114.85  	291.595
442	10    	227.857  	114.85  	291.595
443	10    	227.857  	114.85  	291.595
444	10    	227.857  	114.85  	291.595
445	10    	227.857  	114.85  	291.595
446	10    	227.857  	114.85  	291.595
447	10    	227.857  	114.85  	291.595
448	10    	227.857  	114.85  	291.595
449	10    	227.857  	114.85  	291.595
450	10    	227.857  	114.85  	291.595
451	10    	227.857  	114.85  	291.595
452	10    	227.857  	114.85  	291.595
453	10    	227.857  	114.85  	291.595
454	10    	227.857  	114.85  	291.595
455	10    	227.857  	114.85  	291.595
456	10    	227.857  	114.85  	291.595
457	10    	227.857  	114.85  	291.595
458	10    	227.857  	114.85  	291.595
459	10    	227.857  	114.85  	291.595
460	10    	227.857  	114.85  	291.595
461	10    	227.857  	114.85  	291.595
462	10    	227.857  	114.85  	291.595
463	10    	227.857  	114.85  	291.595
464	10    	227.857  	114.85  	291.595
465	10    	238.99   	114.85  	291.595
466	10    	238.99   	114.85  	291.595
467	10    	238.99   	114.85  	291.595
468	10    	238.99   	114.85  	291.595
469	10    	238.99   	114.85  	291.595
470	10    	238.99   	114.85  	291.595
471	10    	238.99   	114.85  	291.595
472	10    	238.99   	114.85  	291.595
473	10    	238.99   	114.85  	291.595
474	10    	238.99   	114.85  	291.595
475	10    	238.99   	114.85  	291.595
476	10    	238.99   	114.85  	291.595
477	10    	238.99   	114.85  	291.595
478	10    	238.99   	114.85  	291.595
479	10    	238.99   	114.85  	291.595
480	10    	238.99   	114.85  	291.595
481	10    	238.99   	114.85  	291.595
482	10    	238.99   	114.85  	291.595
483	10    	238.99   	114.85  	291.595
484	10    	238.99   	114.85  	291.595
485	10    	238.99   	114.85  	291.595
486	10    	238.99   	114.85  	291.595
487	10    	238.99   	114.85  	291.595
488	10    	238.99   	114.85  	291.595
489	10    	238.99   	114.85  	291.595
490	10    	238.99   	114.85  	291.595
491	10    	238.99   	114.85  	291.595
492	10    	238.99   	114.85  	291.595
493	10    	238.99   	114.85  	291.595
494	10    	238.99   	114.85  	291.595
495	10    	238.99   	114.85  	291.595
496	10    	238.99   	114.85  	291.595
497	10    	238.99   	114.85  	291.595
498	10    	238.99   	114.85  	291.595
499	10    	238.99   	114.85  	291.595
500	10    	238.99   	114.85  	291.595
501	10    	238.99   	114.85  	291.595
502	10    	238.99   	114.85  	291.595
503	10    	238.99   	114.85  	291.595
504	10    	238.99   	114.85  	291.595
505	10    	238.99   	114.85  	291.595
506	10    	238.99   	114.85  	291.595
507	10    	238.99   	114.85  	291.595
508	10    	238.99   	114.85  	291.595
509	10    	238.99   	114.85  	291.595
510	10    	238.99   	114.85  	291.595
511	10    	238.99   	114.85  	291.595
512	10    	238.99   	114.85  	291.595
513	10    	238.99   	114.85  	291.595
514	10    	238.99   	114.85  	291.595
515	10    	238.99   	114.85  	291.595
516	10    	238.99   	114.85  	291.595
517	10    	238.99   	114.85  	291.595
518	10    	238.99   	114.85  	291.595
519	10    	238.99   	114.85  	291.595
520	10    	238.99   	114.85  	291.595
521	10    	238.99   	114.85  	291.595
522	10    	238.99   	114.85  	291.595
523	10    	238.99   	114.85  	291.595
524	10    	238.99   	114.85  	291.595
525	10    	238.99   	114.85  	291.595
526	10    	238.99   	114.85  	291.595
527	10    	238.99   	114.85  	291.595
528	10    	238.99   	114.85  	291.595
529	10    	238.99   	114.85  	291.595
530	10    	238.99   	114.85  	291.595
531	10    	238.99   	114.85  	291.595
532	10    	238.99   	114.85  	291.595
533	10    	238.99   	114.85  	291.595
534	10    	238.99   	114.85  	291.595
535	10    	238.99   	114.85  	291.595
536	10    	238.99   	114.85  	291.595
537	10    	238.99   	114.85  	291.595
538	10    	238.99   	114.85  	291.595
539	10    	238.99   	114.85  	291.595
540	10    	238.99   	114.85  	291.595
541	10    	238.99   	114.85  	291.595
542	10    	238.99   	114.85  	291.595
543	10    	238.99   	114.85  	291.595
544	10    	238.99   	114.85  	291.595
545	10    	238.99   	114.85  	291.595
546	10    	238.99   	114.85  	291.595
547	10    	238.99   	114.85  	291.595
548	10    	238.99   	114.85  	291.595
549	10    	238.99   	114.85  	291.595
550	10    	238.99   	114.85  	291.595
551	10    	238.99   	114.85  	291.595
552	10    	238.99   	114.85  	291.595
553	10    	238.99   	114.85  	291.595
554	10    	238.99   	114.85  	291.595
555	10    	238.99   	114.85  	291.595
556	10    	238.99   	114.85  	291.595
557	10    	238.99   	114.85  	291.595
558	10    	238.99   	114.85  	291.595
559	10    	238.99   	114.85  	291.595
560	10    	238.99   	114.85  	291.595
561	10    	238.99   	114.85  	291.595
562	10    	238.99   	114.85  	291.595
563	10    	238.99   	114.85  	291.595
564	10    	238.99   	114.85  	291.595
565	10    	238.99   	114.85  	291.595
566	10    	238.99   	114.85  	291.595
567	10    	238.99   	114.85  	291.595
568	10    	238.99   	114.85  	291.595
569	10    	238.99   	114.85  	291.595
570	10    	238.99   	114.85  	291.595
571	10    	238.99   	114.85  	291.595
572	10    	238.99   	114.85  	291.595
573	10    	241.7    	141.94  	291.595
574	10    	241.7    	141.94  	291.595
575	10    	241.7    	141.94  	291.595
576	10    	241.7    	141.94  	291.595
577	10    	241.7    	141.94  	291.595
578	10    	241.7    	141.94  	291.595
579	10    	241.7    	141.94  	291.595
580	10    	241.7    	141.94  	291.595
581	10    	241.7    	141.94  	291.595
582	10    	241.7    	141.94  	291.595
583	10    	241.7    	141.94  	291.595
584	10    	241.7    	141.94  	291.595
585	10    	244.301  	141.94  	291.595
586	10    	244.301  	141.94  	291.595
587	10    	244.301  	141.94  	291.595
588	10    	244.301  	141.94  	291.595
589	10    	244.301  	141.94  	291.595
590	10    	244.301  	141.94  	291.595
591	10    	244.301  	141.94  	291.595
592	10    	244.301  	141.94  	291.595
593	10    	244.301  	141.94  	291.595
594	10    	244.301  	141.94  	291.595
595	10    	244.301  	141.94  	291.595
596	10    	244.301  	141.94  	291.595
597	10    	244.301  	141.94  	291.595
598	10    	244.301  	141.94  	291.595
599	10    	244.301  	141.94  	291.595
600	10    	244.301  	141.94  	291.595
601	10    	244.301  	141.94  	291.595
602	10    	244.301  	141.94  	291.595
603	10    	244.301  	141.94  	291.595
604	10    	244.301  	141.94  	291.595
605	10    	244.301  	141.94  	291.595
606	10    	244.301  	141.94  	291.595
607	10    	244.301  	141.94  	291.595
608	10    	244.301  	141.94  	291.595
609	10    	244.301  	141.94  	291.595
610	10    	244.301  	141.94  	291.595
611	10    	244.301  	141.94  	291.595
612	10    	244.301  	141.94  	291.595
613	10    	244.301  	141.94  	291.595
614	10    	244.301  	141.94  	291.595
615	10    	244.301  	141.94  	291.595
616	10    	244.301  	141.94  	291.595
617	10    	244.301  	141.94  	291.595
618	10    	244.301  	141.94  	291.595
619	10    	244.301  	141.94  	291.595
620	10    	244.301  	141.94  	291.595
621	10    	244.301  	141.94  	291.595
622	10    	244.301  	141.94  	291.595
623	10    	244.301  	141.94  	291.595
624	10    	244.301  	141.94  	291.595
625	10    	244.301  	141.94  	291.595
626	10    	244.301  	141.94  	291.595
627	10    	244.301  	141.94  	291.595
628	10    	244.301  	141.94  	291.595
629	10    	244.301  	141.94  	291.595
630	10    	244.301  	141.94  	291.595
631	10    	244.301  	141.94  	291.595
632	10    	244.301  	141.94  	291.595
633	10    	244.301  	141.94  	291.595
634	10    	244.301  	141.94  	291.595
635	10    	244.301  	141.94  	291.595
636	10    	244.301  	141.94  	291.595
637	10    	244.301  	141.94  	291.595
638	10    	244.301  	141.94  	291.595
639	10    	244.301  	141.94  	291.595
640	10    	249.473  	141.94  	309.799
641	10    	249.473  	141.94  	309.799
642	10    	249.473  	141.94  	309.799
643	10    	249.473  	141.94  	309.799
644	10    	249.473  	141.94  	309.799
645	10    	249.473  	141.94  	309.799
646	10    	249.473  	141.94  	309.799
647	10    	249.473  	141.94  	309.799
648	10    	249.473  	141.94  	309.799
649	10    	249.473  	141.94  	309.799
650	10    	249.473  	141.94  	309.799
651	10    	249.473  	141.94  	309.799
652	10    	249.473  	141.94  	309.799
653	10    	249.473  	141.94  	309.799
654	10    	249.473  	141.94  	309.799
655	10    	249.473  	141.94  	309.799
656	10    	249.473  	141.94  	309.799
657	10    	249.473  	141.94  	309.799
658	10    	249.473  	141.94  	309.799
659	10    	249.473  	141.94  	309.799
660	10    	249.473  	141.94  	309.799
661	10    	249.473  	141.94  	309.799
662	10    	249.473  	141.94  	309.799
663	10    	249.473  	141.94  	309.799
664	10    	249.473  	141.94  	309.799
665	10    	249.473  	141.94  	309.799
666	10    	249.473  	141.94  	309.799
667	10    	249.473  	141.94  	309.799
668	10    	249.473  	141.94  	309.799
669	10    	249.473  	141.94  	309.799
670	10    	249.473  	141.94  	309.799
671	10    	249.473  	141.94  	309.799
672	10    	249.473  	141.94  	309.799
673	10    	249.473  	141.94  	309.799
674	10    	249.473  	141.94  	309.799
675	10    	249.473  	141.94  	309.799
676	10    	249.473  	141.94  	309.799
677	10    	249.473  	141.94  	309.799
678	10    	249.473  	141.94  	309.799
679	10    	249.473  	141.94  	309.799
680	10    	249.473  	141.94  	309.799
681	10    	249.473  	141.94  	309.799
682	10    	249.473  	141.94  	309.799
683	10    	249.473  	141.94  	309.799
684	10    	249.473  	141.94  	309.799
685	10    	249.473  	141.94  	309.799
686	10    	249.473  	141.94  	309.799
687	10    	249.473  	141.94  	309.799
688	10    	249.473  	141.94  	309.799
689	10    	249.473  	141.94  	309.799
690	10    	249.473  	141.94  	309.799
691	10    	249.473  	141.94  	309.799
692	10    	249.473  	141.94  	309.799
693	10    	265.217  	192.814 	309.799
694	10    	265.217  	192.814 	309.799
695	10    	265.217  	192.814 	309.799
696	10    	265.217  	192.814 	309.799
697	10    	265.217  	192.814 	309.799
698	10    	265.217  	192.814 	309.799
699	10    	265.217  	192.814 	309.799
700	10    	265.217  	192.814 	309.799
701	10    	265.217  	192.814 	309.799
702	10    	265.217  	192.814 	309.799
703	10    	265.217  	192.814 	309.799
704	10    	265.217  	192.814 	309.799
705	10    	265.217  	192.814 	309.799
706	10    	265.217  	192.814 	309.799
707	10    	265.217  	192.814 	309.799
708	10    	265.217  	192.814 	309.799
709	10    	265.217  	192.814 	309.799
710	10    	265.217  	192.814 	309.799
711	10    	265.217  	192.814 	309.799
712	10    	265.217  	192.814 	309.799
713	10    	265.217  	192.814 	309.799
714	10    	265.217  	192.814 	309.799
715	10    	265.217  	192.814 	309.799
716	10    	265.217  	192.814 	309.799
717	10    	265.217  	192.814 	309.799
718	10    	265.217  	192.814 	309.799
719	10    	265.217  	192.814 	309.799
720	10    	265.217  	192.814 	309.799
721	10    	265.217  	192.814 	309.799
722	10    	265.217  	192.814 	309.799
723	10    	265.217  	192.814 	309.799
724	10    	265.217  	192.814 	309.799
725	10    	265.217  	192.814 	309.799
726	10    	265.217  	192.814 	309.799
727	10    	265.217  	192.814 	309.799
728	10    	265.217  	192.814 	309.799
729	10    	265.217  	192.814 	309.799
730	10    	265.217  	192.814 	309.799
731	10    	265.217  	192.814 	309.799
732	10    	265.217  	192.814 	309.799
733	10    	265.217  	192.814 	309.799
734	10    	265.217  	192.814 	309.799
735	10    	265.217  	192.814 	309.799
736	10    	265.217  	192.814 	309.799
737	10    	265.217  	192.814 	309.799
738	10    	265.217  	192.814 	309.799
739	10    	265.217  	192.814 	309.799
740	10    	265.217  	192.814 	309.799
741	10    	265.217  	192.814 	309.799
742	10    	265.217  	192.814 	309.799
743	10    	265.217  	192.814 	309.799
744	10    	265.217  	192.814 	309.799
745	10    	265.217  	192.814 	309.799
746	10    	265.217  	192.814 	309.799
747	10    	265.217  	192.814 	309.799
748	10    	265.217  	192.814 	309.799
749	10    	265.217  	192.814 	309.799
750	10    	265.217  	192.814 	309.799
751	10    	265.217  	192.814 	309.799
752	10    	265.217  	192.814 	309.799
753	10    	265.217  	192.814 	309.799
754	10    	265.217  	192.814 	309.799
755	10    	265.217  	192.814 	309.799
756	10    	265.217  	192.814 	309.799
757	10    	265.217  	192.814 	309.799
758	10    	265.217  	192.814 	309.799
759	10    	265.217  	192.814 	309.799
760	10    	265.217  	192.814 	309.799
761	10    	265.217  	192.814 	309.799
762	10    	265.217  	192.814 	309.799
763	10    	265.217  	192.814 	309.799
764	10    	265.217  	192.814 	309.799
765	10    	265.217  	192.814 	309.799
766	10    	265.217  	192.814 	309.799
767	10    	265.217  	192.814 	309.799
768	10    	265.217  	192.814 	309.799
769	10    	265.217  	192.814 	309.799
770	10    	265.217  	192.814 	309.799
771	10    	265.217  	192.814 	309.799
772	10    	265.217  	192.814 	309.799
773	10    	265.217  	192.814 	309.799
774	10    	265.217  	192.814 	309.799
775	10    	265.217  	192.814 	309.799