gen	nevals	avg    	min    	max    
0  	25    	2135.84	677.76 	2772.8 
1  	25    	2366.28	751.28 	2801.92
2  	25    	2474.75	977.68 	2801.92
3  	25    	2565.27	2164.56	2801.92
4  	25    	2591.73	2190.88	2801.92
5  	25    	2631.23	2368.48	2801.92
6  	25    	2639.84	2368.48	2801.92
7  	25    	2650.56	2368.48	2801.92
8  	25    	2669.85	2473.84	2850.08
9  	25    	2692.72	2515.04	2869.52
10 	25    	2695.75	2515.04	2870.56
11 	25    	2696.52	2515.04	2870.56
12 	25    	2707.94	2515.04	2870.56
13 	25    	2722.17	2515.04	2965.44
14 	25    	2722.17	2515.04	2965.44
15 	25    	2724.09	2516.48	2965.44
16 	25    	2726.15	2516.48	2965.44
17 	25    	2732.12	2516.48	2965.44
18 	25    	2746.22	2594.72	2965.44
19 	25    	2768.65	2595.36	3054.48
20 	25    	2787.38	2595.36	3130.08
21 	25    	2791.76	2595.36	3130.08
22 	25    	2798.15	2595.36	3130.08
23 	25    	2798.15	2595.36	3130.08
24 	25    	2809.91	2595.36	3130.08
25 	25    	2809.91	2595.36	3130.08
26 	25    	2819.49	2608.48	3130.08
27 	25    	2821.82	2608.48	3130.08
28 	25    	2836.09	2608.48	3130.08
29 	25    	2838.4 	2608.48	3130.08
30 	25    	2841.74	2608.48	3130.08
31 	25    	2850.63	2633.44	3130.08
32 	25    	2852.06	2633.44	3130.08
33 	25    	2852.06	2633.44	3130.08
34 	25    	2855.58	2633.44	3130.08
35 	25    	2855.58	2633.44	3130.08
36 	25    	2855.58	2633.44	3130.08
37 	25    	2855.58	2633.44	3130.08
38 	25    	2864.59	2722.72	3130.08
39 	25    	2864.59	2722.72	3130.08
40 	25    	2864.59	2722.72	3130.08
41 	25    	2866.21	2722.72	3130.08
42 	25    	2866.21	2722.72	3130.08
43 	25    	2870.83	2722.72	3130.08
44 	25    	2877.94	2728.24	3130.08
45 	25    	2877.94	2728.24	3130.08
46 	25    	2881.49	2728.24	3130.08
47 	25    	2890.65	2744.56	3130.08
48 	25    	2891.31	2744.56	3130.08
49 	25    	2895.05	2744.56	3130.08
50 	25    	2898.37	2744.56	3130.08
51 	25    	2901.05	2744.56	3130.08
52 	25    	2902.22	2744.56	3130.08
53 	25    	2902.22	2744.56	3130.08
54 	25    	2902.22	2744.56	3130.08
55 	25    	2909.4 	2796.88	3130.08
56 	25    	2909.4 	2796.88	3130.08
57 	25    	2909.4 	2796.88	3130.08
58 	25    	2909.4 	2796.88	3130.08
59 	25    	2909.4 	2796.88	3130.08
60 	25    	2909.4 	2796.88	3130.08
61 	25    	2909.58	2796.88	3130.08
62 	25    	2913.48	2796.88	3227.6 
63 	25    	2918.9 	2796.88	3227.6 
64 	25    	2921.59	2796.88	3227.6 
65 	25    	2921.59	2796.88	3227.6 
66 	25    	2921.59	2796.88	3227.6 
67 	25    	2921.59	2796.88	3227.6 
68 	25    	2921.59	2796.88	3227.6 
69 	25    	2921.59	2796.88	3227.6 
70 	25    	2927.91	2796.88	3227.6 
71 	25    	2931.92	2796.88	3227.6 
72 	25    	2931.92	2796.88	3227.6 
73 	25    	2937.59	2796.88	3227.6 
74 	25    	2940.35	2796.88	3227.6 
75 	25    	2940.35	2796.88	3227.6 
76 	25    	2956.2 	2796.88	3227.6 
77 	25    	2956.2 	2796.88	3227.6 
78 	25    	2956.2 	2796.88	3227.6 
79 	25    	2961.42	2796.88	3227.6 
80 	25    	2961.42	2796.88	3227.6 
81 	25    	2961.42	2796.88	3227.6 
82 	25    	2961.42	2796.88	3227.6 
83 	25    	2969.47	2796.88	3227.6 
84 	25    	2969.47	2796.88	3227.6 
85 	25    	2969.47	2796.88	3227.6 
86 	25    	2969.47	2796.88	3227.6 
87 	25    	2969.47	2796.88	3227.6 
88 	25    	2970.37	2796.88	3227.6 
89 	25    	2970.37	2796.88	3227.6 
90 	25    	2970.37	2796.88	3227.6 
91 	25    	2970.37	2796.88	3227.6 
92 	25    	2971.98	2796.88	3227.6 
93 	25    	2971.98	2796.88	3227.6 
94 	25    	2971.98	2796.88	3227.6 
95 	25    	2971.98	2796.88	3227.6 
96 	25    	2971.98	2796.88	3227.6 
97 	25    	2971.98	2796.88	3227.6 
98 	25    	2971.98	2796.88	3227.6 
99 	25    	2971.98	2796.88	3227.6 
100	25    	2971.98	2796.88	3227.6 
101	25    	2971.98	2796.88	3227.6 
102	25    	2971.98	2796.88	3227.6 
103	25    	2972.2 	2796.88	3227.6 
104	25    	2972.2 	2796.88	3227.6 
105	25    	2972.2 	2796.88	3227.6 
106	25    	2972.2 	2796.88	3227.6 
107	25    	2981.86	2796.88	3296   
108	25    	2985.68	2864.16	3296   
109	25    	2985.68	2864.16	3296   
110	25    	2985.68	2864.16	3296   
111	25    	2985.68	2864.16	3296   
112	25    	2985.68	2864.16	3296   
113	25    	2985.68	2864.16	3296   
114	25    	2985.68	2864.16	3296   
115	25    	2985.68	2864.16	3296   
116	25    	2985.68	2864.16	3296   
117	25    	2985.68	2864.16	3296   
118	25    	2991.07	2864.16	3296   
119	25    	2997.06	2864.16	3296   
120	25    	3000.29	2864.16	3296   
121	25    	3000.29	2864.16	3296   
122	25    	3000.29	2864.16	3296   
123	25    	3000.29	2864.16	3296   
124	25    	3007.92	2864.16	3296   
125	25    	3007.92	2864.16	3296   
126	25    	3007.92	2864.16	3296   
127	25    	3011.5 	2864.16	3296   
128	25    	3011.5 	2864.16	3296   
129	25    	3011.5 	2864.16	3296   
130	25    	3011.5 	2864.16	3296   
131	25    	3011.5 	2864.16	3296   
132	25    	3011.5 	2864.16	3296   
133	25    	3012.82	2864.16	3296   
134	25    	3012.82	2864.16	3296   
135	25    	3012.82	2864.16	3296   
136	25    	3020.04	2864.16	3296   
137	25    	3020.04	2864.16	3296   
138	25    	3020.04	2864.16	3296   
139	25    	3056.74	2864.16	3865.44
140	25    	3056.74	2864.16	3865.44
141	25    	3056.74	2864.16	3865.44
142	25    	3056.74	2864.16	3865.44
143	25    	3058.63	2864.16	3865.44
144	25    	3062.85	2864.16	3865.44
145	25    	3062.85	2864.16	3865.44
146	25    	3062.85	2864.16	3865.44
147	25    	3062.85	2864.16	3865.44
148	25    	3062.85	2864.16	3865.44
149	25    	3062.85	2864.16	3865.44
150	25    	3062.85	2864.16	3865.44
151	25    	3062.85	2864.16	3865.44
152	25    	3062.85	2864.16	3865.44
153	25    	3062.85	2864.16	3865.44
154	25    	3062.85	2864.16	3865.44
155	25    	3062.85	2864.16	3865.44
156	25    	3062.85	2864.16	3865.44
157	25    	3062.85	2864.16	3865.44
158	25    	3062.85	2864.16	3865.44
159	25    	3062.85	2864.16	3865.44
160	25    	3062.85	2864.16	3865.44
161	25    	3062.85	2864.16	3865.44
162	25    	3062.85	2864.16	3865.44
163	25    	3070.58	2864.16	3865.44
164	25    	3070.58	2864.16	3865.44
165	25    	3070.58	2864.16	3865.44
166	25    	3093.58	2864.16	3865.44
167	25    	3093.58	2864.16	3865.44
168	25    	3093.58	2864.16	3865.44
169	25    	3093.58	2864.16	3865.44
170	25    	3093.58	2864.16	3865.44
171	25    	3093.58	2864.16	3865.44
172	25    	3093.58	2864.16	3865.44
173	25    	3095.05	2864.16	3865.44
174	25    	3095.05	2864.16	3865.44
175	25    	3100.22	2864.16	3865.44
176	25    	3100.22	2864.16	3865.44
177	25    	3100.22	2864.16	3865.44
178	25    	3100.22	2864.16	3865.44
179	25    	3100.22	2864.16	3865.44
180	25    	3100.22	2864.16	3865.44
181	25    	3100.22	2864.16	3865.44
182	25    	3100.22	2864.16	3865.44
183	25    	3104.17	2864.16	3865.44
184	25    	3104.17	2864.16	3865.44
185	25    	3107.53	2864.16	3865.44
186	25    	3107.53	2864.16	3865.44
187	25    	3107.53	2864.16	3865.44
188	25    	3107.53	2864.16	3865.44
189	25    	3107.53	2864.16	3865.44
190	25    	3113.36	2864.16	3865.44
191	25    	3113.36	2864.16	3865.44
192	25    	3113.36	2864.16	3865.44
193	25    	3113.36	2864.16	3865.44
194	25    	3113.36	2864.16	3865.44
195	25    	3113.36	2864.16	3865.44
196	25    	3113.36	2864.16	3865.44
197	25    	3113.36	2864.16	3865.44
198	25    	3113.36	2864.16	3865.44
199	25    	3113.36	2864.16	3865.44
200	25    	3113.36	2864.16	3865.44
201	25    	3113.36	2864.16	3865.44
202	25    	3113.36	2864.16	3865.44
203	25    	3113.36	2864.16	3865.44
204	25    	3113.36	2864.16	3865.44
205	25    	3125.25	2864.16	3865.44
206	25    	3125.25	2864.16	3865.44
207	25    	3125.25	2864.16	3865.44
208	25    	3125.25	2864.16	3865.44
209	25    	3125.25	2864.16	3865.44
210	25    	3125.25	2864.16	3865.44
211	25    	3125.25	2864.16	3865.44
212	25    	3125.25	2864.16	3865.44
213	25    	3125.25	2864.16	3865.44
214	25    	3125.25	2864.16	3865.44
215	25    	3125.25	2864.16	3865.44
216	25    	3125.25	2864.16	3865.44
217	25    	3125.25	2864.16	3865.44
218	25    	3125.73	2864.16	3865.44
219	25    	3125.73	2864.16	3865.44
220	25    	3125.73	2864.16	3865.44
221	25    	3125.73	2864.16	3865.44
222	25    	3125.73	2864.16	3865.44
223	25    	3125.73	2864.16	3865.44
224	25    	3126.68	2864.16	3865.44
225	25    	3126.68	2864.16	3865.44
226	25    	3126.68	2864.16	3865.44
227	25    	3126.68	2864.16	3865.44
228	25    	3126.68	2864.16	3865.44
229	25    	3126.68	2864.16	3865.44
230	25    	3126.68	2864.16	3865.44
231	25    	3126.68	2864.16	3865.44
232	25    	3126.68	2864.16	3865.44
233	25    	3126.68	2864.16	3865.44
234	25    	3126.68	2864.16	3865.44
235	25    	3126.68	2864.16	3865.44
236	25    	3126.68	2864.16	3865.44
237	25    	3126.68	2864.16	3865.44
238	25    	3126.68	2864.16	3865.44
239	25    	3126.68	2864.16	3865.44
240	25    	3127.96	2864.16	3865.44
241	25    	3127.96	2864.16	3865.44
242	25    	3127.96	2864.16	3865.44
243	25    	3127.96	2864.16	3865.44
244	25    	3127.96	2864.16	3865.44
245	25    	3150.59	2864.16	3865.44
246	25    	3150.59	2864.16	3865.44
247	25    	3150.59	2864.16	3865.44
248	25    	3150.59	2864.16	3865.44
249	25    	3155.8 	2906.64	3865.44
250	25    	3155.8 	2906.64	3865.44
251	25    	3155.8 	2906.64	3865.44
252	25    	3157.19	2906.64	3865.44
253	25    	3157.19	2906.64	3865.44
254	25    	3157.19	2906.64	3865.44
255	25    	3157.19	2906.64	3865.44
256	25    	3157.19	2906.64	3865.44
257	25    	3157.19	2906.64	3865.44
258	25    	3157.19	2906.64	3865.44
259	25    	3168.59	2906.64	3865.44
260	25    	3168.59	2906.64	3865.44
261	25    	3195.92	2906.64	3865.44
262	25    	3195.92	2906.64	3865.44
263	25    	3195.92	2906.64	3865.44
264	25    	3195.92	2906.64	3865.44
265	25    	3195.92	2906.64	3865.44
266	25    	3195.92	2906.64	3865.44
267	25    	3195.92	2906.64	3865.44
268	25    	3195.92	2906.64	3865.44
269	25    	3195.92	2906.64	3865.44
270	25    	3195.92	2906.64	3865.44
271	25    	3195.92	2906.64	3865.44
272	25    	3195.92	2906.64	3865.44
273	25    	3195.92	2906.64	3865.44
274	25    	3195.92	2906.64	3865.44
275	25    	3198.67	2906.64	3865.44
276	25    	3198.67	2906.64	3865.44
277	25    	3198.67	2906.64	3865.44
278	25    	3207.94	2906.64	3865.44
279	25    	3207.94	2906.64	3865.44
280	25    	3207.94	2906.64	3865.44
281	25    	3207.94	2906.64	3865.44
282	25    	3207.94	2906.64	3865.44
283	25    	3207.94	2906.64	3865.44
284	25    	3221.66	2906.64	3865.44
285	25    	3221.66	2906.64	3865.44
286	25    	3221.66	2906.64	3865.44
287	25    	3221.66	2906.64	3865.44
288	25    	3221.66	2906.64	3865.44
289	25    	3221.66	2906.64	3865.44
290	25    	3221.66	2906.64	3865.44
291	25    	3221.66	2906.64	3865.44
292	25    	3221.66	2906.64	3865.44
293	25    	3221.66	2906.64	3865.44
294	25    	3221.66	2906.64	3865.44
295	25    	3231.66	2906.64	3865.44
296	25    	3231.66	2906.64	3865.44
297	25    	3231.66	2906.64	3865.44
298	25    	3231.66	2906.64	3865.44
299	25    	3238.35	2906.64	3865.44
300	25    	3238.35	2906.64	3865.44
301	25    	3238.35	2906.64	3865.44
302	25    	3238.35	2906.64	3865.44
303	25    	3238.35	2906.64	3865.44
304	25    	3238.35	2906.64	3865.44
305	25    	3238.35	2906.64	3865.44
306	25    	3238.35	2906.64	3865.44
307	25    	3238.35	2906.64	3865.44
308	25    	3242.02	2906.64	3865.44
309	25    	3242.02	2906.64	3865.44
310	25    	3242.02	2906.64	3865.44
311	25    	3242.02	2906.64	3865.44
312	25    	3261.8 	2906.64	3865.44
313	25    	3261.8 	2906.64	3865.44
314	25    	3261.8 	2906.64	3865.44
315	25    	3261.8 	2906.64	3865.44
316	25    	3262.49	2906.64	3865.44
317	25    	3262.49	2906.64	3865.44
318	25    	3262.49	2906.64	3865.44
319	25    	3262.49	2906.64	3865.44
320	25    	3262.49	2906.64	3865.44
321	25    	3274.32	2906.64	3865.44
322	25    	3274.32	2906.64	3865.44
323	25    	3274.32	2906.64	3865.44
324	25    	3274.32	2906.64	3865.44
325	25    	3274.32	2906.64	3865.44
326	25    	3274.32	2906.64	3865.44
327	25    	3274.32	2906.64	3865.44
328	25    	3274.32	2906.64	3865.44
329	25    	3274.32	2906.64	3865.44
330	25    	3274.32	2906.64	3865.44
331	25    	3274.32	2906.64	3865.44
332	25    	3274.32	2906.64	3865.44
333	25    	3274.32	2906.64	3865.44
334	25    	3274.32	2906.64	3865.44
335	25    	3274.32	2906.64	3865.44
336	25    	3274.32	2906.64	3865.44
337	25    	3274.32	2906.64	3865.44
338	25    	3274.32	2906.64	3865.44
339	25    	3274.32	2906.64	3865.44
340	25    	3274.32	2906.64	3865.44
341	25    	3274.32	2906.64	3865.44
342	25    	3274.32	2906.64	3865.44
343	25    	3274.32	2906.64	3865.44
344	25    	3274.32	2906.64	3865.44
345	25    	3274.32	2906.64	3865.44
346	25    	3274.32	2906.64	3865.44
347	25    	3274.32	2906.64	3865.44
348	25    	3274.32	2906.64	3865.44
349	25    	3274.32	2906.64	3865.44
350	25    	3274.32	2906.64	3865.44
351	25    	3274.32	2906.64	3865.44
352	25    	3274.32	2906.64	3865.44
353	25    	3274.32	2906.64	3865.44
354	25    	3275.53	2906.64	3865.44
355	25    	3275.53	2906.64	3865.44
356	25    	3275.53	2906.64	3865.44
357	25    	3275.53	2906.64	3865.44
358	25    	3275.53	2906.64	3865.44
359	25    	3275.53	2906.64	3865.44
360	25    	3275.53	2906.64	3865.44
361	25    	3275.53	2906.64	3865.44
362	25    	3275.53	2906.64	3865.44
363	25    	3275.53	2906.64	3865.44
364	25    	3275.53	2906.64	3865.44
365	25    	3275.53	2906.64	3865.44
366	25    	3275.53	2906.64	3865.44
367	25    	3275.53	2906.64	3865.44
368	25    	3275.53	2906.64	3865.44
369	25    	3275.53	2906.64	3865.44
370	25    	3275.53	2906.64	3865.44
371	25    	3275.53	2906.64	3865.44
372	25    	3275.64	2906.64	3865.44
373	25    	3275.64	2906.64	3865.44
374	25    	3275.64	2906.64	3865.44
375	25    	3275.64	2906.64	3865.44
376	25    	3275.64	2906.64	3865.44
377	25    	3275.64	2906.64	3865.44
378	25    	3275.64	2906.64	3865.44
379	25    	3275.64	2906.64	3865.44
380	25    	3279.91	2906.64	3865.44
381	25    	3279.91	2906.64	3865.44
382	25    	3279.91	2906.64	3865.44
383	25    	3279.91	2906.64	3865.44
384	25    	3279.91	2906.64	3865.44
385	25    	3279.91	2906.64	3865.44
386	25    	3279.91	2906.64	3865.44
387	25    	3287.09	2906.64	3865.44
388	25    	3287.09	2906.64	3865.44
389	25    	3287.09	2906.64	3865.44
390	25    	3287.09	2906.64	3865.44
391	25    	3287.09	2906.64	3865.44
392	25    	3287.09	2906.64	3865.44
393	25    	3287.09	2906.64	3865.44
394	25    	3287.09	2906.64	3865.44
395	25    	3287.09	2906.64	3865.44
396	25    	3287.09	2906.64	3865.44
397	25    	3287.09	2906.64	3865.44
398	25    	3287.09	2906.64	3865.44
399	25    	3287.09	2906.64	3865.44
400	25    	3287.09	2906.64	3865.44
401	25    	3287.09	2906.64	3865.44
402	25    	3287.09	2906.64	3865.44
403	25    	3293.24	2906.64	3865.44
404	25    	3293.24	2906.64	3865.44
405	25    	3293.24	2906.64	3865.44
406	25    	3293.24	2906.64	3865.44
407	25    	3293.24	2906.64	3865.44
408	25    	3293.24	2906.64	3865.44
409	25    	3293.24	2906.64	3865.44
410	25    	3293.24	2906.64	3865.44
411	25    	3293.24	2906.64	3865.44
412	25    	3293.24	2906.64	3865.44
413	25    	3293.24	2906.64	3865.44
414	25    	3297.59	2906.64	3865.44
415	25    	3297.59	2906.64	3865.44
416	25    	3297.59	2906.64	3865.44
417	25    	3297.59	2906.64	3865.44
418	25    	3297.59	2906.64	3865.44
419	25    	3297.59	2906.64	3865.44
420	25    	3297.59	2906.64	3865.44
421	25    	3297.59	2906.64	3865.44
422	25    	3297.59	2906.64	3865.44
423	25    	3297.59	2906.64	3865.44
424	25    	3297.59	2906.64	3865.44
425	25    	3297.59	2906.64	3865.44
426	25    	3297.59	2906.64	3865.44
427	25    	3298.66	2933.2 	3865.44
428	25    	3298.66	2933.2 	3865.44
429	25    	3298.66	2933.2 	3865.44
430	25    	3298.66	2933.2 	3865.44
431	25    	3302.55	2933.2 	3865.44
432	25    	3302.55	2933.2 	3865.44
433	25    	3302.55	2933.2 	3865.44
434	25    	3302.55	2933.2 	3865.44
435	25    	3302.55	2933.2 	3865.44
436	25    	3302.55	2933.2 	3865.44
437	25    	3302.55	2933.2 	3865.44
438	25    	3302.55	2933.2 	3865.44
439	25    	3302.55	2933.2 	3865.44
440	25    	3302.55	2933.2 	3865.44
441	25    	3302.55	2933.2 	3865.44
442	25    	3302.55	2933.2 	3865.44
443	25    	3302.55	2933.2 	3865.44
444	25    	3302.55	2933.2 	3865.44
445	25    	3302.55	2933.2 	3865.44
446	25    	3302.55	2933.2 	3865.44
447	25    	3302.55	2933.2 	3865.44
448	25    	3302.55	2933.2 	3865.44
449	25    	3302.55	2933.2 	3865.44
450	25    	3302.55	2933.2 	3865.44
451	25    	3302.55	2933.2 	3865.44
452	25    	3302.55	2933.2 	3865.44
453	25    	3302.55	2933.2 	3865.44
454	25    	3302.85	2933.2 	3865.44
455	25    	3302.85	2933.2 	3865.44
456	25    	3302.85	2933.2 	3865.44
457	25    	3302.85	2933.2 	3865.44
458	25    	3302.85	2933.2 	3865.44
459	25    	3302.85	2933.2 	3865.44
460	25    	3302.85	2933.2 	3865.44
461	25    	3302.85	2933.2 	3865.44
462	25    	3302.85	2933.2 	3865.44
463	25    	3302.85	2933.2 	3865.44
464	25    	3302.85	2933.2 	3865.44
465	25    	3302.85	2933.2 	3865.44
466	25    	3302.85	2933.2 	3865.44
467	25    	3302.85	2933.2 	3865.44
468	25    	3302.85	2933.2 	3865.44
469	25    	3302.85	2933.2 	3865.44
470	25    	3303.59	2933.2 	3865.44
471	25    	3309.19	2933.2 	3865.44
472	25    	3309.19	2933.2 	3865.44
473	25    	3309.19	2933.2 	3865.44
474	25    	3309.33	2933.2 	3865.44
475	25    	3309.33	2933.2 	3865.44
476	25    	3311   	2933.2 	3865.44
477	25    	3311   	2933.2 	3865.44
478	25    	3311   	2933.2 	3865.44
479	25    	3311   	2933.2 	3865.44
480	25    	3311   	2933.2 	3865.44
481	25    	3311   	2933.2 	3865.44
482	25    	3311   	2933.2 	3865.44
483	25    	3311   	2933.2 	3865.44
484	25    	3311   	2933.2 	3865.44
485	25    	3311   	2933.2 	3865.44
486	25    	3311   	2933.2 	3865.44
487	25    	3311   	2933.2 	3865.44
488	25    	3311   	2933.2 	3865.44
489	25    	3311   	2933.2 	3865.44
490	25    	3311   	2933.2 	3865.44
491	25    	3311   	2933.2 	3865.44
492	25    	3311   	2933.2 	3865.44
493	25    	3311   	2933.2 	3865.44
494	25    	3311   	2933.2 	3865.44
495	25    	3311   	2933.2 	3865.44
496	25    	3311   	2933.2 	3865.44
497	25    	3311   	2933.2 	3865.44
498	25    	3321.85	2933.2 	3865.44
499	25    	3327.58	2933.2 	3865.44
500	25    	3327.58	2933.2 	3865.44
501	25    	3327.58	2933.2 	3865.44
502	25    	3327.58	2933.2 	3865.44
503	25    	3328.87	2933.2 	3865.44
504	25    	3328.87	2933.2 	3865.44
505	25    	3328.87	2933.2 	3865.44
506	25    	3328.87	2933.2 	3865.44
507	25    	3328.87	2933.2 	3865.44
508	25    	3328.87	2933.2 	3865.44
509	25    	3328.87	2933.2 	3865.44
510	25    	3328.87	2933.2 	3865.44
511	25    	3328.87	2933.2 	3865.44
512	25    	3328.87	2933.2 	3865.44
513	25    	3328.87	2933.2 	3865.44
514	25    	3328.87	2933.2 	3865.44
515	25    	3328.87	2933.2 	3865.44
516	25    	3328.87	2933.2 	3865.44
517	25    	3328.87	2933.2 	3865.44
518	25    	3328.87	2933.2 	3865.44
519	25    	3328.87	2933.2 	3865.44
520	25    	3362.6 	2933.2 	3961.68
521	25    	3362.6 	2933.2 	3961.68
522	25    	3362.6 	2933.2 	3961.68
523	25    	3362.6 	2933.2 	3961.68
524	25    	3362.6 	2933.2 	3961.68
525	25    	3362.6 	2933.2 	3961.68
526	25    	3362.6 	2933.2 	3961.68
527	25    	3362.6 	2933.2 	3961.68
528	25    	3362.6 	2933.2 	3961.68
529	25    	3362.6 	2933.2 	3961.68
530	25    	3362.6 	2933.2 	3961.68
531	25    	3362.6 	2933.2 	3961.68
532	25    	3362.6 	2933.2 	3961.68
533	25    	3363.29	2933.2 	3961.68
534	25    	3365.8 	2933.2 	3961.68
535	25    	3365.8 	2933.2 	3961.68
536	25    	3365.8 	2933.2 	3961.68
537	25    	3365.8 	2933.2 	3961.68
538	25    	3365.8 	2933.2 	3961.68
539	25    	3365.8 	2933.2 	3961.68
540	25    	3365.8 	2933.2 	3961.68
541	25    	3365.8 	2933.2 	3961.68
542	25    	3366.07	2933.2 	3961.68
543	25    	3366.07	2933.2 	3961.68
544	25    	3366.07	2933.2 	3961.68
545	25    	3366.07	2933.2 	3961.68
546	25    	3366.07	2933.2 	3961.68
547	25    	3366.07	2933.2 	3961.68
548	25    	3366.07	2933.2 	3961.68
549	25    	3366.07	2933.2 	3961.68
550	25    	3366.07	2933.2 	3961.68
551	25    	3366.07	2933.2 	3961.68
552	25    	3366.07	2933.2 	3961.68
553	25    	3366.07	2933.2 	3961.68
554	25    	3366.07	2933.2 	3961.68
555	25    	3366.07	2933.2 	3961.68
556	25    	3366.07	2933.2 	3961.68
557	25    	3366.07	2933.2 	3961.68
558	25    	3366.07	2933.2 	3961.68
559	25    	3366.07	2933.2 	3961.68
560	25    	3366.07	2933.2 	3961.68
561	25    	3366.07	2933.2 	3961.68
562	25    	3366.07	2933.2 	3961.68
563	25    	3366.07	2933.2 	3961.68
564	25    	3366.07	2933.2 	3961.68
565	25    	3366.07	2933.2 	3961.68
566	25    	3366.07	2933.2 	3961.68
567	25    	3366.07	2933.2 	3961.68
568	25    	3366.07	2933.2 	3961.68
569	25    	3367.28	2963.28	3961.68
570	25    	3367.28	2963.28	3961.68
571	25    	3367.28	2963.28	3961.68
572	25    	3367.28	2963.28	3961.68
573	25    	3367.28	2963.28	3961.68
574	25    	3376.31	3029.52	3961.68
575	25    	3376.31	3029.52	3961.68
576	25    	3376.31	3029.52	3961.68
577	25    	3376.31	3029.52	3961.68
578	25    	3376.31	3029.52	3961.68
579	25    	3376.31	3029.52	3961.68
580	25    	3376.31	3029.52	3961.68
581	25    	3376.31	3029.52	3961.68
582	25    	3376.31	3029.52	3961.68
583	25    	3376.31	3029.52	3961.68
584	25    	3376.31	3029.52	3961.68
585	25    	3386.75	3029.52	3961.68
586	25    	3386.75	3029.52	3961.68
587	25    	3386.75	3029.52	3961.68
588	25    	3386.75	3029.52	3961.68
589	25    	3386.75	3029.52	3961.68
590	25    	3386.75	3029.52	3961.68
591	25    	3386.75	3029.52	3961.68
592	25    	3386.75	3029.52	3961.68
593	25    	3386.75	3029.52	3961.68
594	25    	3386.75	3029.52	3961.68
595	25    	3386.75	3029.52	3961.68
596	25    	3386.75	3029.52	3961.68
597	25    	3386.75	3029.52	3961.68
598	25    	3386.75	3029.52	3961.68
599	25    	3386.75	3029.52	3961.68
600	25    	3386.75	3029.52	3961.68