gen	nevals	avg      	min     	max    
0  	10    	-6.12151 	-7.62598	6.0188 
1  	10    	-6.07342 	-7.47095	6.30908
2  	10    	-6.07129 	-7.44971	6.30908
3  	10    	-6.07005 	-7.44971	6.30908
4  	10    	-5.38367 	-7.44971	6.30908
5  	10    	-5.19754 	-7.44971	6.30908
6  	10    	-4.40297 	-7.44971	10.7896
7  	10    	-3.71264 	-7.44971	10.7896
8  	10    	-2.16489 	-7.44971	10.7896
9  	10    	-2.08115 	-7.44971	10.7896
10 	10    	-0.854195	-7.44971	10.7896
11 	10    	-0.50588 	-7.44971	10.7896
12 	10    	-0.349898	-7.44971	10.7896
13 	10    	0.355277 	-7.44946	10.7896
14 	10    	0.374418 	-7.44946	10.7896
15 	10    	1.73892  	-7.44946	11.2424
16 	10    	8.01139  	-7.44946	51.3013
17 	10    	8.90802  	-7.44946	51.3013
18 	10    	9.94087  	-7.44946	51.3013
19 	10    	15.6317  	-7.44946	74.3562
20 	10    	16.17    	-3.99805	74.3562
21 	10    	16.4702  	-3.99805	74.3562
22 	10    	16.6186  	-3.99805	75.8401
23 	10    	16.7069  	-3.13354	75.8401
24 	10    	16.7069  	-3.13354	75.8401
25 	10    	19.1115  	-2.87256	75.8401
26 	10    	19.3525  	-2.87256	75.8401
27 	10    	21.0205  	-2.87256	75.8401
28 	10    	24.2978  	-2.87256	75.8401
29 	10    	26.7318  	-2.87256	75.8401
30 	10    	26.7318  	-2.87256	75.8401
31 	10    	26.8547  	-2.87256	75.8401
32 	10    	30.0709  	-1.84521	75.8401
33 	10    	31.1427  	8.84351 	75.8401
34 	10    	31.1427  	8.84351 	75.8401
35 	10    	31.4686  	8.87207 	75.8401
36 	10    	31.4686  	8.87207 	75.8401
37 	10    	32.1152  	10.2891 	75.8401
38 	10    	32.8591  	12.1025 	75.8401
39 	10    	58.7773  	13.7954 	248.372
40 	10    	67.4352  	21.0461 	248.372
41 	10    	67.4352  	21.0461 	248.372
42 	10    	67.5354  	21.0461 	248.372
43 	10    	68.3687  	24.2834 	248.372
44 	10    	80.4814  	24.2834 	248.372
45 	10    	80.4814  	24.2834 	248.372
46 	10    	80.4814  	24.2834 	248.372
47 	10    	92.0452  	29.7131 	248.372
48 	10    	92.0452  	29.7131 	248.372
49 	10    	92.0452  	29.7131 	248.372
50 	10    	92.0452  	29.7131 	248.372
51 	10    	92.0452  	29.7131 	248.372
52 	10    	92.0452  	29.7131 	248.372
53 	10    	92.0452  	29.7131 	248.372
54 	10    	92.0452  	29.7131 	248.372
55 	10    	92.0452  	29.7131 	248.372
56 	10    	92.0452  	29.7131 	248.372
57 	10    	92.0452  	29.7131 	248.372
58 	10    	92.0452  	29.7131 	248.372
59 	10    	92.0452  	29.7131 	248.372
60 	10    	92.0452  	29.7131 	248.372
61 	10    	92.0452  	29.7131 	248.372
62 	10    	92.0452  	29.7131 	248.372
63 	10    	94.2441  	33.5291 	248.372
64 	10    	94.2441  	33.5291 	248.372
65 	10    	99.4673  	40.6406 	248.372
66 	10    	99.4673  	40.6406 	248.372
67 	10    	103.075  	40.6406 	284.452
68 	10    	107.048  	40.6406 	284.452
69 	10    	107.048  	40.6406 	284.452
70 	10    	107.048  	40.6406 	284.452
71 	10    	107.048  	40.6406 	284.452
72 	10    	107.048  	40.6406 	284.452
73 	10    	107.048  	40.6406 	284.452
74 	10    	108.372  	44.2026 	284.452
75 	10    	108.372  	44.2026 	284.452
76 	10    	116.277  	44.2026 	284.452
77 	10    	116.277  	44.2026 	284.452
78 	10    	120.092  	44.2026 	284.452
79 	10    	120.092  	44.2026 	284.452
80 	10    	120.092  	44.2026 	284.452
81 	10    	120.092  	44.2026 	284.452
82 	10    	120.092  	44.2026 	284.452
83 	10    	120.092  	44.2026 	284.452
84 	10    	120.092  	44.2026 	284.452
85 	10    	120.092  	44.2026 	284.452
86 	10    	120.092  	44.2026 	284.452
87 	10    	120.092  	44.2026 	284.452
88 	10    	130.392  	51.7024 	284.452
89 	10    	133.347  	51.7024 	284.452
90 	10    	133.347  	51.7024 	284.452
91 	10    	133.347  	51.7024 	284.452
92 	10    	133.347  	51.7024 	284.452
93 	10    	133.347  	51.7024 	284.452
94 	10    	133.42   	51.7024 	285.184
95 	10    	133.42   	51.7024 	285.184
96 	10    	133.42   	51.7024 	285.184
97 	10    	152.228  	53.0361 	471.937
98 	10    	152.228  	53.0361 	471.937
99 	10    	152.228  	53.0361 	471.937
100	10    	152.228  	53.0361 	471.937
101	10    	152.228  	53.0361 	471.937
102	10    	152.228  	53.0361 	471.937
103	10    	152.228  	53.0361 	471.937
104	10    	152.228  	53.0361 	471.937
105	10    	152.228  	53.0361 	471.937
106	10    	152.228  	53.0361 	471.937
107	10    	175.271  	53.886  	471.937
108	10    	175.271  	53.886  	471.937
109	10    	175.271  	53.886  	471.937
110	10    	175.271  	53.886  	471.937
111	10    	189.753  	53.886  	471.937
112	10    	189.753  	53.886  	471.937
113	10    	189.753  	53.886  	471.937
114	10    	189.753  	53.886  	471.937
115	10    	189.753  	53.886  	471.937
116	10    	189.753  	53.886  	471.937
117	10    	214.875  	53.886  	534.688
118	10    	214.875  	53.886  	534.688
119	10    	214.875  	53.886  	534.688
120	10    	214.875  	53.886  	534.688
121	10    	214.875  	53.886  	534.688
122	10    	214.875  	53.886  	534.688
123	10    	214.875  	53.886  	534.688
124	10    	214.875  	53.886  	534.688
125	10    	214.875  	53.886  	534.688
126	10    	214.875  	53.886  	534.688
127	10    	214.875  	53.886  	534.688
128	10    	250.134  	53.886  	534.688
129	10    	250.134  	53.886  	534.688
130	10    	250.134  	53.886  	534.688
131	10    	250.134  	53.886  	534.688
132	10    	250.134  	53.886  	534.688
133	10    	250.134  	53.886  	534.688
134	10    	250.134  	53.886  	534.688
135	10    	250.134  	53.886  	534.688
136	10    	250.134  	53.886  	534.688
137	10    	250.134  	53.886  	534.688
138	10    	253.628  	53.886  	534.688
139	10    	253.628  	53.886  	534.688
140	10    	255.766  	53.886  	534.688
141	10    	255.766  	53.886  	534.688
142	10    	255.766  	53.886  	534.688
143	10    	255.766  	53.886  	534.688
144	10    	255.766  	53.886  	534.688
145	10    	255.766  	53.886  	534.688
146	10    	255.766  	53.886  	534.688
147	10    	255.766  	53.886  	534.688
148	10    	255.766  	53.886  	534.688
149	10    	255.766  	53.886  	534.688
150	10    	255.766  	53.886  	534.688
151	10    	255.766  	53.886  	534.688
152	10    	255.766  	53.886  	534.688
153	10    	255.766  	53.886  	534.688
154	10    	263.49   	53.886  	584.122
155	10    	263.49   	53.886  	584.122
156	10    	263.49   	53.886  	584.122
157	10    	263.49   	53.886  	584.122
158	10    	263.49   	53.886  	584.122
159	10    	263.49   	53.886  	584.122
160	10    	263.49   	53.886  	584.122
161	10    	263.49   	53.886  	584.122
162	10    	287.514  	53.886  	774.926
163	10    	287.514  	53.886  	774.926
164	10    	287.514  	53.886  	774.926
165	10    	287.514  	53.886  	774.926
166	10    	287.514  	53.886  	774.926
167	10    	287.514  	53.886  	774.926
168	10    	287.514  	53.886  	774.926
169	10    	287.514  	53.886  	774.926
170	10    	287.514  	53.886  	774.926
171	10    	287.514  	53.886  	774.926
172	10    	288.792  	66.6636 	774.926
173	10    	288.792  	66.6636 	774.926
174	10    	288.792  	66.6636 	774.926
175	10    	289.519  	66.6636 	782.195
176	10    	289.519  	66.6636 	782.195
177	10    	289.519  	66.6636 	782.195
178	10    	289.519  	66.6636 	782.195
179	10    	289.519  	66.6636 	782.195
180	10    	289.519  	66.6636 	782.195
181	10    	289.519  	66.6636 	782.195
182	10    	289.519  	66.6636 	782.195
183	10    	289.519  	66.6636 	782.195
184	10    	289.519  	66.6636 	782.195
185	10    	289.519  	66.6636 	782.195
186	10    	293.532  	66.6636 	822.329
187	10    	293.532  	66.6636 	822.329
188	10    	293.532  	66.6636 	822.329
189	10    	293.532  	66.6636 	822.329
190	10    	301.668  	66.6636 	822.329
191	10    	301.668  	66.6636 	822.329
192	10    	301.668  	66.6636 	822.329
193	10    	301.668  	66.6636 	822.329
194	10    	321.108  	66.6636 	822.329
195	10    	321.108  	66.6636 	822.329
196	10    	321.108  	66.6636 	822.329
197	10    	321.108  	66.6636 	822.329
198	10    	321.108  	66.6636 	822.329
199	10    	321.108  	66.6636 	822.329
200	10    	321.108  	66.6636 	822.329
201	10    	321.108  	66.6636 	822.329
202	10    	325.556  	97.0745 	822.329
203	10    	325.556  	97.0745 	822.329
204	10    	325.646  	97.0745 	822.329
205	10    	416.008  	97.0745 	1488.87
206	10    	416.008  	97.0745 	1488.87
207	10    	416.008  	97.0745 	1488.87
208	10    	416.008  	97.0745 	1488.87
209	10    	416.008  	97.0745 	1488.87
210	10    	416.008  	97.0745 	1488.87
211	10    	416.008  	97.0745 	1488.87
212	10    	416.008  	97.0745 	1488.87
213	10    	416.008  	97.0745 	1488.87
214	10    	416.008  	97.0745 	1488.87
215	10    	416.008  	97.0745 	1488.87
216	10    	416.008  	97.0745 	1488.87
217	10    	416.008  	97.0745 	1488.87
218	10    	416.008  	97.0745 	1488.87
219	10    	416.008  	97.0745 	1488.87
220	10    	416.008  	97.0745 	1488.87
221	10    	416.008  	97.0745 	1488.87
222	10    	416.008  	97.0745 	1488.87
223	10    	416.008  	97.0745 	1488.87
224	10    	416.008  	97.0745 	1488.87
225	10    	416.008  	97.0745 	1488.87
226	10    	416.008  	97.0745 	1488.87
227	10    	416.008  	97.0745 	1488.87
228	10    	416.008  	97.0745 	1488.87
229	10    	416.008  	97.0745 	1488.87
230	10    	416.008  	97.0745 	1488.87
231	10    	416.008  	97.0745 	1488.87
232	10    	416.008  	97.0745 	1488.87
233	10    	416.008  	97.0745 	1488.87
234	10    	416.008  	97.0745 	1488.87
235	10    	416.008  	97.0745 	1488.87
236	10    	416.008  	97.0745 	1488.87
237	10    	416.008  	97.0745 	1488.87
238	10    	416.008  	97.0745 	1488.87
239	10    	416.008  	97.0745 	1488.87
240	10    	423.118  	97.0745 	1488.87
241	10    	423.118  	97.0745 	1488.87
242	10    	423.118  	97.0745 	1488.87
243	10    	423.118  	97.0745 	1488.87
244	10    	423.118  	97.0745 	1488.87
245	10    	423.118  	97.0745 	1488.87
246	10    	423.118  	97.0745 	1488.87
247	10    	423.118  	97.0745 	1488.87
248	10    	423.118  	97.0745 	1488.87
249	10    	424.669  	105.401 	1488.87
250	10    	424.669  	105.401 	1488.87
251	10    	424.669  	105.401 	1488.87
252	10    	424.669  	105.401 	1488.87
253	10    	424.669  	105.401 	1488.87
254	10    	424.669  	105.401 	1488.87
255	10    	424.669  	105.401 	1488.87
256	10    	424.669  	105.401 	1488.87
257	10    	442.543  	105.401 	1488.87
258	10    	442.543  	105.401 	1488.87
259	10    	442.543  	105.401 	1488.87
260	10    	442.543  	105.401 	1488.87
261	10    	442.543  	105.401 	1488.87
262	10    	442.543  	105.401 	1488.87
263	10    	442.543  	105.401 	1488.87
264	10    	442.543  	105.401 	1488.87
265	10    	442.543  	105.401 	1488.87
266	10    	442.543  	105.401 	1488.87
267	10    	442.543  	105.401 	1488.87
268	10    	442.543  	105.401 	1488.87
269	10    	442.543  	105.401 	1488.87
270	10    	442.543  	105.401 	1488.87
271	10    	442.543  	105.401 	1488.87
272	10    	460.449  	111.151 	1488.87
273	10    	460.449  	111.151 	1488.87
274	10    	520.519  	111.151 	1488.87
275	10    	531.583  	111.151 	1488.87
276	10    	531.583  	111.151 	1488.87
277	10    	531.583  	111.151 	1488.87
278	10    	531.583  	111.151 	1488.87
279	10    	531.583  	111.151 	1488.87
280	10    	531.583  	111.151 	1488.87
281	10    	531.583  	111.151 	1488.87
282	10    	531.583  	111.151 	1488.87
283	10    	531.583  	111.151 	1488.87
284	10    	531.583  	111.151 	1488.87
285	10    	531.583  	111.151 	1488.87
286	10    	531.583  	111.151 	1488.87
287	10    	531.583  	111.151 	1488.87
288	10    	531.583  	111.151 	1488.87
289	10    	531.583  	111.151 	1488.87
290	10    	531.583  	111.151 	1488.87
291	10    	531.583  	111.151 	1488.87
292	10    	531.583  	111.151 	1488.87
293	10    	531.583  	111.151 	1488.87
294	10    	531.583  	111.151 	1488.87
295	10    	533.08   	111.151 	1488.87
296	10    	533.08   	111.151 	1488.87
297	10    	533.08   	111.151 	1488.87
298	10    	533.08   	111.151 	1488.87
299	10    	533.08   	111.151 	1488.87
300	10    	556.065  	111.151 	1488.87
301	10    	556.065  	111.151 	1488.87
302	10    	556.065  	111.151 	1488.87
303	10    	556.065  	111.151 	1488.87
304	10    	556.065  	111.151 	1488.87
305	10    	556.065  	111.151 	1488.87
306	10    	556.065  	111.151 	1488.87
307	10    	556.065  	111.151 	1488.87
308	10    	556.065  	111.151 	1488.87
309	10    	556.065  	111.151 	1488.87
310	10    	556.065  	111.151 	1488.87
311	10    	556.065  	111.151 	1488.87
312	10    	556.065  	111.151 	1488.87
313	10    	556.065  	111.151 	1488.87
314	10    	556.065  	111.151 	1488.87
315	10    	556.065  	111.151 	1488.87
316	10    	556.065  	111.151 	1488.87
317	10    	556.065  	111.151 	1488.87
318	10    	556.065  	111.151 	1488.87
319	10    	556.065  	111.151 	1488.87
320	10    	556.065  	111.151 	1488.87
321	10    	556.065  	111.151 	1488.87
322	10    	556.065  	111.151 	1488.87
323	10    	556.065  	111.151 	1488.87
324	10    	556.065  	111.151 	1488.87
325	10    	556.065  	111.151 	1488.87
326	10    	556.065  	111.151 	1488.87
327	10    	556.065  	111.151 	1488.87
328	10    	556.065  	111.151 	1488.87
329	10    	556.065  	111.151 	1488.87
330	10    	556.065  	111.151 	1488.87
331	10    	556.065  	111.151 	1488.87
332	10    	556.065  	111.151 	1488.87
333	10    	556.065  	111.151 	1488.87
334	10    	556.065  	111.151 	1488.87
335	10    	594.33   	111.151 	1561.91
336	10    	598.363  	111.151 	1561.91
337	10    	598.363  	111.151 	1561.91
338	10    	696.982  	111.151 	1561.91
339	10    	696.982  	111.151 	1561.91
340	10    	696.982  	111.151 	1561.91
341	10    	696.982  	111.151 	1561.91
342	10    	696.982  	111.151 	1561.91
343	10    	696.982  	111.151 	1561.91
344	10    	696.982  	111.151 	1561.91
345	10    	696.982  	111.151 	1561.91
346	10    	700.731  	111.151 	1561.91
347	10    	700.731  	111.151 	1561.91
348	10    	700.731  	111.151 	1561.91
349	10    	700.731  	111.151 	1561.91
350	10    	700.731  	111.151 	1561.91