gen 	nevals	avg    	min   	max   
0   	50    	2099.32	586.4 	3519.6
1   	50    	2398.47	640.4 	3282  
2   	50    	2539.12	1714  	3306  
3   	50    	2438.02	632.8 	3345.2
4   	50    	2526.45	753.6 	3436.8
5   	50    	2387.23	552   	3945.2
6   	50    	2464.91	638.8 	3768  
7   	50    	2416.47	704   	3460.4
8   	50    	2606.1 	1808  	3339.6
9   	50    	2462.86	549.6 	3305.6
10  	50    	2504.34	1742  	3336.8
11  	50    	2553.67	626.4 	3923.6
12  	50    	2552.13	659.6 	3865.2
13  	50    	2552.13	786.4 	3378  
14  	50    	2536.48	1691.2	3460  
15  	50    	2445.75	486.4 	3361.2
16  	50    	2354.78	618   	3706  
17  	50    	2378.39	606.8 	3504  
18  	50    	2533.77	1549.6	3359.6
19  	50    	2465.56	674   	3510.8
20  	50    	2537.2 	1571.6	3403.2
21  	50    	2619.66	1516  	3820  
22  	50    	2540.15	1506  	3554.8
23  	50    	2516.5 	1609.2	3755.6
24  	50    	2529   	1696.4	3520.8
25  	50    	2458.4 	486   	3383.6
26  	50    	2479.72	773.6 	4038  
27  	50    	2593.02	765.2 	3923.6
28  	50    	2553.1 	1855.2	3615.2
29  	50    	2534.62	1684.8	3471.2
30  	50    	2609.09	1972.4	3533.2
31  	50    	2496.14	767.6 	3541.2
32  	50    	2505.82	1875.2	3521.6
33  	50    	2526.53	1868  	3455.2
34  	50    	2502.74	1659.2	3944  
35  	50    	2510.83	1408  	3901.2
36  	50    	2523.22	1052  	3317.2
37  	50    	2514.15	635.6 	3760.4
38  	50    	2518.94	478.8 	3499.6
39  	50    	2581.22	1825.6	3219.6
40  	50    	2576.96	1801.6	3723.2
41  	50    	2569.91	1706.4	3535.6
42  	50    	2448.94	1601.2	3462.4
43  	50    	2640.67	1822.4	3548  
44  	50    	2577.18	1556.4	3470.4
45  	50    	2565.95	1724.4	3630.8
46  	50    	2485.2 	1742  	3581.6
47  	50    	2548.49	1730  	3378.4
48  	50    	2625.64	1738.4	3633.2
49  	50    	2610.63	1698.4	3508.8
50  	50    	2604.54	1918.4	3661.2
51  	50    	2744.02	1674.4	3483.6
52  	50    	2625.36	1652.8	3608  
53  	50    	2591.03	1621.6	4275.6
54  	50    	2699.23	1874.4	4113.6
55  	50    	2707.87	1732.4	3963.6
56  	50    	2784.74	1552  	4099.2
57  	50    	2760.5 	1973.6	3519.6
58  	50    	2804.02	1763.6	4064.4
59  	50    	2878.74	1862.8	4144.8
60  	50    	2879.78	1863.6	4022.8
61  	50    	2696.26	1731.2	3761.2
62  	50    	2842.91	1972.4	4270  
63  	50    	2778.35	1782.8	3510.4
64  	50    	2797.82	1674.8	3842.8
65  	50    	2846.64	1768.8	3795.2
66  	50    	2854.9 	976.4 	3877.2
67  	50    	2827.58	1622.8	4086.4
68  	50    	2774.43	1983.2	3520.4
69  	50    	3030.26	1919.6	4499.6
70  	50    	2910.26	1950  	3502.4
71  	50    	2794.77	1950  	4619.2
72  	50    	2823.62	1976.4	3616  
73  	50    	2879.32	1684  	3927.6
74  	50    	2906.25	2125.6	3954.8
75  	50    	2919.23	2122.8	3729.2
76  	50    	2922.78	940   	4109.6
77  	50    	2942.86	1889.6	5030.4
78  	50    	2810.22	1910.4	4266.8
79  	50    	2955.65	1677.2	4061.6
80  	50    	2877.1 	1529.2	4008  
81  	50    	2882   	1949.2	3951.2
82  	50    	2812.21	1817.6	3871.2
83  	50    	2803.67	2032  	4102.4
84  	50    	2998.28	1812  	4276  
85  	50    	2967.31	1924  	3934.4
86  	50    	2854.18	2061.2	4268.4
87  	50    	2647.97	1141.2	3728.8
88  	50    	2853.22	1556.4	3781.2
89  	50    	2925.66	1931.6	4177.2
90  	50    	2968.96	2072.8	4271.2
91  	50    	2798.79	1403.2	3621.2
92  	50    	2902.8 	1814  	4247.6
93  	50    	2843.5 	2033.2	4624.4
94  	50    	3026.39	2020.4	4336  
95  	50    	2787.8 	2033.2	4194.8
96  	50    	2863.7 	1806.4	4252.8
97  	50    	2739.66	1928  	3927.2
98  	50    	2708.14	1823.6	3973.2
99  	50    	2814.59	791.2 	4594.4
100 	50    	2911.46	2084.4	4259.6
101 	50    	2929.05	2045.2	4291.6
102 	50    	2874.69	1820  	4318.8
103 	50    	2850.88	2054.8	3799.6
104 	50    	2904.46	1966.4	4069.2
105 	50    	2860.89	1986.8	4306  
106 	50    	2901.22	2116.8	4042.4
107 	50    	2763.52	1959.6	4071.6
108 	50    	2762.1 	1722  	3901.2
109 	50    	2933.35	755.2 	3993.6
110 	50    	2894.03	617.2 	4039.6
111 	50    	2812.61	2044.8	3801.6
112 	50    	2920.15	2120.8	4266.8
113 	50    	2852.74	1259.2	3904.8
114 	50    	2858.09	1981.2	3946  
115 	50    	2806.21	2000.4	4261.2
116 	50    	2955.06	2245.6	4012  
117 	50    	2954.89	2056.4	3810.8
118 	50    	2930.5 	1888.8	4194  
119 	50    	2950.76	1888.8	3930.4
120 	50    	2968.13	2124  	3780.8
121 	50    	2938.03	2004.8	3947.2
122 	50    	2847.82	1730.8	4385.2
123 	50    	2969.74	2186.4	3922.8
124 	50    	2915.54	1999.6	4474.8
125 	50    	2875.11	1786.4	4279.2
126 	50    	2978.78	1805.2	4258.4
127 	50    	2923.7 	1966.4	4156  
128 	50    	2866.22	1986.8	3911.2
129 	50    	2786.08	740   	3856.4
130 	50    	2950.27	1803.6	4796.8
131 	50    	2779.01	1840.4	3796.8
132 	50    	2875.3 	1870.4	3896.8
133 	50    	2836.86	634.8 	4107.6
134 	50    	2842.88	1686  	4187.6
135 	50    	2806.53	2104.8	3734  
136 	50    	2784.57	1860.8	3849.6
137 	50    	2753.38	1960.4	4002  
138 	50    	2694.38	1200.8	3805.6
139 	50    	2794.62	1575.2	3920  
140 	50    	2822.37	2006.4	4236.8
141 	50    	2880.74	1668  	4231.6
142 	50    	2799.26	1922.4	3778.4
143 	50    	2980.76	1780.8	3844  
144 	50    	2819.86	1863.6	3943.6
145 	50    	2846.06	1792.8	3658.8
146 	50    	2902.27	1817.2	3977.6
147 	50    	2914.74	1866  	4738  
148 	50    	2933.36	2143.6	3757.6
149 	50    	2797.38	1568.4	4346.4
150 	50    	2916.66	1667.6	4252  
151 	50    	2830.94	1902  	4378  
152 	50    	2996.26	1794  	4170  
153 	50    	2875.08	1913.2	4182.4
154 	50    	2920.86	1893.6	4037.2
155 	50    	2803.42	1816  	3934.8
156 	50    	2788.87	1623.6	3993.2
157 	50    	2842.59	1527.2	3865.2
158 	50    	2773.59	1758.4	3940.4
159 	50    	2951.58	1709.2	4252  
160 	50    	2836.94	1877.6	3752.8
161 	50    	2836.53	1814.4	3860.8
162 	50    	2990.45	1932  	4494  
163 	50    	2810.38	1540.8	3734  
164 	50    	2905.59	2145.6	3876  
165 	50    	2784.95	809.6 	3984.8
166 	50    	2831.58	1620.4	4092.8
167 	50    	2949.77	2156.8	3824.4
168 	50    	2829.36	2043.2	3958  
169 	50    	2864.5 	1932  	4474.8
170 	50    	2733.69	810.8 	3925.2
171 	50    	2925.98	730.4 	4208.8
172 	50    	2939.06	1767.2	4093.2
173 	50    	2813.02	1558.4	3749.2
174 	50    	2879.34	1528.8	4000  
175 	50    	2732.71	498.4 	4118.8
176 	50    	2928.11	1976.8	4088  
177 	50    	2919.4 	2062  	4042  
178 	50    	2834.54	1590  	3796  
179 	50    	2878.12	2222.8	3774  
180 	50    	2910.89	2056.8	4122  
181 	50    	2863.63	1929.2	3787.6
182 	50    	2811.88	1739.2	4066  
183 	50    	2933.59	1847.2	3996.4
184 	50    	2947.76	758.4 	4498.4
185 	50    	2945.88	2136  	4350.8
186 	50    	2876.76	2001.2	4129.6
187 	50    	2812.86	2088.8	3806.8
188 	50    	2941.97	1891.6	4148  
189 	50    	2894.21	1908  	4225.6
190 	50    	2882.18	956.8 	3650.4
191 	50    	3032.01	1680.4	4362.8
192 	50    	2903.26	2012.4	3789.6
193 	50    	2892.04	2004.8	3949.2
194 	50    	2919.83	2108.8	4094  
195 	50    	2979.55	2008  	4454  
196 	50    	2945.13	1948  	4403.6
197 	50    	2933.29	1981.6	3656.8
198 	50    	2865.86	1948  	4109.6
199 	50    	3125.42	1951.2	4522.8
200 	50    	2970.04	2010.4	3895.2
201 	50    	2890.45	1781.2	3827.2
202 	50    	2853.04	1833.6	5044.4
203 	50    	2874.81	1878.8	4164.4
204 	50    	2941.14	1635.2	5273.6
205 	50    	3002.28	2144.4	4051.2
206 	50    	2894.83	2080  	4339.6
207 	50    	2810.21	1929.2	3679.6
208 	50    	2854.62	1539.2	4141.2
209 	50    	2895.53	2050.8	4106.8
210 	50    	2965.58	1709.2	4169.6
211 	50    	2874.72	2173.2	3772.4
212 	50    	2946.3 	2026.4	4022.8
213 	50    	2902.35	1804.8	3744.8
214 	50    	3012.26	2242  	4022.4
215 	50    	3021.11	2066.8	3999.6
216 	50    	3012.94	2050.8	3868.8
217 	50    	2989.46	2043.6	4112.4
218 	50    	2906.93	2122.8	3969.6
219 	50    	2835.41	2200  	3728.4
220 	50    	2879.83	1922  	4002.8
221 	50    	2921.47	2018  	4015.2
222 	50    	2975.06	2180  	4088.8
223 	50    	2932.74	2050  	3973.6
224 	50    	2834.22	1343.6	4080  
225 	50    	2979.01	772.4 	4150  
226 	50    	2959.14	2000  	4743.2
227 	50    	3081.72	1808.8	4431.2
228 	50    	3014.74	2229.6	4088  
229 	50    	2997.32	1773.6	4090.4
230 	50    	2920.05	2010.8	3921.6
231 	50    	3060.66	1972  	4384.8
232 	50    	2792.18	1108  	3970.4
233 	50    	2910.7 	2078.8	4171.2
234 	50    	3063.5 	2096  	4198.8
235 	50    	2977.29	1735.6	4397.2
236 	50    	2912.38	2022.8	4069.6
237 	50    	2958.76	2062.8	3935.2
238 	50    	2998.43	1890.8	4792.8
239 	50    	2925.04	1789.6	4147.2
240 	50    	2889.74	1995.2	3879.6
241 	50    	3053.86	2209.6	4421.2
242 	50    	2889.39	824   	3963.2
243 	50    	2937.06	1823.2	4607.6
244 	50    	2941.96	1890.4	4167.2
245 	50    	2934.42	1877.6	4126.8
246 	50    	2811.67	1998.8	3817.2
247 	50    	2865.4 	1614.4	4225.2
248 	50    	2894.29	1894.8	4090.4
249 	50    	2872.22	1857.6	3857.2
250 	50    	2857.08	918.4 	3954.4
251 	50    	2875.03	1570.4	4290  
252 	50    	2778.66	651.6 	3941.6
253 	50    	2915.37	1395.2	4226.8
254 	50    	2869.59	2104.8	4070  
255 	50    	2931.96	1891.2	4565.6
256 	50    	2975.46	1908  	4108.8
257 	50    	2754.42	1732.4	3840.4
258 	50    	2838.06	2087.2	4567.2
259 	50    	3006.03	2000  	4203.2
260 	50    	2920.59	845.2 	4989.2
261 	50    	3030.18	793.2 	4568.8
262 	50    	2860.06	1215.2	4078.4
263 	50    	2814.56	851.2 	4584  
264 	50    	2835.19	1749.2	4000  
265 	50    	2862.82	1898.8	4330.8
266 	50    	2891.78	2046.4	3918.8
267 	50    	2879.14	1849.2	4121.6
268 	50    	2897.61	1850.4	3763.2
269 	50    	2786.84	1765.6	3862.8
270 	50    	2839.38	768.8 	4193.2
271 	50    	2774.57	832.4 	3905.6
272 	50    	2906.42	1889.6	3787.2
273 	50    	2935.31	1024.4	4043.6
274 	50    	2770.2 	728.4 	4142.8
275 	50    	2955.84	1795.6	4141.6
276 	50    	2873.69	828   	4371.2
277 	50    	2906.9 	1668.8	4077.6
278 	50    	3013.6 	1980.8	4228.4
279 	50    	2960.34	1665.6	4694.4
280 	50    	3035.7 	1768.4	4387.6
281 	50    	2898.5 	1762.8	4291.2
282 	50    	2767.53	650   	3987.2
283 	50    	2842.66	596   	4047.6
284 	50    	2922.18	1626.4	4381.2
285 	50    	3029.23	1730.8	4649.2
286 	50    	2900.78	1938.4	3899.2
287 	50    	2956.5 	1986.4	4115.6
288 	50    	2946.3 	678.8 	4493.2
289 	50    	3086.1 	1733.2	5032.8
290 	50    	2939.74	1948.4	4253.6
291 	50    	2981.12	2074.8	4224.4
292 	50    	2921.68	851.6 	4307.6
293 	50    	2882.84	960.8 	4350  
294 	50    	2764.09	717.2 	4362  
295 	50    	2752.14	746   	3781.2
296 	50    	2862.3 	766   	4507.2
297 	50    	2998.01	1673.6	4050.4
298 	50    	2917.53	1955.6	4081.6
299 	50    	2885.2 	644   	4577.2
300 	50    	2946.27	1844.8	4184  
301 	50    	2918.51	1940.4	4323.2
302 	50    	2851.25	850.4 	4499.2
303 	50    	2965.26	1731.6	4289.2
304 	50    	2892.93	2037.6	3981.6
305 	50    	2968.31	1685.2	4443.6
306 	50    	2919.55	674.4 	4229.6
307 	50    	2950.84	1792  	3942  
308 	50    	3091.22	1910  	4266.4
309 	50    	3033.05	2004.8	3831.6
310 	50    	2875.7 	682   	4172  
311 	50    	2919.28	1962  	4329.6
312 	50    	2950.61	2110  	4129.2
313 	50    	2904.8 	2061.6	3844.8
314 	50    	2963.82	1890.8	4004.8
315 	50    	2863.46	1011.6	4494  
316 	50    	2905.92	972   	4122.8
317 	50    	3032.33	2122.4	4046  
318 	50    	2871.81	1793.6	3964.8
319 	50    	2957.41	733.6 	4794  
320 	50    	2861.71	1852.4	3820  
321 	50    	2963.95	2034  	4016.8
322 	50    	2859.23	1303.6	4280.8
323 	50    	2860.22	804   	4172.8
324 	50    	2984.71	1756  	4388.8
325 	50    	2897.5 	1575.2	4432.8
326 	50    	2953.26	1853.6	4162.8
327 	50    	2997.22	2117.2	4632.8
328 	50    	2935.52	1760.8	4098.4
329 	50    	2976.36	1939.6	4383.2
330 	50    	2817.81	1630  	4000.8
331 	50    	2881.63	1936.8	4182  
332 	50    	2906.95	2153.2	4297.2
333 	50    	2937.54	1640.4	4216.8
334 	50    	2853.54	1674.4	4532  
335 	50    	2971.28	1589.6	4415.2
336 	50    	3008.7 	2117.2	4444.8
337 	50    	2803.42	651.2 	4011.2
338 	50    	3011.18	1529.2	4637.6
339 	50    	2934.34	1803.6	4450.8
340 	50    	2927.98	2066  	4562  
341 	50    	2889.72	1971.2	4368  
342 	50    	2791.77	869.2 	3908.4
343 	50    	2897.63	1940.4	4056  
344 	50    	2929.66	1749.6	3962  
345 	50    	3021.42	1920.4	4115.2
346 	50    	2904.62	1768  	3924  
347 	50    	2901.14	1861.6	3936.8
348 	50    	3011.6 	1982.4	4119.6
349 	50    	2942.34	873.6 	4288.4
350 	50    	2935.36	2016.8	4282.4
351 	50    	3025.78	2209.6	4203.6
352 	50    	2892.87	602.4 	4118  
353 	50    	2940.16	1756.8	3772.4
354 	50    	2874.68	1515.6	3845.6
355 	50    	2880.93	677.6 	4444  
356 	50    	2996.27	2034.8	4366.8
357 	50    	2901.36	764.4 	3836.8
358 	50    	3011.73	827.2 	4591.6
359 	50    	2836.02	632.8 	3970.8
360 	50    	2860.67	1000  	3892.4
361 	50    	2859.66	680.4 	3891.6
362 	50    	3033.91	1828.8	3972.8
363 	50    	2940.64	2182  	4694.8
364 	50    	2975.14	1729.6	4210  
365 	50    	2986.46	1662.4	3954.8
366 	50    	2871.76	1929.6	4233.6
367 	50    	2914.16	2111.6	4116  
368 	50    	2909.98	1818.4	4538  
369 	50    	3046.23	940.8 	4510.8
370 	50    	2921.62	699.6 	4342  
371 	50    	2915.03	2091.2	4307.6
372 	50    	3083.42	2077.6	4125.6
373 	50    	3001.14	1677.2	4111.2
374 	50    	3002.86	1793.6	4562  
375 	50    	2922.5 	1993.6	4426.8
376 	50    	2963.94	768.8 	4502  
377 	50    	2880.35	1137.2	4322  
378 	50    	2920.86	1744  	3964.8
379 	50    	3013.89	1790.4	4110.8
380 	50    	2966.66	1272.4	4298.4
381 	50    	3007.53	1718  	4023.6
382 	50    	3077.62	1922.4	4706.4
383 	50    	3028.76	2033.6	4245.6
384 	50    	2980.76	1785.6	4520  
385 	50    	2872.5 	1046.8	4658.8
386 	50    	2907.08	752   	3980.8
387 	50    	2877.5 	1943.6	3839.2
388 	50    	2927.6 	766.8 	4334  
389 	50    	2882.99	1666  	3842.8
390 	50    	2969.3 	1472.4	4147.6
391 	50    	2920.74	1194  	3866  
392 	50    	2884.14	887.6 	4406.4
393 	50    	2874.86	1802.4	3869.2
394 	50    	2992.1 	657.6 	3994.8
395 	50    	2924.07	849.2 	4247.6
396 	50    	2910.89	1853.2	3952.8
397 	50    	2965.34	1856.4	4226.4
398 	50    	3000.29	1728.4	4813.6
399 	50    	3012.82	650.4 	4544  
400 	50    	2957.3 	1880  	4012  
401 	50    	3019.99	876.8 	4139.2
402 	50    	2708.14	715.6 	3876  
403 	50    	2867.5 	1839.6	4792.4
404 	50    	3045.36	2092.8	4568.8
405 	50    	2824.82	736.4 	4163.2
406 	50    	2892.44	1238.8	4157.2
407 	50    	2990.7 	1554  	4867.2
408 	50    	2932.22	605.2 	4527.2
409 	50    	2950.31	2086  	4118  
410 	50    	3012.6 	2080.4	3989.2
411 	50    	2880.81	567.6 	3980.8
412 	50    	2897.25	921.2 	4827.2
413 	50    	3131.52	636.8 	4312.4
414 	50    	2822.58	740.8 	4242  
415 	50    	2950.09	1874.4	4062.4
416 	50    	2946.62	1775.6	5105.6
417 	50    	2899.71	545.6 	4167.6
418 	50    	2834.9 	2013.6	4164.8
419 	50    	3096.77	1959.2	4150  
420 	50    	3073.17	625.2 	4626.4
421 	50    	2965.21	688.4 	4232.4
422 	50    	2976.42	1920  	4713.2
423 	50    	2960.38	1825.6	4110  
424 	50    	3039.2 	1269.2	4206.8
425 	50    	2887.67	596.8 	4574  
426 	50    	3019.33	1839.6	4097.6
427 	50    	3002.62	1818  	4033.2
428 	50    	2852.83	967.2 	4183.6
429 	50    	2825.54	1590  	4311.2
430 	50    	2761.19	1745.2	4271.6
431 	50    	2894.83	1781.2	4308.8
432 	50    	2893.1 	1705.6	4861.6
433 	50    	2934.55	1755.6	4164.4
434 	50    	2859.64	1964.4	4167.6
435 	50    	2925.01	698.4 	4614  
436 	50    	2945.38	1767.2	4406  
437 	50    	2976.91	1863.6	4420.4
438 	50    	2907.47	702.4 	3872  
439 	50    	2875.58	1132  	4238.4
440 	50    	3035.62	1810.8	4566.4
441 	50    	2906.56	803.2 	4168.8
442 	50    	2896.08	1450.4	4713.2
443 	50    	2978.73	852   	4434.8
444 	50    	2992.21	2020.8	4211.2
445 	50    	3038.7 	2127.2	4249.2
446 	50    	2920.46	1578.4	3980.8
447 	50    	3016.66	2276.8	4230.4
448 	50    	2853.15	778.4 	4352  
449 	50    	2987.38	1159.6	4112.8
450 	50    	3029.37	2112.8	4095.6
451 	50    	2853.45	551.6 	4191.2
452 	50    	2920.02	1024  	3962  
453 	50    	2886.95	451.2 	4259.2
454 	50    	2967.26	729.2 	4613.2
455 	50    	2874.96	882.8 	4380.8
456 	50    	2926.87	1586.8	3941.2
457 	50    	2953.38	1838  	3831.2
458 	50    	2938.73	1388.8	4292  
459 	50    	2798.25	734.4 	3939.2
460 	50    	2842.44	1572  	4660.4
461 	50    	2953.41	1653.6	4339.2
462 	50    	2860.3 	1788  	4148.4
463 	50    	2789.9 	788.4 	3896.4
464 	50    	2970.8 	1868.4	4364.4
465 	50    	2826.5 	1851.6	4663.2
466 	50    	2840.47	1657.2	4198.8
467 	50    	2952.44	2020  	4040.4
468 	50    	2817.64	1136.4	4252  
469 	50    	2974.38	633.6 	4262.8
470 	50    	2959.59	2107.2	4203.6
471 	50    	2945.41	1972.4	4013.2
472 	50    	2963.04	2116.4	3954.4
473 	50    	2985.66	2076  	4068.4
474 	50    	2931.78	1700  	4054.4
475 	50    	2997.12	1995.2	3879.2
476 	50    	3090.77	2302  	4236  
477 	50    	2916.9 	845.6 	4311.2
478 	50    	2905.38	1962.8	3986.4
479 	50    	2819.41	1579.2	4559.6
480 	50    	2870.88	1823.6	3975.2
481 	50    	2983.62	1887.6	3960.4
482 	50    	3014.69	2053.2	4583.6
483 	50    	2937.8 	1743.6	4167.6
484 	50    	3019.9 	2029.2	4228.8
485 	50    	3061.48	1702  	4512  
486 	50    	2884.63	1450.8	3884.4
487 	50    	2952.99	1735.2	4140  
488 	50    	2842.19	1053.2	4245.2
489 	50    	3024.73	1884  	4499.2
490 	50    	2944.87	1814  	3942  
491 	50    	2814.82	598.8 	3751.2
492 	50    	2906.99	651.6 	4055.6
493 	50    	3079.17	1880.8	4822  
494 	50    	2898.27	2052  	4014  
495 	50    	2861.12	1564.8	4818.8
496 	50    	3195.75	1608.4	4635.6
497 	50    	2953.5 	2022.8	4189.6
498 	50    	2927.39	1654  	4327.2
499 	50    	2888.49	594   	4080.4
500 	50    	3130.13	1785.6	4090.8
501 	50    	2884.22	707.2 	4307.2
502 	50    	2971.31	1601.2	4357.6
503 	50    	2723.41	825.2 	3701.6
504 	50    	2962.41	1969.2	3837.6
505 	50    	2846.69	740   	3751.6
506 	50    	2874.14	1845.2	3969.2
507 	50    	2834.63	1576.8	4630  
508 	50    	2841.71	1231.6	4004.4
509 	50    	2908.34	1688.4	4085.6
510 	50    	2769.76	1610  	3839.6
511 	50    	2849.36	1055.6	4796  
512 	50    	2879.69	1936  	4129.2
513 	50    	2850.17	857.2 	3707.6
514 	50    	3005.41	1982  	5010.8
515 	50    	3021.24	826.4 	3976.8
516 	50    	3008.22	1638.4	4232.4
517 	50    	2946.8 	1630.8	3920.4
518 	50    	3068.49	2049.2	4000  
519 	50    	2890.04	689.6 	4022  
520 	50    	2875.98	900.8 	4176  
521 	50    	3071.54	2141.6	5050  
522 	50    	2994.78	1356  	4420  
523 	50    	2936.46	2161.6	4155.6
524 	50    	3001.34	1914  	4767.2
525 	50    	3088.13	2291.6	4626.8
526 	50    	2987.38	2055.6	4360.4
527 	50    	2791.1 	1020.4	4082.4
528 	50    	2868.07	561.2 	4476.8
529 	50    	2869.38	855.6 	4110.4
530 	50    	2879.99	1303.6	4221.6
531 	50    	2898.63	1681.2	4446  
532 	50    	3052.12	1931.6	5001.2
533 	50    	3005.76	754.4 	4550.4
534 	50    	2932.72	2006.8	3925.2
535 	50    	3029.82	2022.4	3881.2
536 	50    	3016.07	1836.4	4088.4
537 	50    	3006.34	1842.4	4389.2
538 	50    	2955.62	1611.6	4122  
539 	50    	2861.58	1575.2	3966.4
540 	50    	2861.8 	914.8 	3923.6
541 	50    	2744.58	752.8 	3894.8
542 	50    	3075.72	1911.6	4132.4
543 	50    	2826.03	1976.4	3808  
544 	50    	2861.68	986.8 	4164  
545 	50    	2957.3 	998.4 	4305.6
546 	50    	2901.24	592.8 	4262.4
547 	50    	2891.37	1973.2	3966  
548 	50    	2918   	1969.6	4409.6
549 	50    	2941.04	831.6 	4170.4
550 	50    	2983.65	1931.2	4776.4
551 	50    	2816.97	760.8 	4779.2
552 	50    	2862.63	1899.2	3912.8
553 	50    	2794.42	1654.8	3667.6
554 	50    	2864.54	846.8 	4018.4
555 	50    	2930.36	584.4 	4435.2
556 	50    	3033.43	1974  	4264.4
557 	50    	2924.7 	1916.4	4316.4
558 	50    	2933.72	956.4 	4332.4
559 	50    	2817.2 	826   	4428  
560 	50    	2918.7 	702.8 	4364.4
561 	50    	2877.58	1782.4	3946.8
562 	50    	3041.06	759.6 	4178.4
563 	50    	2983.74	945.2 	4604  
564 	50    	2914.54	1922.4	4482  
565 	50    	2941.08	784.8 	4140  
566 	50    	2918.57	842.4 	4511.2
567 	50    	2963.76	1730.4	4174  
568 	50    	2957.36	750   	3940.4
569 	50    	3036.19	2130.8	4528  
570 	50    	2798.78	2090  	3976.4
571 	50    	2895.73	1561.2	3869.2
572 	50    	2905.5 	1939.6	3953.6
573 	50    	2986.06	1882.4	4422.4
574 	50    	2899.25	2088.8	3818.4
575 	50    	2935.06	1640.8	4430.8
576 	50    	2980.8 	1782.4	3880.8
577 	50    	2840.99	654.4 	3881.6
578 	50    	2928.9 	1862  	4110  
579 	50    	2918.89	1235.2	4055.2
580 	50    	2869.67	2031.2	4006  
581 	50    	2838.84	729.6 	4112.8
582 	50    	2978.2 	1828.4	4626  
583 	50    	2870.68	2081.6	4081.2
584 	50    	2913.62	1070.4	4546.8
585 	50    	2906.44	1670.4	3887.2
586 	50    	2824.34	1785.6	4324.8
587 	50    	2955.56	1179.2	4216.4
588 	50    	2968.38	1688  	4238.4
589 	50    	2955.79	1719.6	4438.4
590 	50    	2829.15	1478  	4498  
591 	50    	2863.32	1944.8	3885.2
592 	50    	2914.98	1272.8	4091.2
593 	50    	2798.21	2022  	3927.2
594 	50    	3066.37	1933.2	4483.2
595 	50    	2925.04	2071.2	4064.8
596 	50    	2977.26	1873.6	4054.8
597 	50    	2671.46	784.8 	4140.4
598 	50    	2907.56	1713.6	4226  
599 	50    	3003.91	1326  	4251.6
600 	50    	3034.27	1012  	4684  
601 	50    	2952.63	1952  	4304  
602 	50    	2989.39	2180.4	4069.2
603 	50    	2852.58	944.8 	4015.6
604 	50    	3017.54	2062.4	4600.8
605 	50    	3054.58	2138  	4004  
606 	50    	2884.22	756   	4150  
607 	50    	2971.57	2020.8	3915.6
608 	50    	2870.77	1894.8	4165.2
609 	50    	3031.25	1763.2	4169.6
610 	50    	2943.99	1904.8	4247.2
611 	50    	2890.39	1650.8	4398.8
612 	50    	2798.02	719.2 	4198.4
613 	50    	2962.52	838.8 	4059.2
614 	50    	3012.89	1957.6	4283.6
615 	50    	2791.42	1882.4	4295.2
616 	50    	2901.28	746.4 	4168.8
617 	50    	2955.83	1894  	4279.2
618 	50    	2835.76	974.4 	4046.8
619 	50    	2735.56	1816.4	3508.8
620 	50    	2941.26	1905.6	4162.4
621 	50    	2915.12	569.2 	4002.4
622 	50    	2983.83	2114.4	4153.6
623 	50    	2834.37	2072.8	4384.8
624 	50    	2973.86	2023.6	4192  
625 	50    	2878.24	1810.4	4238.4
626 	50    	2882.73	1994.4	3886.4
627 	50    	2920.66	840.8 	4022  
628 	50    	2894.01	2120  	4128  
629 	50    	2855.3 	748.4 	4259.2
630 	50    	2887.74	2035.2	4182.4
631 	50    	2781.54	1753.6	3667.6
632 	50    	2871.93	1652.8	4098.8
633 	50    	2841.24	1761.2	4375.2
634 	50    	2771.98	508.4 	4632  
635 	50    	2940.35	1943.6	4284.8
636 	50    	2908.26	1719.6	4245.6
637 	50    	3064.76	2037.6	4118.4
638 	50    	3016.71	661.6 	4096.8
639 	50    	2834.07	1923.6	4263.2
640 	50    	3017.74	1858.8	3918.8
641 	50    	3035.93	1053.6	4128  
642 	50    	2926.38	1970.4	3961.6
643 	50    	2996.08	2066  	4116  
644 	50    	2981.64	1998.4	4084.8
645 	50    	3062.62	2072.4	3993.2
646 	50    	2902.66	1757.6	3863.6
647 	50    	2839.93	762.4 	4163.2
648 	50    	2934.91	1676.4	3946.8
649 	50    	2809.04	527.6 	4043.2
650 	50    	2852.47	604.8 	4041.6
651 	50    	2853.03	1902.4	4498  
652 	50    	2907.56	1527.6	4004.8
653 	50    	2921.39	794.8 	4110  
654 	50    	2904.38	964.8 	4223.6
655 	50    	2942.05	952.8 	4153.6
656 	50    	2952.45	1838  	3947.6
657 	50    	2998.65	1848  	4114.8
658 	50    	3057.13	2375.6	4355.6
659 	50    	2905.59	1924.4	4076.8
660 	50    	2934.99	1935.6	3822  
661 	50    	2995.89	1383.6	4169.2
662 	50    	3054.93	1931.6	4409.2
663 	50    	2978.27	1930.8	4018.4
664 	50    	2979.51	2017.2	3954.8
665 	50    	3031.12	1766  	4042.4
666 	50    	3046.78	1363.6	4376  
667 	50    	2727.3 	563.2 	3788.8
668 	50    	2956.64	1736.8	4072.4
669 	50    	2885.61	729.6 	4118.8
670 	50    	2789.16	914.4 	3757.6
671 	50    	2980.82	2005.6	4000.4
672 	50    	3073.6 	2192  	4212.4
673 	50    	2970.18	2099.2	3820.4
674 	50    	3068.34	1924.4	4220.8
675 	50    	2954.1 	1956.4	3922.4
676 	50    	2886.94	2134  	3648.8
677 	50    	2972.71	2088  	4004.8
678 	50    	2942.94	2150.4	3862  
679 	50    	2834.62	1916.8	3709.2
680 	50    	2975.34	2088.8	3712.8
681 	50    	2885.23	648.4 	4576  
682 	50    	2983.42	2116  	4514.4
683 	50    	2892.63	2030.4	4029.2
684 	50    	2989.34	714   	4067.2
685 	50    	2856.22	1800.8	3963.6
686 	50    	3023.03	2302.8	3884.8
687 	50    	2787.93	1830.8	4043.2
688 	50    	2953.89	1752.8	3993.6
689 	50    	2813.55	1660.4	4453.6
690 	50    	2856.89	1921.6	4321.6
691 	50    	2982.23	1846.4	3966.8
692 	50    	2814.81	659.6 	3851.6
693 	50    	2992.04	963.2 	3971.2
694 	50    	2977.98	642.4 	4362.8
695 	50    	2825.5 	2073.2	3929.2
696 	50    	3013.46	1950.8	4094.4
697 	50    	2945.22	600.4 	4526.4
698 	50    	2885.46	1077.6	3912.4
699 	50    	2950.76	1592.8	4112.4
700 	50    	3023.82	1913.2	4774  
701 	50    	3116.79	2141.6	4227.6
702 	50    	2937.83	622.8 	4446.4
703 	50    	2978.51	2021.2	4118.8
704 	50    	2918.48	1940.8	3960  
705 	50    	2760.79	566.8 	3811.6
706 	50    	2913.81	1976.8	3978.4
707 	50    	3130.67	2028.8	4181.2
708 	50    	2911.73	673.6 	3941.6
709 	50    	2904.49	719.2 	3944.8
710 	50    	2858.58	750.4 	3880.8
711 	50    	2942.4 	1850.8	4580  
712 	50    	2817.61	871.6 	3740  
713 	50    	2943.97	1619.6	4238.4
714 	50    	2962.02	872.8 	4281.6
715 	50    	2869.66	1840  	3800.8
716 	50    	2918.58	2007.2	3857.2
717 	50    	2879.94	833.6 	4276  
718 	50    	3063.57	2048.8	4290.4
719 	50    	2897.3 	1238.8	4176  
720 	50    	2909.61	2143.2	3999.6
721 	50    	2995.02	685.2 	3942.4
722 	50    	3002.37	1980  	3984.8
723 	50    	2950.49	1967.6	4173.6
724 	50    	2855.34	1841.6	4406.8
725 	50    	2962.08	1856.8	3941.6
726 	50    	3032.93	732.8 	4007.6
727 	50    	3070.17	1876.8	4650.4
728 	50    	2961.67	2161.2	4039.2
729 	50    	2926.7 	1778  	3930.8
730 	50    	3023.64	1686  	4014  
731 	50    	3007.82	1976.8	3913.2
732 	50    	2945.78	1753.6	5171.6
733 	50    	2952.44	985.6 	4171.2
734 	50    	3086.98	2242.4	4079.2
735 	50    	2919.82	1729.6	4085.2
736 	50    	2976.82	994.8 	4113.6
737 	50    	3040.26	837.6 	4214.8
738 	50    	2900.45	1971.6	4029.6
739 	50    	2834.69	886   	3726.8
740 	50    	2795.61	564.8 	4184  
741 	50    	2900.17	631.2 	4111.6
742 	50    	2967.36	1334.4	4126  
743 	50    	3108.78	2255.6	4202.4
744 	50    	2916.36	1642.4	4068  
745 	50    	2915.71	1957.6	4400.8
746 	50    	2947.06	1488.4	4078  
747 	50    	2870.02	1646.8	3825.2
748 	50    	3090.69	2050.8	4438  
749 	50    	2943.09	1816.8	3964  
750 	50    	3086.85	621.2 	4641.2
751 	50    	2907.47	1898.8	3817.2
752 	50    	2997.62	2080  	4185.6
753 	50    	2886.21	1006.4	3951.2
754 	50    	3061.74	1090.4	4345.2
755 	50    	2892.3 	1064.8	4515.6
756 	50    	2994.62	2166.8	4234  
757 	50    	2983.3 	1066.8	4527.6
758 	50    	2927.14	615.6 	3987.2
759 	50    	2885.74	567.6 	4244.4
760 	50    	2950.44	1909.6	4522.8
761 	50    	2885.99	716   	4029.2
762 	50    	2737.48	1161.2	3780.8
763 	50    	2961.06	2110  	3991.6
764 	50    	2998.5 	1935.2	4138.8
765 	50    	2975.56	546.8 	4558.8
766 	50    	2909.38	1912.4	3855.2
767 	50    	2901.44	1882.8	3931.2
768 	50    	3025.38	1022.8	4298.8
769 	50    	2923.18	2088.8	3858.4
770 	50    	3004.11	1832.8	4148.8
771 	50    	2955.55	1983.6	3926.8
772 	50    	3009.05	2077.2	3902.4
773 	50    	3039.19	2106.4	4310.8
774 	50    	2896.82	1764.4	4060  
775 	50    	2909.8 	887.2 	3987.6
776 	50    	2925.91	2169.2	4467.2
777 	50    	2865.9 	2142  	4187.6
778 	50    	3000.01	1922.8	4820.8
779 	50    	3056.94	2072.4	4583.6
780 	50    	2933.29	1392  	4272.8
781 	50    	2923.22	1940  	4268.4
782 	50    	3002.82	1848.4	4186.8
783 	50    	2795.97	834.8 	3841.6
784 	50    	2974.5 	1602  	4298.8
785 	50    	3004.12	1042.8	4343.6
786 	50    	2861.33	975.6 	3907.6
787 	50    	2929.14	1678.8	4038.4
788 	50    	2935.86	1923.6	4398.8
789 	50    	3017.35	1549.2	4002.4
790 	50    	2980.44	658.4 	4962  
791 	50    	2894.83	1549.2	4003.2
792 	50    	3085.1 	1567.2	4920.8
793 	50    	2856.07	1745.6	4092.4
794 	50    	2901.46	2088.8	4466.4
795 	50    	3091.28	1745.2	4062  
796 	50    	2915.07	2152  	4719.6
797 	50    	2876.39	1786.4	3974.8
798 	50    	2932.14	743.2 	4245.2
799 	50    	2902.69	744   	3974.8
800 	50    	2803.93	1961.6	4574  
801 	50    	2941.71	2024  	3836  
802 	50    	2983.55	1959.2	4125.6
803 	50    	2976.57	1758.4	4053.2
804 	50    	2918.71	876.8 	4324  
805 	50    	2803.91	740.4 	3822.4
806 	50    	2933.18	1970.8	3934.4
807 	50    	2986.36	1674.8	3881.2
808 	50    	3031.39	1950.8	3828  
809 	50    	2925.31	2001.2	4044.8
810 	50    	2910.59	1807.2	4184.4
811 	50    	2975.33	2225.2	4179.2
812 	50    	2903.08	1703.6	4064  
813 	50    	2909.98	1356.8	3768  
814 	50    	2783.56	882.8 	4312.8
815 	50    	2932.11	829.2 	4251.2
816 	50    	3022.32	810.4 	4374.4
817 	50    	2955.14	1905.6	4510.8
818 	50    	2906.19	2074  	4227.2
819 	50    	2967.84	1713.2	4207.2
820 	50    	3109.67	1904.8	4388  
821 	50    	2975.55	2171.6	4007.2
822 	50    	2984.79	812   	4000.4
823 	50    	2894.11	1990.8	3865.6
824 	50    	2893.81	700.8 	4553.2
825 	50    	2896.18	663.2 	3874.4
826 	50    	2883.62	1786  	4230.8
827 	50    	2986.98	1869.2	3884  
828 	50    	3007.3 	895.2 	4552.8
829 	50    	2827.94	2092.4	3870.4
830 	50    	2960.18	1861.6	4388  
831 	50    	2863.35	1996.8	4346.8
832 	50    	2753.97	958   	3912.4
833 	50    	3026.7 	1702.4	4509.2
834 	50    	3035.4 	1802.8	4288  
835 	50    	2879.78	1557.2	4266.8
836 	50    	3015.78	668.4 	4006  
837 	50    	2870.39	1830.4	3783.2
838 	50    	2946.2 	696   	4003.2
839 	50    	2983.37	1662.4	3904.8
840 	50    	2886.91	348.4 	4341.2
841 	50    	2921.91	850.4 	4213.2
842 	50    	2992.02	1768.4	3811.2
843 	50    	2898.3 	1653.6	3908  
844 	50    	2770.36	2042.8	3638.8
845 	50    	2735.06	591.2 	4020.8
846 	50    	2792.95	730.8 	4058.8
847 	50    	2897.87	1925.2	3803.6
848 	50    	2946.58	779.2 	3916.8
849 	50    	2903.75	1806.4	3864.8
850 	50    	2768.64	992   	4228.4
851 	50    	2894.72	1968.8	3762.4
852 	50    	2861.47	938.8 	4281.6
853 	50    	2941.29	1920  	4006.8
854 	50    	2850.28	832.4 	3977.6
855 	50    	3003.4 	1545.6	4192  
856 	50    	2931.77	812.8 	4680.8
857 	50    	2859.76	1106  	4016  
858 	50    	2956.96	1936.4	4284.8
859 	50    	2751.44	812   	4028.8
860 	50    	3012.82	1709.6	4689.6
861 	50    	3150.08	2044.4	4235.6
862 	50    	2822.4 	1773.6	4231.2
863 	50    	3016.4 	2115.2	4194.8
864 	50    	2942.53	1705.2	4190  
865 	50    	2921.48	1733.2	4234.8
866 	50    	2778.73	587.2 	4431.2
867 	50    	2927.74	1158  	3995.6
868 	50    	2887.83	953.2 	4168  
869 	50    	2898.3 	935.2 	3852.8
870 	50    	2973.38	1001.6	4094.4
871 	50    	2984.44	1757.6	4160  
872 	50    	2971.18	618   	3648.8
873 	50    	3042.56	1916.4	3891.6
874 	50    	3036.54	854   	3896  
875 	50    	2884.08	1729.2	4332.8
876 	50    	2988.56	1271.6	4445.2
877 	50    	2914.05	2168  	3964  
878 	50    	2941.29	1732.4	3936  
879 	50    	2835.95	881.6 	4121.2
880 	50    	2926.31	2139.2	4220.4
881 	50    	2882.62	1160.4	3853.6
882 	50    	2821.88	618.4 	3932.4
883 	50    	3073.73	745.6 	4498  
884 	50    	2932.37	975.6 	4289.2
885 	50    	2967.29	1847.6	4428.4
886 	50    	3066.46	1857.2	4342.8
887 	50    	3065   	1905.2	3974.4
888 	50    	2799.63	1668  	3979.6
889 	50    	2976.96	2187.6	3821.6
890 	50    	2607.37	749.6 	3660  
891 	50    	2922.62	2093.6	3955.6
892 	50    	2986.74	811.2 	4399.6
893 	50    	2840.9 	764.8 	4601.2
894 	50    	2811.15	955.2 	3911.2
895 	50    	2940.74	1820.8	3914.4
896 	50    	2947.56	1972  	4365.6
897 	50    	2839.04	1148.8	4024  
898 	50    	2901.92	935.2 	4074  
899 	50    	3049.06	1929.6	4067.2
900 	50    	2953.16	2102.4	3991.2
901 	50    	2934.12	2035.2	3779.6
902 	50    	2733.3 	666.4 	3520.8
903 	50    	2809.29	798.4 	4054.4
904 	50    	2995.77	2207.6	4018.4
905 	50    	2886.96	1806.8	4155.6
906 	50    	2868.97	711.6 	3917.2
907 	50    	2893.75	1907.2	4169.2
908 	50    	2769.09	858   	3766.4
909 	50    	2899.07	794.8 	4216.4
910 	50    	2887.48	662   	3813.6
911 	50    	2883.65	698.8 	3956.4
912 	50    	3006.02	1806.4	4252.4
913 	50    	3048.46	1043.2	4528  
914 	50    	3083.81	2292.8	4333.2
915 	50    	2834.58	1435.2	4018.8
916 	50    	2982.68	906   	4232.8
917 	50    	2983.26	2174  	4088.4
918 	50    	2827.26	544.4 	3830.4
919 	50    	2748.57	782   	3630  
920 	50    	2959.9 	2040  	3800  
921 	50    	2878.06	796   	4609.6
922 	50    	2935.54	1858.8	4243.2
923 	50    	2992.32	1755.2	3970  
924 	50    	2901.95	1942.8	3782.8
925 	50    	3010.43	2162.8	4206  
926 	50    	2872.74	1850.4	3719.2
927 	50    	2977.86	2207.2	3811.6
928 	50    	2879.09	1724.8	3985.2
929 	50    	2872.85	2052.8	3982.8
930 	50    	2883.5 	1943.2	3823.2
931 	50    	2792.78	638.8 	3664.8
932 	50    	2929.26	656.4 	4038.4
933 	50    	2896.13	1086  	3759.6
934 	50    	3045.17	1586.8	4235.2
935 	50    	3012.1 	2220  	3895.2
936 	50    	2843.06	1817.2	4242.4
937 	50    	2905.27	779.6 	3954.8
938 	50    	2905.83	2035.2	4032.4
939 	50    	2893.54	1799.6	4406  
940 	50    	2860.32	1770  	3871.6
941 	50    	2992.12	2142  	4478.8
942 	50    	2887.97	1906  	4084.8
943 	50    	2964.77	1818.4	4122  
944 	50    	2856.94	1146.4	4066.4
945 	50    	2956.69	1939.6	4044.4
946 	50    	2854.17	650.8 	4551.6
947 	50    	2866.63	1892.4	3870.4
948 	50    	2996.99	1153.2	4249.2
949 	50    	2966.3 	979.6 	3906.4
950 	50    	2996.64	2129.2	3934  
951 	50    	2915.14	1884  	3814  
952 	50    	2794.16	820   	3600.4
953 	50    	2929.47	1882.4	4678.4
954 	50    	2895.58	1890  	3947.2
955 	50    	2953.59	1777.2	4048.8
956 	50    	2864.12	1686.8	3936  
957 	50    	3039.16	2112.4	4331.6
958 	50    	2950.17	592.4 	4043.2
959 	50    	2838.83	690   	3917.6
960 	50    	2988.79	1926.4	3964  
961 	50    	3052.11	2053.6	4143.6
962 	50    	3003.32	1986.4	3901.6
963 	50    	2913.69	2136  	3985.6
964 	50    	2928.39	1846.8	3769.2
965 	50    	2966.02	1891.6	4403.2
966 	50    	2816.58	952   	4276.8
967 	50    	2940.88	2199.2	4564  
968 	50    	2902.9 	2150.4	4120.8
969 	50    	2925.59	1870.4	3657.6
970 	50    	2943.26	693.2 	3991.2
971 	50    	2943.96	1051.6	3863.6
972 	50    	2933.92	1468.4	4018.4
973 	50    	2903.63	2028.8	4185.2
974 	50    	2924.25	569.6 	4198.8
975 	50    	2946.22	1754.8	4408.8
976 	50    	2945.73	2100.8	3910  
977 	50    	2930.21	1574  	4195.2
978 	50    	2849.35	795.6 	3830.4
979 	50    	3063.81	2056.8	3839.6
980 	50    	2974.43	1865.6	4394.8
981 	50    	2995.66	2025.6	3853.2
982 	50    	2904.06	686   	4052.4
983 	50    	2962.91	964.8 	4676.8
984 	50    	2946.97	1783.2	4002.8
985 	50    	2875.69	2047.6	4086  
986 	50    	2944.46	1903.2	4321.6
987 	50    	2869.9 	1188.4	4434.8
988 	50    	2859.02	776   	4058.8
989 	50    	2808.93	1527.2	4192.8
990 	50    	2911.18	1957.6	4715.2
991 	50    	2958.68	1126  	4120.8
992 	50    	2960.44	774.8 	3970  
993 	50    	2977.54	2077.6	4610.4
994 	50    	2964.61	1974  	4466.8
995 	50    	2905.23	2011.6	4388.8
996 	50    	2622.83	886.8 	3585.6
997 	50    	3001.64	1914  	4329.2
998 	50    	2975.9 	1076.4	4220  
999 	50    	2904.66	662   	4116.8
1000	50    	2869   	1879.2	4135.6