gen	nevals	avg      	min      	max      
0  	25    	0.0205521	0        	0.0713542
1  	25    	0.0213646	0        	0.0731771
2  	25    	0.0288542	0        	0.0739583
3  	25    	0.039125 	0        	0.0765625
4  	25    	0.0459479	0.0078125	0.0854167
5  	25    	0.0490833	0.0078125	0.0854167
6  	25    	0.0519375	0.0078125	0.0854167
7  	25    	0.0551771	0.0078125	0.0854167
8  	25    	0.0559583	0.0078125	0.0854167
9  	25    	0.0612708	0.0078125	0.0854167
10 	25    	0.0651042	0.0078125	0.0854167
11 	25    	0.0675938	0.0078125	0.0854167
12 	25    	0.0675938	0.0078125	0.0854167
13 	25    	0.0678854	0.0078125	0.0854167
14 	25    	0.0678854	0.0078125	0.0854167
15 	25    	0.0678854	0.0078125	0.0854167
16 	25    	0.0686979	0.0078125	0.0854167
17 	25    	0.0720104	0.0078125	0.0854167
18 	25    	0.0721979	0.0078125	0.0854167
19 	25    	0.074    	0.0078125	0.0989583
20 	25    	0.0743646	0.0078125	0.0989583
21 	25    	0.074375 	0.0078125	0.0989583
22 	25    	0.074375 	0.0078125	0.0989583
23 	25    	0.0747188	0.0078125	0.0989583
24 	25    	0.0748125	0.0078125	0.0989583
25 	25    	0.0748229	0.0078125	0.0989583
26 	25    	0.0748229	0.0078125	0.0989583
27 	25    	0.0778333	0.0078125	0.0989583
28 	25    	0.0779896	0.0078125	0.0989583
29 	25    	0.0817708	0.0635417	0.116927 
30 	25    	0.0818437	0.0635417	0.116927 
31 	25    	0.0819062	0.0635417	0.116927 
32 	25    	0.0819062	0.0635417	0.116927 
33 	25    	0.0819479	0.0635417	0.116927 
34 	25    	0.0825937	0.0635417	0.116927 
35 	25    	0.0837604	0.0734375	0.116927 
36 	25    	0.083875 	0.0734375	0.116927 
37 	25    	0.0841562	0.0734375	0.116927 
38 	25    	0.0852604	0.0734375	0.116927 
39 	25    	0.0861146	0.0763021	0.116927 
40 	25    	0.086875 	0.0763021	0.116927 
41 	25    	0.0869479	0.0763021	0.116927 
42 	25    	0.0869479	0.0763021	0.116927 
43 	25    	0.0869479	0.0763021	0.116927 
44 	25    	0.0873229	0.0763021	0.116927 
45 	25    	0.0920729	0.0763021	0.144792 
46 	25    	0.0920729	0.0763021	0.144792 
47 	25    	0.0920729	0.0763021	0.144792 
48 	25    	0.0921771	0.0763021	0.144792 
49 	25    	0.0921771	0.0763021	0.144792 
50 	25    	0.093125 	0.0763021	0.144792 
51 	25    	0.093125 	0.0763021	0.144792 
52 	25    	0.093125 	0.0763021	0.144792 
53 	25    	0.0932708	0.0763021	0.144792 
54 	25    	0.0932917	0.0768229	0.144792 
55 	25    	0.0951875	0.0768229	0.146354 
56 	25    	0.0987917	0.0768229	0.153125 
57 	25    	0.0987917	0.0768229	0.153125 
58 	25    	0.0987917	0.0768229	0.153125 
59 	25    	0.0989479	0.0768229	0.153125 
60 	25    	0.0989479	0.0768229	0.153125 
61 	25    	0.0989479	0.0768229	0.153125 
62 	25    	0.0989479	0.0768229	0.153125 
63 	25    	0.0989479	0.0768229	0.153125 
64 	25    	0.0989479	0.0768229	0.153125 
65 	25    	0.0993646	0.0768229	0.156771 
66 	25    	0.0995625	0.0768229	0.156771 
67 	25    	0.0996979	0.0768229	0.156771 
68 	25    	0.0998125	0.0768229	0.156771 
69 	25    	0.10199  	0.0768229	0.156771 
70 	25    	0.102427 	0.0768229	0.156771 
71 	25    	0.105281 	0.0768229	0.199219 
72 	25    	0.105333 	0.0768229	0.199219 
73 	25    	0.105333 	0.0768229	0.199219 
74 	25    	0.105333 	0.0768229	0.199219 
75 	25    	0.107969 	0.0768229	0.210677 
76 	25    	0.107969 	0.0768229	0.210677 
77 	25    	0.10874  	0.0768229	0.210677 
78 	25    	0.10874  	0.0768229	0.210677 
79 	25    	0.10951  	0.0768229	0.210677 
80 	25    	0.10951  	0.0768229	0.210677 
81 	25    	0.113906 	0.0768229	0.210677 
82 	25    	0.11501  	0.0791667	0.210677 
83 	25    	0.11501  	0.0791667	0.210677 
84 	25    	0.11501  	0.0791667	0.210677 
85 	25    	0.115458 	0.0791667	0.210677 
86 	25    	0.115458 	0.0791667	0.210677 
87 	25    	0.115563 	0.0791667	0.210677 
88 	25    	0.119781 	0.0791667	0.210677 
89 	25    	0.119917 	0.0791667	0.210677 
90 	25    	0.119917 	0.0791667	0.210677 
91 	25    	0.121583 	0.0791667	0.210677 
92 	25    	0.121583 	0.0791667	0.210677 
93 	25    	0.121583 	0.0791667	0.210677 
94 	25    	0.121958 	0.0809896	0.210677 
95 	25    	0.126458 	0.0809896	0.210677 
96 	25    	0.126458 	0.0809896	0.210677 
97 	25    	0.126458 	0.0809896	0.210677 
98 	25    	0.126458 	0.0809896	0.210677 
99 	25    	0.127219 	0.0809896	0.210677 
100	25    	0.127219 	0.0809896	0.210677 
101	25    	0.127219 	0.0809896	0.210677 
102	25    	0.127323 	0.0809896	0.210677 
103	25    	0.128719 	0.0809896	0.210677 
104	25    	0.128719 	0.0809896	0.210677 
105	25    	0.128719 	0.0809896	0.210677 
106	25    	0.128719 	0.0809896	0.210677 
107	25    	0.128719 	0.0809896	0.210677 
108	25    	0.128719 	0.0809896	0.210677 
109	25    	0.132229 	0.0809896	0.210677 
110	25    	0.132229 	0.0809896	0.210677 
111	25    	0.133344 	0.0809896	0.210677 
112	25    	0.133344 	0.0809896	0.210677 
113	25    	0.133344 	0.0809896	0.210677 
114	25    	0.133344 	0.0809896	0.210677 
115	25    	0.133563 	0.0820312	0.210677 
116	25    	0.136375 	0.0820312	0.210677 
117	25    	0.136375 	0.0820312	0.210677 
118	25    	0.136375 	0.0820312	0.210677 
119	25    	0.136375 	0.0820312	0.210677 
120	25    	0.136375 	0.0820312	0.210677 
121	25    	0.136375 	0.0820312	0.210677 
122	25    	0.136375 	0.0820312	0.210677 
123	25    	0.137604 	0.0820312	0.210677 
124	25    	0.137917 	0.0820312	0.210677 
125	25    	0.139063 	0.0820312	0.210677 
126	25    	0.139063 	0.0820312	0.210677 
127	25    	0.140573 	0.0820312	0.210677 
128	25    	0.140573 	0.0820312	0.210677 
129	25    	0.140573 	0.0820312	0.210677 
130	25    	0.141313 	0.0820312	0.210677 
131	25    	0.141313 	0.0820312	0.210677 
132	25    	0.141313 	0.0820312	0.210677 
133	25    	0.141313 	0.0820312	0.210677 
134	25    	0.141313 	0.0820312	0.210677 
135	25    	0.141719 	0.0820312	0.210677 
136	25    	0.144208 	0.0820312	0.210677 
137	25    	0.144208 	0.0820312	0.210677 
138	25    	0.144208 	0.0820312	0.210677 
139	25    	0.149656 	0.0820312	0.249479 
140	25    	0.149656 	0.0820312	0.249479 
141	25    	0.149656 	0.0820312	0.249479 
142	25    	0.149927 	0.0820312	0.249479 
143	25    	0.150135 	0.0820312	0.249479 
144	25    	0.150135 	0.0820312	0.249479 
145	25    	0.150135 	0.0820312	0.249479 
146	25    	0.150135 	0.0820312	0.249479 
147	25    	0.150135 	0.0820312	0.249479 
148	25    	0.150135 	0.0820312	0.249479 
149	25    	0.150135 	0.0820312	0.249479 
150	25    	0.151656 	0.0820312	0.249479 
151	25    	0.151656 	0.0820312	0.249479 
152	25    	0.152917 	0.0820312	0.249479 
153	25    	0.152917 	0.0820312	0.249479 
154	25    	0.15301  	0.0820312	0.249479 
155	25    	0.156625 	0.0820312	0.249479 
156	25    	0.156625 	0.0820312	0.249479 
157	25    	0.157865 	0.0820312	0.249479 
158	25    	0.157865 	0.0820312	0.249479 
159	25    	0.157865 	0.0820312	0.249479 
160	25    	0.157865 	0.0820312	0.249479 
161	25    	0.157865 	0.0820312	0.249479 
162	25    	0.158333 	0.0820312	0.249479 
163	25    	0.158333 	0.0820312	0.249479 
164	25    	0.158333 	0.0820312	0.249479 
165	25    	0.158333 	0.0820312	0.249479 
166	25    	0.158333 	0.0820312	0.249479 
167	25    	0.160615 	0.0820312	0.249479 
168	25    	0.160615 	0.0820312	0.249479 
169	25    	0.160615 	0.0820312	0.249479 
170	25    	0.160615 	0.0820312	0.249479 
171	25    	0.16099  	0.0820312	0.249479 
172	25    	0.16099  	0.0820312	0.249479 
173	25    	0.16099  	0.0820312	0.249479 
174	25    	0.16099  	0.0820312	0.249479 
175	25    	0.162656 	0.0820312	0.249479 
176	25    	0.162656 	0.0820312	0.249479 
177	25    	0.162656 	0.0820312	0.249479 
178	25    	0.162656 	0.0820312	0.249479 
179	25    	0.162656 	0.0820312	0.249479 
180	25    	0.162656 	0.0820312	0.249479 
181	25    	0.162656 	0.0820312	0.249479 
182	25    	0.165542 	0.0854167	0.249479 
183	25    	0.165542 	0.0854167	0.249479 
184	25    	0.165542 	0.0854167	0.249479 
185	25    	0.16725  	0.0854167	0.249479 
186	25    	0.16725  	0.0854167	0.249479 
187	25    	0.169104 	0.0854167	0.249479 
188	25    	0.174104 	0.0854167	0.257292 
189	25    	0.174104 	0.0854167	0.257292 
190	25    	0.174104 	0.0854167	0.257292 
191	25    	0.174427 	0.0854167	0.257292 
192	25    	0.17551  	0.0854167	0.257292 
193	25    	0.176063 	0.0854167	0.257292 
194	25    	0.176063 	0.0854167	0.257292 
195	25    	0.176063 	0.0854167	0.257292 
196	25    	0.176063 	0.0854167	0.257292 
197	25    	0.176063 	0.0854167	0.257292 
198	25    	0.176063 	0.0854167	0.257292 
199	25    	0.176646 	0.0854167	0.257292 
200	25    	0.176646 	0.0854167	0.257292 
201	25    	0.176729 	0.0854167	0.257292 
202	25    	0.176896 	0.0854167	0.257292 
203	25    	0.178198 	0.0854167	0.257292 
204	25    	0.178198 	0.0854167	0.257292 
205	25    	0.178198 	0.0854167	0.257292 
206	25    	0.178604 	0.0888021	0.257292 
207	25    	0.179385 	0.0888021	0.257292 
208	25    	0.179646 	0.0888021	0.257292 
209	25    	0.179646 	0.0888021	0.257292 
210	25    	0.179646 	0.0888021	0.257292 
211	25    	0.180052 	0.0888021	0.259635 
212	25    	0.180052 	0.0888021	0.259635 
213	25    	0.180052 	0.0888021	0.259635 
214	25    	0.180052 	0.0888021	0.259635 
215	25    	0.180052 	0.0888021	0.259635 
216	25    	0.180344 	0.0888021	0.259635 
217	25    	0.180344 	0.0888021	0.259635 
218	25    	0.180344 	0.0888021	0.259635 
219	25    	0.182052 	0.0888021	0.259635 
220	25    	0.182052 	0.0888021	0.259635 
221	25    	0.182052 	0.0888021	0.259635 
222	25    	0.182052 	0.0888021	0.259635 
223	25    	0.182052 	0.0888021	0.259635 
224	25    	0.182052 	0.0888021	0.259635 
225	25    	0.182531 	0.0888021	0.259635 
226	25    	0.182531 	0.0888021	0.259635 
227	25    	0.182531 	0.0888021	0.259635 
228	25    	0.182531 	0.0888021	0.259635 
229	25    	0.185271 	0.0888021	0.259635 
230	25    	0.188427 	0.0888021	0.259635 
231	25    	0.188427 	0.0888021	0.259635 
232	25    	0.192719 	0.0888021	0.331771 
233	25    	0.192719 	0.0888021	0.331771 
234	25    	0.192719 	0.0888021	0.331771 
235	25    	0.192719 	0.0888021	0.331771 
236	25    	0.193969 	0.0888021	0.331771 
237	25    	0.193969 	0.0888021	0.331771 
238	25    	0.193969 	0.0888021	0.331771 
239	25    	0.197313 	0.115104 	0.331771 
240	25    	0.197313 	0.115104 	0.331771 
241	25    	0.197313 	0.115104 	0.331771 
242	25    	0.197313 	0.115104 	0.331771 
243	25    	0.197313 	0.115104 	0.331771 
244	25    	0.199083 	0.130729 	0.331771 
245	25    	0.199083 	0.130729 	0.331771 
246	25    	0.202729 	0.135417 	0.331771 
247	25    	0.202729 	0.135417 	0.331771 
248	25    	0.202729 	0.135417 	0.331771 
249	25    	0.202729 	0.135417 	0.331771 
250	25    	0.202729 	0.135417 	0.331771 
251	25    	0.202729 	0.135417 	0.331771 
252	25    	0.202729 	0.135417 	0.331771 
253	25    	0.202729 	0.135417 	0.331771 
254	25    	0.204208 	0.142708 	0.331771 
255	25    	0.204208 	0.142708 	0.331771 
256	25    	0.204208 	0.142708 	0.331771 
257	25    	0.204208 	0.142708 	0.331771 
258	25    	0.204208 	0.142708 	0.331771 
259	25    	0.204208 	0.142708 	0.331771 
260	25    	0.204208 	0.142708 	0.331771 
261	25    	0.205146 	0.142708 	0.331771 
262	25    	0.205146 	0.142708 	0.331771 
263	25    	0.205146 	0.142708 	0.331771 
264	25    	0.205146 	0.142708 	0.331771 
265	25    	0.205146 	0.142708 	0.331771 
266	25    	0.205146 	0.142708 	0.331771 
267	25    	0.205146 	0.142708 	0.331771 
268	25    	0.205146 	0.142708 	0.331771 
269	25    	0.207958 	0.142708 	0.331771 
270	25    	0.207958 	0.142708 	0.331771 
271	25    	0.207958 	0.142708 	0.331771 
272	25    	0.207958 	0.142708 	0.331771 
273	25    	0.209542 	0.156771 	0.331771 
274	25    	0.209542 	0.156771 	0.331771 
275	25    	0.209542 	0.156771 	0.331771 
276	25    	0.212406 	0.156771 	0.331771 
277	25    	0.212406 	0.156771 	0.331771 
278	25    	0.212406 	0.156771 	0.331771 
279	25    	0.212406 	0.156771 	0.331771 
280	25    	0.212406 	0.156771 	0.331771 
281	25    	0.213854 	0.156771 	0.331771 
282	25    	0.213854 	0.156771 	0.331771 
283	25    	0.213854 	0.156771 	0.331771 
284	25    	0.21426  	0.156771 	0.331771 
285	25    	0.21426  	0.156771 	0.331771 
286	25    	0.21426  	0.156771 	0.331771 
287	25    	0.218073 	0.156771 	0.331771 
288	25    	0.219729 	0.156771 	0.331771 
289	25    	0.219729 	0.156771 	0.331771 
290	25    	0.219729 	0.156771 	0.331771 
291	25    	0.219729 	0.156771 	0.331771 
292	25    	0.219729 	0.156771 	0.331771 
293	25    	0.219729 	0.156771 	0.331771 
294	25    	0.221229 	0.156771 	0.331771 
295	25    	0.221229 	0.156771 	0.331771 
296	25    	0.222115 	0.156771 	0.331771 
297	25    	0.222115 	0.156771 	0.331771 
298	25    	0.225219 	0.156771 	0.331771 
299	25    	0.225417 	0.156771 	0.331771 
300	25    	0.225417 	0.156771 	0.331771 
301	25    	0.225417 	0.156771 	0.331771 
302	25    	0.225896 	0.156771 	0.331771 
303	25    	0.225896 	0.156771 	0.331771 
304	25    	0.225896 	0.156771 	0.331771 
305	25    	0.226781 	0.156771 	0.331771 
306	25    	0.226781 	0.156771 	0.331771 
307	25    	0.226781 	0.156771 	0.331771 
308	25    	0.226781 	0.156771 	0.331771 
309	25    	0.226781 	0.156771 	0.331771 
310	25    	0.226781 	0.156771 	0.331771 
311	25    	0.226781 	0.156771 	0.331771 
312	25    	0.227542 	0.156771 	0.331771 
313	25    	0.227542 	0.156771 	0.331771 
314	25    	0.227542 	0.156771 	0.331771 
315	25    	0.227542 	0.156771 	0.331771 
316	25    	0.227542 	0.156771 	0.331771 
317	25    	0.227542 	0.156771 	0.331771 
318	25    	0.227542 	0.156771 	0.331771 
319	25    	0.22901  	0.156771 	0.331771 
320	25    	0.22901  	0.156771 	0.331771 
321	25    	0.229323 	0.156771 	0.331771 
322	25    	0.229323 	0.156771 	0.331771 
323	25    	0.229323 	0.156771 	0.331771 
324	25    	0.229323 	0.156771 	0.331771 
325	25    	0.229323 	0.156771 	0.331771 
326	25    	0.229323 	0.156771 	0.331771 
327	25    	0.229323 	0.156771 	0.331771 
328	25    	0.229323 	0.156771 	0.331771 
329	25    	0.229323 	0.156771 	0.331771 
330	25    	0.229323 	0.156771 	0.331771 
331	25    	0.229323 	0.156771 	0.331771 
332	25    	0.230083 	0.156771 	0.331771 
333	25    	0.230083 	0.156771 	0.331771 
334	25    	0.230083 	0.156771 	0.331771 
335	25    	0.230083 	0.156771 	0.331771 
336	25    	0.230083 	0.156771 	0.331771 
337	25    	0.230083 	0.156771 	0.331771 
338	25    	0.230083 	0.156771 	0.331771 
339	25    	0.231719 	0.156771 	0.331771 
340	25    	0.231719 	0.156771 	0.331771 
341	25    	0.231719 	0.156771 	0.331771 
342	25    	0.231719 	0.156771 	0.331771 
343	25    	0.231719 	0.156771 	0.331771 
344	25    	0.231719 	0.156771 	0.331771 
345	25    	0.231719 	0.156771 	0.331771 
346	25    	0.231719 	0.156771 	0.331771 
347	25    	0.231719 	0.156771 	0.331771 
348	25    	0.232719 	0.156771 	0.331771 
349	25    	0.233969 	0.156771 	0.331771 
350	25    	0.233969 	0.156771 	0.331771 
351	25    	0.233969 	0.156771 	0.331771 
352	25    	0.233969 	0.156771 	0.331771 
353	25    	0.233969 	0.156771 	0.331771 
354	25    	0.233969 	0.156771 	0.331771 
355	25    	0.233969 	0.156771 	0.331771 
356	25    	0.233969 	0.156771 	0.331771 
357	25    	0.236292 	0.156771 	0.331771 
358	25    	0.236292 	0.156771 	0.331771 
359	25    	0.236292 	0.156771 	0.331771 
360	25    	0.236771 	0.156771 	0.331771 
361	25    	0.236771 	0.156771 	0.331771 
362	25    	0.236771 	0.156771 	0.331771 
363	25    	0.236771 	0.156771 	0.331771 
364	25    	0.236771 	0.156771 	0.331771 
365	25    	0.236771 	0.156771 	0.331771 
366	25    	0.236771 	0.156771 	0.331771 
367	25    	0.236771 	0.156771 	0.331771 
368	25    	0.236771 	0.156771 	0.331771 
369	25    	0.236823 	0.156771 	0.331771 
370	25    	0.236823 	0.156771 	0.331771 
371	25    	0.236823 	0.156771 	0.331771 
372	25    	0.236823 	0.156771 	0.331771 
373	25    	0.236823 	0.156771 	0.331771 
374	25    	0.236823 	0.156771 	0.331771 
375	25    	0.236823 	0.156771 	0.331771 
376	25    	0.236823 	0.156771 	0.331771 
377	25    	0.236823 	0.156771 	0.331771 
378	25    	0.236823 	0.156771 	0.331771 
379	25    	0.236823 	0.156771 	0.331771 
380	25    	0.236823 	0.156771 	0.331771 
381	25    	0.237583 	0.156771 	0.331771 
382	25    	0.237583 	0.156771 	0.331771 
383	25    	0.237583 	0.156771 	0.331771 
384	25    	0.237583 	0.156771 	0.331771 
385	25    	0.237583 	0.156771 	0.331771 
386	25    	0.238396 	0.156771 	0.331771 
387	25    	0.238396 	0.156771 	0.331771 
388	25    	0.238396 	0.156771 	0.331771 
389	25    	0.238396 	0.156771 	0.331771 
390	25    	0.238396 	0.156771 	0.331771 
391	25    	0.238396 	0.156771 	0.331771 
392	25    	0.238396 	0.156771 	0.331771 
393	25    	0.239698 	0.156771 	0.331771 
394	25    	0.239698 	0.156771 	0.331771 
395	25    	0.239698 	0.156771 	0.331771 
396	25    	0.239698 	0.156771 	0.331771 
397	25    	0.239698 	0.156771 	0.331771 
398	25    	0.239698 	0.156771 	0.331771 
399	25    	0.239698 	0.156771 	0.331771 
400	25    	0.239698 	0.156771 	0.331771 
401	25    	0.239698 	0.156771 	0.331771 
402	25    	0.239698 	0.156771 	0.331771 
403	25    	0.239698 	0.156771 	0.331771 
404	25    	0.239698 	0.156771 	0.331771 
405	25    	0.239698 	0.156771 	0.331771 
406	25    	0.239698 	0.156771 	0.331771 
407	25    	0.239698 	0.156771 	0.331771 
408	25    	0.239698 	0.156771 	0.331771 
409	25    	0.239698 	0.156771 	0.331771 
410	25    	0.242375 	0.156771 	0.331771 
411	25    	0.242375 	0.156771 	0.331771 
412	25    	0.242927 	0.156771 	0.331771 
413	25    	0.242927 	0.156771 	0.331771 
414	25    	0.243458 	0.156771 	0.331771 
415	25    	0.243458 	0.156771 	0.331771 
416	25    	0.243458 	0.156771 	0.331771 
417	25    	0.243458 	0.156771 	0.331771 
418	25    	0.243667 	0.156771 	0.331771 
419	25    	0.243698 	0.156771 	0.331771 
420	25    	0.243698 	0.156771 	0.331771 
421	25    	0.243698 	0.156771 	0.331771 
422	25    	0.243698 	0.156771 	0.331771 
423	25    	0.245115 	0.156771 	0.331771 
424	25    	0.245115 	0.156771 	0.331771 
425	25    	0.245115 	0.156771 	0.331771 
426	25    	0.245115 	0.156771 	0.331771 
427	25    	0.245667 	0.156771 	0.331771 
428	25    	0.245667 	0.156771 	0.331771 
429	25    	0.245667 	0.156771 	0.331771 
430	25    	0.247375 	0.184375 	0.331771 
431	25    	0.247375 	0.184375 	0.331771 
432	25    	0.247375 	0.184375 	0.331771 
433	25    	0.247375 	0.184375 	0.331771 
434	25    	0.247375 	0.184375 	0.331771 
435	25    	0.247375 	0.184375 	0.331771 
436	25    	0.247375 	0.184375 	0.331771 
437	25    	0.247375 	0.184375 	0.331771 
438	25    	0.24774  	0.184375 	0.331771 
439	25    	0.24774  	0.184375 	0.331771 
440	25    	0.24774  	0.184375 	0.331771 
441	25    	0.24774  	0.184375 	0.331771 
442	25    	0.24774  	0.184375 	0.331771 
443	25    	0.24774  	0.184375 	0.331771 
444	25    	0.24774  	0.184375 	0.331771 
445	25    	0.24774  	0.184375 	0.331771 
446	25    	0.24774  	0.184375 	0.331771 
447	25    	0.24774  	0.184375 	0.331771 
448	25    	0.24774  	0.184375 	0.331771 
449	25    	0.24774  	0.184375 	0.331771 
450	25    	0.248021 	0.184375 	0.331771 
451	25    	0.248021 	0.184375 	0.331771 
452	25    	0.248021 	0.184375 	0.331771 
453	25    	0.24874  	0.184375 	0.331771 
454	25    	0.24874  	0.184375 	0.331771 
455	25    	0.24874  	0.184375 	0.331771 
456	25    	0.24874  	0.184375 	0.331771 
457	25    	0.24874  	0.184375 	0.331771 
458	25    	0.24874  	0.184375 	0.331771 
459	25    	0.24874  	0.184375 	0.331771 
460	25    	0.24874  	0.184375 	0.331771 