gen 	nevals	avg    	min   	max   
0   	50    	2037.1 	501.2 	3715.2
1   	50    	2221.7 	574   	3635.6
2   	50    	2260.15	602   	3224.4
3   	50    	2216.98	614.8 	3132.4
4   	50    	2361.47	651.6 	3250.4
5   	50    	2448.13	851.6 	3487.6
6   	50    	2432.5 	618   	3831.2
7   	50    	2252.86	703.6 	3732.8
8   	50    	2364.29	846   	3133.6
9   	50    	2421.29	1194.4	3608.8
10  	50    	2340.28	698.8 	3137.2
11  	50    	2495.55	1626.4	3544.8
12  	50    	2392.23	666.8 	3459.2
13  	50    	2545.43	1743.2	3659.2
14  	50    	2422.58	684.4 	3462  
15  	50    	2470.64	1154  	3548  
16  	50    	2421.38	700.4 	3892.4
17  	50    	2412.91	655.6 	3403.6
18  	50    	2434.53	899.6 	3368.4
19  	50    	2289.66	549.2 	3290  
20  	50    	2489.22	1731.2	3653.6
21  	50    	2406.34	750.4 	3256.8
22  	50    	2432.79	692   	2996.4
23  	50    	2455.34	1756.4	3434  
24  	50    	2574.34	1628.4	3338.8
25  	50    	2546.16	578   	4126.8
26  	50    	2495.39	2006  	3505.2
27  	50    	2597.69	1813.2	3800  
28  	50    	2455.7 	869.2 	3416.4
29  	50    	2509.67	1532.4	3312.4
30  	50    	2392.18	1654.4	3908.8
31  	50    	2485.06	718.8 	3499.6
32  	50    	2430.06	635.2 	3077.6
33  	50    	2508.05	779.6 	3622  
34  	50    	2404.54	586.8 	3291.6
35  	50    	2460.34	777.2 	3292.8
36  	50    	2560.47	1719.6	3520.4
37  	50    	2513.08	545.2 	4024.8
38  	50    	2481.34	824   	3105.2
39  	50    	2620.9 	1768  	3820.4
40  	50    	2552.82	812.4 	3748  
41  	50    	2450.69	785.2 	3357.6
42  	50    	2417.07	1442.4	3214  
43  	50    	2405.66	881.6 	3600.8
44  	50    	2453.12	822   	3288  
45  	50    	2525.55	1678.4	3508  
46  	50    	2667.16	1924  	3596.8
47  	50    	2560.92	1726.8	3664.8
48  	50    	2479.75	784.8 	3716  
49  	50    	2545.29	1935.2	3410.8
50  	50    	2482.96	1307.2	3440.8
51  	50    	2573.37	1765.2	3681.6
52  	50    	2431.78	1622.4	3220  
53  	50    	2555.22	681.2 	3538.8
54  	50    	2492.22	702.8 	3226  
55  	50    	2562.3 	1926  	3381.2
56  	50    	2464.85	1656.4	4184.4
57  	50    	2489.56	1370.8	3278.4
58  	50    	2569.9 	1613.2	3580  
59  	50    	2463.55	960.4 	3138  
60  	50    	2464.72	795.6 	3372.8
61  	50    	2523.44	1882.8	3314  
62  	50    	2569.85	1773.2	3526  
63  	50    	2453.2 	1596.4	3436.8
64  	50    	2534.12	1852.4	3577.6
65  	50    	2514.37	1738.4	3639.2
66  	50    	2405.5 	1719.6	3253.2
67  	50    	2539.24	504.4 	3542  
68  	50    	2664.7 	1959.6	3681.6
69  	50    	2558.08	660.8 	3172  
70  	50    	2525.1 	916.4 	3565.6
71  	50    	2413.03	970.8 	3015.6
72  	50    	2589.6 	1140.4	3558.4
73  	50    	2544.62	996   	3272  
74  	50    	2552.09	1902.8	3302.4
75  	50    	2515.17	1548  	3262  
76  	50    	2552.02	1723.2	3932.8
77  	50    	2490.58	1706.8	3418.8
78  	50    	2452.02	1960  	3273.6
79  	50    	2436.58	1488  	3572.4
80  	50    	2531.06	1676.8	3425.6
81  	50    	2462.54	1564.4	3512  
82  	50    	2558.86	1908  	3164.4
83  	50    	2482.9 	1880  	3364  
84  	50    	2539.1 	1778.8	3629.6
85  	50    	2577.22	1736.8	3254  
86  	50    	2535.38	1580.8	3512.4
87  	50    	2554.8 	733.2 	3490.4
88  	50    	2514.16	1851.6	3514  
89  	50    	2435.43	689.2 	3275.6
90  	50    	2598.86	1924.8	3667.2
91  	50    	2602.45	1994  	3506.8
92  	50    	2529.76	1698.4	3474  
93  	50    	2613.23	1901.2	3356.8
94  	50    	2526.34	1732.4	3736  
95  	50    	2430.96	1782.4	3421.2
96  	50    	2539.02	2009.6	3343.6
97  	50    	2489.09	1664.8	3259.2
98  	50    	2474.37	1742.8	3154.8
99  	50    	2577.38	1769.2	4275.2
100 	50    	2650.66	1910.8	3864.4
101 	50    	2532.14	1705.2	3380  
102 	50    	2519.54	1784.4	3426.4
103 	50    	2598.42	1728  	3656  
104 	50    	2534.15	1566.8	4068  
105 	50    	2682.92	2128  	4584.4
106 	50    	2596.7 	1817.2	3942.4
107 	50    	2723.72	1740  	4040  
108 	50    	2681.97	1858.8	4146.4
109 	50    	2707.22	1719.2	4022.8
110 	50    	2814.95	1914.4	3928.8
111 	50    	2890.81	1987.6	4218.4
112 	50    	3026.2 	1738.4	4680.8
113 	50    	2911.53	2025.6	3953.6
114 	50    	3013.33	2043.6	4547.2
115 	50    	2879.04	1807.2	4016.4
116 	50    	2988.17	1928  	4034  
117 	50    	3045.42	2018.8	3926  
118 	50    	3044.75	2059.2	4220  
119 	50    	3115.12	2056.4	4126.4
120 	50    	3017.48	2106.4	3889.6
121 	50    	2904.42	1981.2	4010  
122 	50    	2837.85	1778.8	4149.6
123 	50    	2948.77	1948.8	4183.6
124 	50    	2879.29	2133.2	4325.2
125 	50    	2944.42	1764.4	3955.2
126 	50    	2969.23	2096.8	4127.2
127 	50    	2981.67	2024  	4275.6
128 	50    	3056.59	1802.4	4098.4
129 	50    	2941.2 	1869.6	4875.2
130 	50    	2874.1 	1894  	3672.8
131 	50    	3039.33	2181.2	4375.2
132 	50    	3002.42	1865.6	4282  
133 	50    	2930.15	2172  	3918.4
134 	50    	2994.78	2021.6	4295.6
135 	50    	2877.98	2071.2	3802.8
136 	50    	2940.66	1626  	4354.8
137 	50    	2863.39	1788.8	3738.4
138 	50    	2874.71	1793.2	4168  
139 	50    	2925.26	1736.8	4146.4
140 	50    	2905.94	1931.6	3937.2
141 	50    	2992.98	1566  	4270  
142 	50    	2879.54	2125.6	3913.6
143 	50    	3029.02	2042.4	4362  
144 	50    	2913.85	1813.2	4379.6
145 	50    	3037.93	1877.2	4315.2
146 	50    	2913.4 	1980  	4334.8
147 	50    	2927.33	1881.6	4336.8
148 	50    	3080.78	2085.2	4597.2
149 	50    	2866.32	1807.6	4108.8
150 	50    	2859.75	1795.6	4765.6
151 	50    	3014.34	2100.4	4577.6
152 	50    	2920.98	2011.6	4546.8
153 	50    	2995.96	1643.2	4566  
154 	50    	3024.74	1703.6	4003.6
155 	50    	2989.1 	2083.2	4417.6
156 	50    	3000.22	1658.4	4653.6
157 	50    	3034.43	2076  	4479.2
158 	50    	2937.16	2065.6	4118  
159 	50    	2889.51	1874.8	4227.2
160 	50    	2970.2 	1872.4	4232.8
161 	50    	3140.22	2090  	3972  
162 	50    	3043.05	2083.6	5292.8
163 	50    	2723.83	1764  	3760  
164 	50    	3014.54	1886.4	4416.4
165 	50    	3030.77	2122.4	4314.8
166 	50    	2938.21	1680.4	4399.2
167 	50    	3044.7 	1834.4	4236.8
168 	50    	2970.22	2005.6	4488  
169 	50    	3075.81	2183.2	4423.6
170 	50    	3081.05	1975.2	4610.8
171 	50    	3025.63	1780.4	4290.4
172 	50    	2899.76	1632.4	4199.6
173 	50    	2992.31	2010  	4255.6
174 	50    	2868.02	2110.4	4115.2
175 	50    	2972.56	1943.2	3914  
176 	50    	3093.7 	2112  	4134  
177 	50    	3009.93	2062.8	4432.8
178 	50    	2843.27	602.8 	4102.8
179 	50    	2865.74	1673.2	4289.6
180 	50    	2793.36	912   	3894  
181 	50    	2897.58	1844  	4890.8
182 	50    	2876.52	1762.4	4244.8
183 	50    	2869.68	1628.8	4556.8
184 	50    	2994.02	2171.2	4142.8
185 	50    	2993.07	1913.2	4059.6
186 	50    	3105.43	1656  	4659.6
187 	50    	2844.1 	1988.8	3971.6
188 	50    	2885.58	1846  	4364  
189 	50    	2790.05	1874.8	3749.6
190 	50    	2908.65	1958.8	4348.4
191 	50    	2992.73	2011.2	4796.4
192 	50    	3009.72	1853.2	4624.8
193 	50    	3018.4 	1851.2	4496.8
194 	50    	3048.93	2164  	4800.8
195 	50    	2905.11	2006  	4337.2
196 	50    	2957.94	2243.2	3956  
197 	50    	3096.21	2185.2	4193.2
198 	50    	2869.61	1895.6	3741.2
199 	50    	3041.47	1941.6	4737.2
200 	50    	2926.9 	1964  	4009.6
201 	50    	3010.98	1936.8	4236  
202 	50    	3030.33	1665.2	3799.6
203 	50    	2976.86	1856  	3936.4
204 	50    	3039.29	1680  	4474.8
205 	50    	3002.46	1680.4	4279.2
206 	50    	3031.85	2094  	4392.8
207 	50    	3036.71	2188.4	4380.8
208 	50    	2976.28	1866.8	4830  
209 	50    	2959.9 	1878  	3969.2
210 	50    	2824.95	1806.8	4226  
211 	50    	2974.18	1624.4	4264  
212 	50    	2905.55	1790.8	4474.8
213 	50    	2982.54	2069.6	4099.6
214 	50    	2924.62	1848.4	4583.6
215 	50    	2925.19	1868.8	4994.8
216 	50    	2906.7 	1810.4	4170.8
217 	50    	2958.07	1792.4	4126.4
218 	50    	2931.7 	1832.4	3975.6
219 	50    	2908.24	1792  	4099.6
220 	50    	3044.64	1902.4	4422.8
221 	50    	3070.41	2054.4	4339.6
222 	50    	2911.02	1909.2	4181.6
223 	50    	2977.82	2006.4	4596.4
224 	50    	2923.35	1974  	3885.2
225 	50    	3010.41	1812.4	4181.6
226 	50    	2899.36	1712.8	4223.2
227 	50    	2944.58	1828.8	3832.4
228 	50    	2933.59	2118  	4107.6
229 	50    	2956.62	1843.6	4341.6
230 	50    	2989.73	1880.4	4238  
231 	50    	2878.74	1805.2	3932  
232 	50    	2897.15	1845.6	4506.4
233 	50    	2934.63	692   	4377.6
234 	50    	3063.53	1768.8	4644.4
235 	50    	3059.2 	2162.8	4710.4
236 	50    	3069.4 	2121.6	4816.8
237 	50    	2944.3 	1856  	4291.6
238 	50    	2934.38	1789.2	3865.6
239 	50    	2871.3 	1684.8	3842.8
240 	50    	3116.69	1719.6	4006.8
241 	50    	3022.54	1916  	4556  
242 	50    	2922.99	1716.8	4061.2
243 	50    	2839.46	1617.6	4256.8
244 	50    	3020.86	2134.4	4181.6
245 	50    	2995.33	1862  	4108.8
246 	50    	3068.63	1908.8	4151.6
247 	50    	3002.82	1962  	3923.2
248 	50    	2975.23	1867.6	4417.2
249 	50    	2880.12	2103.2	3920.4
250 	50    	2882.1 	462.8 	3896.4
251 	50    	2987.91	2012.8	4347.2
252 	50    	2898.48	1602.4	3974.4
253 	50    	3182.98	1906.8	4130  
254 	50    	3043.96	2221.2	4586.8
255 	50    	3068.84	2198  	4876.4
256 	50    	2827.3 	1928  	3868  
257 	50    	2992.16	1676.4	4495.6
258 	50    	3018.9 	2047.2	5031.6
259 	50    	3011.77	2184.8	4094  
260 	50    	2990.78	2022.8	4165.6
261 	50    	3050.5 	1894.8	4055.6
262 	50    	2939.22	1803.6	4104.8
263 	50    	3037.02	1844  	3875.6
264 	50    	3078.9 	1928  	4456.8
265 	50    	3069.59	2085.2	4300  
266 	50    	3056.65	2215.6	4480  
267 	50    	2998.37	2003.6	4440.8
268 	50    	3068.79	2050.8	4478  
269 	50    	3015.47	1969.6	4256.8
270 	50    	3029.78	2043.2	4433.2
271 	50    	2901.26	1802  	3960.4
272 	50    	3011.26	1672.4	4196  
273 	50    	2906.46	1816.4	4053.6
274 	50    	2982.16	1856  	4481.2
275 	50    	2971.59	2038.4	4198.4
276 	50    	3061.45	2003.2	4608.8
277 	50    	3031.06	2072.4	4541.2
278 	50    	3056.94	1931.2	4096.4
279 	50    	3043.54	1809.6	4538.8
280 	50    	2936.31	2138.8	4380  
281 	50    	2829.49	1867.2	4113.2
282 	50    	2848.72	1847.2	3679.2
283 	50    	3011.62	1697.2	4285.2
284 	50    	2987.26	1761.2	4387.6
285 	50    	2985.78	1405.2	4814.8
286 	50    	2964.86	1877.2	4475.2
287 	50    	3001.14	2056.4	3782  
288 	50    	2886.71	2022  	4132.4
289 	50    	3036.84	2062.8	4399.6
290 	50    	2975.23	2004.8	4221.6
291 	50    	2954.55	1844  	4166  
292 	50    	2918.45	2010.8	4766  
293 	50    	2996.19	2106  	4717.2
294 	50    	2949.66	1852.8	4747.2
295 	50    	2800.06	835.2 	4145.6
296 	50    	3022.02	1810.8	3799.6
297 	50    	3077.01	638.4 	4214.4
298 	50    	2935.86	2085.2	3920  
299 	50    	3060.94	2066  	4264.4
300 	50    	3023.69	1729.2	4487.6
301 	50    	2945.3 	1891.6	4128.8
302 	50    	2975.1 	1890.4	4249.2
303 	50    	2923.34	2099.2	3956.4
304 	50    	3036.43	1972.8	4000.4
305 	50    	3101.23	1892.4	4587.2
306 	50    	2984.86	1850  	4256.4
307 	50    	3162.98	2271.2	4238.4
308 	50    	3027.7 	1790  	4004  
309 	50    	3091.48	2270.4	4071.2
310 	50    	3170.73	2241.6	4628  
311 	50    	3079.82	2165.6	4056.8
312 	50    	2962.77	1881.2	4149.2
313 	50    	2983.56	2227.6	4006  
314 	50    	3037.27	2041.2	4145.6
315 	50    	3071.3 	1627.2	4231.6
316 	50    	3006.78	1955.6	4624.8
317 	50    	3101.39	2147.2	4088  
318 	50    	3044.55	1653.2	4272.4
319 	50    	3002.17	1922.8	4314  
320 	50    	3049.27	1985.2	4346.8
321 	50    	2995   	1778.8	4369.2
322 	50    	2938.76	1885.2	3985.6
323 	50    	2894.2 	1730.4	3850.4
324 	50    	3065.05	2146.8	4343.6
325 	50    	3126.28	1885.6	4296  
326 	50    	3062.69	2381.6	3736.8
327 	50    	3061.33	2116.8	4305.6
328 	50    	3172.62	2142  	4259.6
329 	50    	3088.08	2010  	4184.8
330 	50    	3046.1 	2033.6	4043.2
331 	50    	2956.15	1630  	4198.4
332 	50    	2969.66	1885.2	4614.4
333 	50    	3033.6 	1912  	4011.6
334 	50    	3083.74	1918.8	4322  
335 	50    	2971.04	2054  	4239.6
336 	50    	2999.55	2085.6	4500  
337 	50    	3132.92	2203.2	5364.4
338 	50    	3073.75	2000.8	4020.8
339 	50    	3101.49	2109.6	3974.4
340 	50    	3015.38	1939.2	4384.4
341 	50    	2975.89	2018.4	4501.2
342 	50    	2994.65	1737.2	4156.4
343 	50    	3043.98	1785.6	4336  
344 	50    	3052.2 	2215.6	4084.8
345 	50    	3120.9 	2217.6	3926  
346 	50    	3060.5 	2079.2	4230  
347 	50    	3010.53	2033.6	4280.8
348 	50    	2879.85	1954.4	3897.2
349 	50    	2989   	850   	4370.4
350 	50    	3073.55	2031.2	4422  
351 	50    	3032.18	2226.8	4014  
352 	50    	3109.46	1982.4	4025.6
353 	50    	3008.91	1851.6	4239.2
354 	50    	3096.22	2358.4	4422  
355 	50    	3053.7 	2159.2	4228.4
356 	50    	2903.64	1971.2	4154.4
357 	50    	3035.26	1557.2	4252.4
358 	50    	2986.52	2051.2	4057.2
359 	50    	2942.84	1876.4	3784.8
360 	50    	2998.12	1883.2	4084.8
361 	50    	3053.06	2177.2	3868.8
362 	50    	3152.77	2108.8	4238.4
363 	50    	3029.02	600.4 	3947.6
364 	50    	2936.58	2018.8	3981.2
365 	50    	2942.1 	2050  	4195.2
366 	50    	3035.93	2231.2	3947.6
367 	50    	3062.89	2108.8	4560.4
368 	50    	3070.83	1983.6	4369.2
369 	50    	3183.89	2462  	4176.8
370 	50    	3083.66	2009.6	4273.6
371 	50    	3047.82	1989.6	4030  
372 	50    	3034.29	1726.8	4536.8
373 	50    	3003.41	1815.2	4275.2
374 	50    	3108.73	2036  	4147.2
375 	50    	2994.46	2026.4	4192.8
376 	50    	2990.18	1971.6	3956.8
377 	50    	3040.44	2200  	4313.6
378 	50    	3065.18	1992.8	3700.4
379 	50    	3059.56	2008.4	4866.8
380 	50    	3065.55	804   	4406.4
381 	50    	2887.67	2023.2	3523.6
382 	50    	3091.82	1951.6	4271.6
383 	50    	2913.18	2050.4	3836  
384 	50    	3040.9 	1960.8	4325.2
385 	50    	3060.74	2136.4	4186  
386 	50    	3074.02	1922.8	4073.6
387 	50    	3063.9 	1908.4	4197.6
388 	50    	2931.98	2004.8	3972.8
389 	50    	2956.97	1852.8	4356.8
390 	50    	2999.9 	2145.6	4991.2
391 	50    	3059.44	2028.8	4239.2
392 	50    	3086.66	2188.8	4280  
393 	50    	2978.26	2211.2	4064  
394 	50    	3148.04	2059.2	3981.6
395 	50    	3004.38	2150.8	4318  
396 	50    	3081.64	1777.2	5208.4
397 	50    	2983.99	1992.8	4426.4
398 	50    	3008.48	2140  	3898.8
399 	50    	2996.56	2090.8	4520  
400 	50    	2954.44	2013.2	4240  
401 	50    	2817.46	1867.2	3914.4
402 	50    	3026.21	1889.6	3874.8
403 	50    	3045.37	2017.2	4262.4
404 	50    	3014.39	1808  	4095.6
405 	50    	3148.12	2254  	4250.4
406 	50    	2961.78	1761.6	4224  
407 	50    	3053.7 	2017.2	4166.4
408 	50    	3064.51	2246.4	4069.6
409 	50    	2967.27	1996.8	3920  
410 	50    	2957.52	1824  	4504.8
411 	50    	2840.05	704   	3839.6
412 	50    	2922.57	625.2 	4072.4
413 	50    	3086.45	2255.6	4287.6
414 	50    	3025.03	1704.4	4029.6
415 	50    	2984.7 	1610.4	4283.2
416 	50    	2840.11	1666  	3935.6
417 	50    	3005.75	2024  	4330.4
418 	50    	2986.26	2150.4	4780  
419 	50    	3077.11	2336.8	3917.2
420 	50    	2958.26	2049.2	4239.2
421 	50    	3033.78	2243.6	4063.6
422 	50    	3013.15	1994.4	4256.8
423 	50    	3047.86	1926.4	4048  
424 	50    	3038.48	1909.2	3856.4
425 	50    	3110.8 	2333.6	4262.8
426 	50    	3182.86	2138  	4558  
427 	50    	2960.9 	2097.2	4325.2
428 	50    	2970.78	2216  	4019.6
429 	50    	2846.25	1989.2	3742.4
430 	50    	3010.2 	2208.4	4419.2
431 	50    	2900.74	1802.4	3814  
432 	50    	3066.37	2283.6	3978.4
433 	50    	2968.58	2216  	4413.2
434 	50    	2982.78	2005.2	3966  
435 	50    	2943.1 	2006.8	4177.6
436 	50    	3072.85	1963.6	4239.2
437 	50    	3113.47	1821.2	4433.2
438 	50    	2994.07	2059.2	4104.4
439 	50    	3062.42	2039.2	4018.8
440 	50    	2936.4 	2094.8	4148.8
441 	50    	3013.92	1519.6	4399.6
442 	50    	2968.06	2114.4	3793.2
443 	50    	3006.98	2215.6	3905.2
444 	50    	3012.82	2153.2	4282.8
445 	50    	2942.49	1947.2	5035.2
446 	50    	2932.24	1578  	4198.4
447 	50    	2962.54	808   	3979.6
448 	50    	3014.91	1914  	4177.6
449 	50    	3099.26	2149.2	4159.2
450 	50    	3115.3 	1888  	4841.6
451 	50    	2897.6 	1911.2	3931.2
452 	50    	2984.02	2052.4	3912  
453 	50    	2942.4 	1598.8	4246.8
454 	50    	2961.34	1722.8	3954.4
455 	50    	3090.11	2140.4	4433.6
456 	50    	3011.75	1917.6	3951.2
457 	50    	3086.42	1819.6	4582.8
458 	50    	2961.15	1992.4	3941.6
459 	50    	2962.99	2107.6	3986.4
460 	50    	3085.86	1966.8	4280.4
461 	50    	3125.48	1797.6	4484.8
462 	50    	3060.26	2028.8	4144  
463 	50    	2956.28	2045.6	4104  
464 	50    	3116.77	2085.2	4418.8
465 	50    	2952.9 	1832.8	4550.8
466 	50    	2979.14	2077.2	3951.6
467 	50    	3062.51	1883.2	4080  
468 	50    	3111.83	1989.6	5086  
469 	50    	2970.57	1924  	4448  
470 	50    	3007.16	2220.4	4120.4
471 	50    	2924.75	2226.8	3981.6
472 	50    	3030.14	2086  	4413.6
473 	50    	2904.66	1997.6	3879.2
474 	50    	3020.22	1936.8	4259.2
475 	50    	3047.87	1948.4	4046  
476 	50    	2979.58	2149.2	3741.2
477 	50    	3066.18	1729.6	4614  
478 	50    	3048.65	2062.8	4354.4
479 	50    	2995.03	1884  	4148.8
480 	50    	3084.55	2148.8	4464.8
481 	50    	2992.61	1956.4	4586.8
482 	50    	2982.13	1772.4	4587.2
483 	50    	2988.46	2124  	4141.6
484 	50    	2955.62	1492.4	3940.4
485 	50    	3026.14	1813.2	4054.4
486 	50    	3084.18	2104.4	4271.2
487 	50    	3106.9 	2133.6	4100  
488 	50    	2816.69	1762.8	4035.2
489 	50    	2992.95	1943.6	3930  
490 	50    	2981.64	1665.2	4498.4
491 	50    	3110.46	1699.6	4894  
492 	50    	3066.82	2336.8	4017.6
493 	50    	2902.46	1974.4	4589.6
494 	50    	3140.26	2454.4	4200  
495 	50    	2952.02	1568.8	4224  
496 	50    	2951.89	2116.8	3877.2
497 	50    	2964.4 	2103.6	4152.4
498 	50    	2999.58	1634.8	4248.4
499 	50    	3118.7 	1674.4	4971.2
500 	50    	2924.18	1791.6	4024.8
501 	50    	2911.03	1856.4	4075.6
502 	50    	3144.38	2084  	4152.4
503 	50    	3114.91	2176.4	4229.6
504 	50    	3069.67	1904  	4298  
505 	50    	3055   	782.4 	4275.2
506 	50    	2952.05	1618.8	4204  
507 	50    	2852.02	1763.6	3829.2
508 	50    	2943.03	1884.4	4740.4
509 	50    	3032.19	2194  	4422  
510 	50    	3065.32	1775.6	4317.2
511 	50    	3105.54	2042.4	3940.8
512 	50    	3044.63	2147.6	4526  
513 	50    	2952.74	1952.4	4090.8
514 	50    	2974.26	1976.4	4424.4
515 	50    	3028.1 	2104.8	4273.6
516 	50    	3035.22	1787.2	4026.4
517 	50    	3054.31	2214.4	4240.4
518 	50    	3079.8 	1984.4	4122.8
519 	50    	3053.3 	1385.6	4614.8
520 	50    	2947.3 	1049.2	3820.4
521 	50    	3089.15	2158.4	4073.2
522 	50    	2983.51	1710.8	3980.4
523 	50    	3127.14	1953.6	4413.2
524 	50    	2980.77	1699.6	4971.2
525 	50    	3205.66	2305.6	4155.2
526 	50    	3196.54	1830  	4286  
527 	50    	3053.74	2024  	4000.8
528 	50    	3167.08	2172  	4276.4
529 	50    	3127.63	1826.4	4280  
530 	50    	2977.62	2045.6	4011.6
531 	50    	3006.27	1947.6	4456.4
532 	50    	2907.77	1790.8	4201.6
533 	50    	3034.84	1989.6	4280.4
534 	50    	2946.02	2114  	3881.2
535 	50    	2944.28	2159.6	4563.2
536 	50    	3077.87	1676.4	4269.6
537 	50    	2872.25	1760  	3892.4
538 	50    	3047.63	2094  	4122  
539 	50    	2987.54	1732.4	4432  
540 	50    	3051.78	2194.8	4238.8
541 	50    	3159.68	2074.8	4242.4
542 	50    	3063.48	2055.2	4254  
543 	50    	3108.7 	1948  	4187.2
544 	50    	3128.3 	1998.8	4220  
545 	50    	3025.76	2199.6	4472.8
546 	50    	2841.42	2054.8	3573.2
547 	50    	2922.34	1594  	3797.2
548 	50    	2888.78	1796.8	4294.4
549 	50    	3174.67	2192  	4433.2
550 	50    	3007.32	1910  	4731.6
551 	50    	3081.01	1481.2	4367.2
552 	50    	3027.63	1542.8	3908  
553 	50    	3120.26	2078.4	4422.8
554 	50    	3045.1 	1952.4	3996  
555 	50    	2984.28	1927.6	4312.4
556 	50    	2995.05	1923.6	4159.6
557 	50    	3081.25	2109.2	4140  
558 	50    	3042.85	2085.2	4373.2
559 	50    	3077.52	1864.8	4198.8
560 	50    	3105.97	2122.4	4456.4
561 	50    	3067.04	1811.6	4250.8
562 	50    	2967.01	1956.4	4243.2
563 	50    	2879.98	2148  	3903.6
564 	50    	3140.01	1995.6	4441.2
565 	50    	2939.34	2123.6	4033.2
566 	50    	2915.64	1960.8	4102.4
567 	50    	3042.43	2174.4	4167.2
568 	50    	3065.7 	2141.2	4086.8
569 	50    	3002.1 	1968.8	4144.4
570 	50    	3122.1 	2315.6	4232  
571 	50    	2947.74	1811.2	4130  
572 	50    	2985.99	2216.4	4178.8
573 	50    	2906.69	1810.8	4253.6
574 	50    	2976.3 	1820.4	4476  
575 	50    	3123.09	2176  	4002  
576 	50    	2889.42	1840  	3859.2
577 	50    	2928.26	1798  	4222.4
578 	50    	2929.28	1682.8	3876.4
579 	50    	3011.74	1833.2	4638.4
580 	50    	2884.22	2121.6	4199.2
581 	50    	2912.69	2073.6	4023.2
582 	50    	2978.22	1907.2	4112.4
583 	50    	2968.5 	2003.2	4288.8
584 	50    	3032   	2066  	3899.6
585 	50    	3039.13	1855.6	4203.6
586 	50    	3072.22	2048.4	4108.8
587 	50    	3035.75	2066.4	4387.6
588 	50    	2994.56	1961.6	4077.2
589 	50    	2969.77	2110  	4180.4
590 	50    	3082.66	2060  	4534.4
591 	50    	3064.69	2059.2	4240.4
592 	50    	3082.24	1989.6	4301.6
593 	50    	3112.32	2178.8	4260.8
594 	50    	3101   	2052.8	3959.6
595 	50    	2986.04	1996.8	4147.6
596 	50    	3009.06	1905.2	4040.4
597 	50    	3192.34	1877.6	4180  
598 	50    	3098.14	2372.8	4233.6
599 	50    	3015.44	2077.2	4383.6
600 	50    	3072.68	2056.8	4141.2
601 	50    	3053.29	2132.4	4268.4
602 	50    	2939.69	2231.6	3993.2
603 	50    	3038.68	1814  	4221.6
604 	50    	2984.15	1953.2	4356.4
605 	50    	3103.95	1882.8	4393.6
606 	50    	3002.17	2184.8	4068.8
607 	50    	3015.9 	1893.6	3891.2
608 	50    	3029.41	2137.2	4364.8
609 	50    	2873.83	1979.2	4199.6
610 	50    	2923.25	2027.2	4033.2
611 	50    	3028.43	2362.4	4361.6
612 	50    	3096.8 	2107.6	4324  
613 	50    	3024.62	2179.6	4314.4
614 	50    	2986.13	2133.2	3900.4
615 	50    	3083.23	1876.8	4259.2
616 	50    	2969.97	2102  	4216.4
617 	50    	3114.58	2134  	3922.8
618 	50    	2973.42	2227.6	3876.4
619 	50    	2982.63	1915.6	3849.2
620 	50    	3010.55	2030.4	3765.2
621 	50    	2940.21	1819.2	4276.4
622 	50    	3056.29	1948.8	4314.4
623 	50    	2872.81	1715.6	4297.6
624 	50    	2918.18	2094.4	4286.4
625 	50    	3142.06	2037.2	4519.2
626 	50    	3036.4 	1971.2	4272.8
627 	50    	3089.94	1767.2	4336.4
628 	50    	2891.42	810   	3944  
629 	50    	3056.7 	2377.2	3977.6
630 	50    	3001.23	1886.8	4170.8
631 	50    	2982.52	2007.2	3849.2
632 	50    	3077.28	1884.8	4656  
633 	50    	2989.17	2008.4	4183.2
634 	50    	3059.3 	2176.8	4170.8
635 	50    	2985.44	1736.8	4306.8
636 	50    	3042.59	1820.8	4788.4
637 	50    	2986.34	1699.6	4105.6
638 	50    	3028.95	1725.6	3865.2
639 	50    	2979.39	1967.2	4326  
640 	50    	3013.66	1782  	4074.8
641 	50    	2846.24	2192  	3569.2
642 	50    	3030.24	1952.8	3766.4
643 	50    	2929.92	1779.2	3788.8
644 	50    	3025.65	2302.4	4044.4
645 	50    	3082.86	2044  	4406  
646 	50    	3074.83	2050  	4096  
647 	50    	3006.22	2179.6	4387.6
648 	50    	3120.63	2265.2	4231.2
649 	50    	3070.3 	1926.4	4297.6
650 	50    	3131.43	2280  	4365.2
651 	50    	2895.6 	1853.6	3863.6
652 	50    	2992.34	1938.4	4249.2
653 	50    	3180.34	2113.2	4454.4
654 	50    	2898.86	1847.6	4512.4
655 	50    	3007.71	1850  	4631.2
656 	50    	2864.42	1857.2	3718.4
657 	50    	2922.14	1806.8	4944.8
658 	50    	2828.42	1947.2	4259.2
659 	50    	3069.02	1840.8	4307.6
660 	50    	3115.7 	2197.6	4329.2
661 	50    	2995.02	2057.2	3956.8
662 	50    	2976.07	2280  	4716.4
663 	50    	3186.25	2031.6	4826.8
664 	50    	2992.23	1903.6	4147.6
665 	50    	3043.24	778.8 	4267.6
666 	50    	2921.57	2174.4	3978  
667 	50    	3062.25	2142.4	4037.6
668 	50    	3140.93	1786  	4115.6
669 	50    	3042.62	1779.2	3948  
670 	50    	3034.54	2220  	4297.2
671 	50    	3035.33	1626.8	4391.6
672 	50    	3021   	2062  	4076  
673 	50    	2948.21	2129.6	4035.2
674 	50    	2947.79	1942.8	4333.2
675 	50    	3050.58	2016  	4172.8
676 	50    	2801.06	1797.6	3803.6
677 	50    	2970.52	2005.6	3909.6
678 	50    	2985.04	2139.6	4283.2
679 	50    	3071.46	1867.2	4405.6
680 	50    	3070.06	2041.6	3989.6
681 	50    	3083.28	2015.2	4061.6
682 	50    	3091.99	1952.8	4195.6
683 	50    	3128.85	2353.6	4310  
684 	50    	3070.26	1942.8	4058.8
685 	50    	2934.87	2046  	3802  
686 	50    	3177.94	1961.2	4292  
687 	50    	2951.58	1531.2	4830.8
688 	50    	3038.12	2011.6	4163.2
689 	50    	3055.95	1978  	3960.4
690 	50    	3133.53	1786.4	4376.8
691 	50    	3079.74	2137.2	4662  
692 	50    	3066.09	1684.8	4284  
693 	50    	3074.31	1948.4	4105.6
694 	50    	2986.99	1840  	4656.8
695 	50    	3100.6 	2117.6	4211.2
696 	50    	2999   	1615.6	4548.8
697 	50    	2981.42	2010  	3945.6
698 	50    	3022.91	1880.4	4250.8
699 	50    	2967.78	1810.4	4260  
700 	50    	2933.03	2080.4	4198.4
701 	50    	2996.08	1837.2	3818  
702 	50    	3045.5 	2121.6	4224.4
703 	50    	3108.12	1784  	4230  
704 	50    	3070.12	2032  	4271.6
705 	50    	3005.34	2210.8	4322.8
706 	50    	2836.58	1845.6	3936.4
707 	50    	3119.47	2088  	4627.6
708 	50    	3054.74	2032  	4302.4
709 	50    	3122.61	2045.2	4686.4
710 	50    	3009.82	1819.6	4441.2
711 	50    	3008   	1963.6	4271.6
712 	50    	2954.19	2112.4	4224.8
713 	50    	3075.74	2013.2	4610  
714 	50    	2991.19	2116.4	3934.8
715 	50    	3186.68	2300.8	4409.2
716 	50    	3097.54	1944  	4046.4
717 	50    	3094.26	1847.6	4276.4
718 	50    	3014.98	2140.8	4198  
719 	50    	3086.02	1906  	4540.8
720 	50    	2981.42	1735.6	3906.4
721 	50    	2994.72	1856  	4070.4
722 	50    	2974.85	1814  	4104.4
723 	50    	2986.52	1970.8	4136.8
724 	50    	2973.5 	1981.2	4135.6
725 	50    	3014.62	1994.8	4046.8
726 	50    	3134.89	2218.8	4251.2
727 	50    	2920.1 	1948.8	4610  
728 	50    	2985.72	2016  	4340.4
729 	50    	2994.64	2332  	3887.6
730 	50    	2965.9 	1974  	4205.6
731 	50    	3096.8 	1972.4	4383.6
732 	50    	2950.76	1787.6	4260.8
733 	50    	3031.97	1687.2	4201.6
734 	50    	3041.26	1958.4	3985.6
735 	50    	3100.54	2008.8	4279.2
736 	50    	3062.93	1806.4	4463.2
737 	50    	3037.38	2272  	4246.8
738 	50    	3120.64	1878.4	4502  
739 	50    	3044.52	1927.6	4267.6
740 	50    	2918.18	1817.6	4074.8
741 	50    	3032.55	2098.4	3992.8
742 	50    	3026.74	2140.8	3866.4
743 	50    	3112.17	1736.8	4382.4
744 	50    	2930.27	2130.4	4610  
745 	50    	3037.59	1866.4	4228.8
746 	50    	2958.81	1968  	3955.6
747 	50    	2988.02	1777.2	4478.4
748 	50    	2980.35	1982.4	4129.2
749 	50    	3085.31	1976.4	4154.4
750 	50    	3008.58	1752.4	4425.2
751 	50    	3060.82	1831.2	4318.4
752 	50    	2932.7 	601.2 	4256.8
753 	50    	2967.02	2188.4	4010.8
754 	50    	2961.57	1949.2	4324.4
755 	50    	2899.86	1840  	3814  
756 	50    	2990.16	1923.6	3836.8
757 	50    	2965.44	1731.6	3948.8
758 	50    	2986.9 	1837.6	4207.6
759 	50    	2983.93	1865.2	3981.2
760 	50    	3065.17	1813.6	4198  
761 	50    	2996.35	1898  	4147.2
762 	50    	2997.23	2224.8	4086.8
763 	50    	2978.19	1428.4	4088.8
764 	50    	2933.3 	1938.4	3946  
765 	50    	3012.77	1837.6	4707.6
766 	50    	3089.15	2148  	4174.4
767 	50    	2934.59	2117.2	4227.2
768 	50    	2911.03	2112.4	3992.8
769 	50    	3071.17	2126.4	5031.2
770 	50    	3007.66	1950.4	4406  
771 	50    	2949.77	2103.6	3984.8
772 	50    	3031.19	1917.2	4427.2
773 	50    	3029.93	2016.4	4371.6
774 	50    	2979.3 	1888.4	4212.8
775 	50    	2975.36	1994.4	4494.8
776 	50    	2956.89	2235.6	3971.2
777 	50    	2911.78	1692.4	3616  
778 	50    	2976.8 	1696.8	3760  
779 	50    	3117.96	2222.4	4295.6
780 	50    	3042   	2345.6	4269.6
781 	50    	2917.37	1849.6	4994.8
782 	50    	2930.6 	2135.6	3712.4
783 	50    	3013.17	1777.2	4029.6
784 	50    	2950.58	2160.4	4098.8
785 	50    	3058.91	2190.4	4793.2
786 	50    	2979.98	1803.6	4088.8
787 	50    	2963.51	2019.2	4161.6
788 	50    	2920.4 	2068.4	4541.6
789 	50    	2952.46	1824  	4089.6
790 	50    	2946.3 	1790  	4148.4
791 	50    	2988   	1723.2	4175.6
792 	50    	3078.8 	2088  	4135.2
793 	50    	2989.51	1897.2	4166.8
794 	50    	3018.46	2182  	4364.4
795 	50    	3035.22	2152.4	4086.4
796 	50    	3052.58	1951.6	4725.2
797 	50    	3001.39	2122.8	4047.6
798 	50    	2977.72	2056.4	4407.2
799 	50    	2925.78	1840  	4074  
800 	50    	2901.47	2042.4	4052.4
801 	50    	3029.99	1631.2	4269.2
802 	50    	2900.86	1809.6	4054.8
803 	50    	2950.46	2173.6	4314.4
804 	50    	2901.87	1505.2	3942.4
805 	50    	3025.17	1793.6	4313.6
806 	50    	3101.61	2144.8	4609.2
807 	50    	3115.53	1771.2	4379.2
808 	50    	2926.87	1996  	3966.8
809 	50    	2896.1 	2127.2	4117.6
810 	50    	3106.93	2380.4	3867.6
811 	50    	2934.64	2002  	3722  
812 	50    	3045.82	2160  	3943.6
813 	50    	2954.8 	2077.6	4014.4
814 	50    	3053.53	2181.2	3889.2
815 	50    	2977.9 	2017.2	4158  
816 	50    	3002.75	1981.2	4613.6
817 	50    	3141.59	2431.6	4347.6
818 	50    	2856.15	1870.8	3679.6
819 	50    	3034.86	2182.4	4175.6
820 	50    	3010.35	2104  	4456.4
821 	50    	2938.01	2028  	3792.4
822 	50    	2879.25	1147.2	3895.2
823 	50    	2951.22	2124.8	3979.2
824 	50    	3124.76	2237.6	4266.4
825 	50    	3070.28	1895.2	4012.4
826 	50    	3051.02	2002  	4404.8
827 	50    	2966.6 	1680.4	4572.8
828 	50    	2936.45	1928.4	4862.4
829 	50    	3008.84	1951.6	4540.8
830 	50    	2964.49	1937.2	4007.2
831 	50    	2935.62	2163.2	3882  
832 	50    	2892.3 	1845.6	3942.4
833 	50    	3058.7 	1966.4	4334.8
834 	50    	2924.74	1811.6	4408.4
835 	50    	3108.34	2095.2	4211.2
836 	50    	3045.23	1716.8	4274  
837 	50    	2851.24	1909.2	4022  
838 	50    	2897.41	1913.6	3942.8
839 	50    	2910.6 	1832.8	4311.6
840 	50    	2926.18	732   	3982.8
841 	50    	2968.07	788.8 	4264.8
842 	50    	2940.56	1730.4	4055.2
843 	50    	3120.78	2186  	4593.2
844 	50    	2764.62	1821.6	4468.4
845 	50    	3042.54	2029.6	4422.4
846 	50    	2986.79	2112.8	4003.6
847 	50    	2904.02	1773.2	4181.6
848 	50    	2962.99	1671.6	4631.6
849 	50    	3014.35	1972  	4469.2
850 	50    	3081.24	2282.4	4358.8
851 	50    	3027.44	2317.6	3902.4
852 	50    	3058.39	2016  	4184.4
853 	50    	2985.85	1861.6	4056.8
854 	50    	2879.55	2039.6	3816  
855 	50    	3011.09	1888.8	4235.6
856 	50    	3003.97	1958.8	3895.2
857 	50    	3031.04	2178.4	4417.6
858 	50    	2972.84	1993.6	4096.8
859 	50    	3024.12	2038.8	4418.4
860 	50    	3069.38	2107.2	3960.4
861 	50    	2909.02	1849.6	3886.4
862 	50    	3009.22	1787.6	4222.4
863 	50    	2940.94	2000.8	4067.6
864 	50    	3058.8 	1816.4	3974.4
865 	50    	3012.05	1932.4	4109.2
866 	50    	3168.42	1801.2	4449.6
867 	50    	3106.35	2232.8	4323.6
868 	50    	2923.42	2100.8	3923.2
869 	50    	3172.26	1993.6	4613.2
870 	50    	3112.55	2170.8	3998.4
871 	50    	3119.14	2182  	4546  
872 	50    	3015.19	1830.8	4288.4
873 	50    	2986.56	1867.2	4185.2
874 	50    	3190.29	2138.8	4471.2
875 	50    	2985.15	2113.2	4137.2
876 	50    	2898.62	1725.2	4277.6
877 	50    	3033.11	2239.2	4378.4
878 	50    	3002.25	1970  	4423.2
879 	50    	3008.09	1998  	4088  
880 	50    	3091.14	1941.2	4156.8
881 	50    	3058.34	2221.2	4394.4
882 	50    	2941.98	1895.6	4346.8
883 	50    	3061.94	2232.4	3997.6
884 	50    	2997.83	1964  	4116  
885 	50    	3006.21	1997.6	3856  
886 	50    	3032.57	1728  	4670  
887 	50    	3089.02	1977.2	4438.4
888 	50    	2985.35	2068  	4365.6
889 	50    	3169.43	1914  	4524.4
890 	50    	3030.42	2000  	4638.8
891 	50    	3057.48	2104.4	4803.6
892 	50    	2926.97	1746.4	4330.8
893 	50    	3044.54	2036.8	4554.4
894 	50    	3104.82	2106.8	4400.8
895 	50    	2999.49	2009.2	4389.6
896 	50    	2951.5 	1997.2	4227.2
897 	50    	3096.02	2234.8	4298.8
898 	50    	3054.15	2143.2	4822.4
899 	50    	3133.26	1993.6	4776.4
900 	50    	2912.71	1907.2	3900  
901 	50    	3040.8 	1908.8	4364  
902 	50    	2893.05	1651.6	3680.4
903 	50    	3136.49	2135.2	4670.4
904 	50    	2943.28	1758.8	4458.4
905 	50    	3157.86	1716.4	4064  
906 	50    	3091.83	1829.2	4558.8
907 	50    	3007.94	2090  	3996  
908 	50    	3161.43	2253.2	4096.4
909 	50    	3044.79	2117.6	4231.6
910 	50    	2977.38	1716.4	4174.4
911 	50    	3025.68	2141.6	4073.2
912 	50    	3075.98	2196.4	4039.6
913 	50    	3077.42	1951.6	4322.4
914 	50    	2994.9 	2098.4	3977.6
915 	50    	3204.66	1974.8	4438.8
916 	50    	2989.6 	1905.2	3918.4
917 	50    	3052.13	1564  	4879.2
918 	50    	2910.64	845.6 	4513.2
919 	50    	2990.69	1739.2	3749.2
920 	50    	2850.08	1823.6	4141.6
921 	50    	2894.87	1966.4	4353.2
922 	50    	3095.14	1856.8	4474  
923 	50    	3000.55	2003.6	4545.2
924 	50    	3056.87	929.6 	4402  
925 	50    	2962.86	1812  	4026.4
926 	50    	3076.53	1936.4	4191.2
927 	50    	3066.95	1969.2	4190.4
928 	50    	2954.34	1848.4	3760.4
929 	50    	2928.48	1956.4	4424.8
930 	50    	2934.13	2081.6	3934  
931 	50    	2898.37	1983.2	4098.8
932 	50    	2920.73	1526  	4316.4
933 	50    	3075.06	1754.4	4101.6
934 	50    	2956.58	1844.8	4300.4
935 	50    	2990.22	1938.4	3933.6
936 	50    	3004.5 	2350.8	4136.8
937 	50    	3025.75	1930.8	4310.4
938 	50    	3047.24	2058  	4672.8
939 	50    	3013.71	2252  	4879.2
940 	50    	3076.75	1738.8	4264.8
941 	50    	2984.16	2195.2	4138.8
942 	50    	2953.26	1849.6	3987.2
943 	50    	3121.47	2196.4	4496.4
944 	50    	3055.91	2327.2	4211.2
945 	50    	2995.28	2321.6	4093.6
946 	50    	2980.5 	2014  	3954.4
947 	50    	2958.66	1480.8	4225.2
948 	50    	2897.02	2026.4	3912.4
949 	50    	3062.38	2288.8	4510  
950 	50    	2998.74	1556.8	4190.8
951 	50    	2956.95	1722.4	4703.6
952 	50    	2919.94	1863.6	4083.2
953 	50    	3034.08	2030  	4311.6
954 	50    	3050.01	1914.4	4029.2
955 	50    	2943.23	2046.8	4196.8
956 	50    	3030.36	1990.4	4043.6
957 	50    	3000.17	1966  	4193.6
958 	50    	2995.38	1931.6	3717.6
959 	50    	2982.38	1873.6	4446.8
960 	50    	3129.74	1859.6	4139.2
961 	50    	2954.62	2222.4	4147.2
962 	50    	2970.96	1950.8	3808  
963 	50    	2882.62	2019.2	3836  
964 	50    	3122.5 	2197.6	4175.2
965 	50    	2952   	1950.8	4983.2
966 	50    	2989.91	2135.6	3777.2
967 	50    	2982.76	1677.6	4141.2
968 	50    	3064.78	1874  	4098  
969 	50    	2969.02	1873.6	4082  
970 	50    	3136.61	2028.4	4160.8
971 	50    	3063.56	2022.4	4414  
972 	50    	2955.86	2087.6	4159.6
973 	50    	3051.86	2084  	4147.6
974 	50    	3065.76	1931.2	4297.2
975 	50    	2983.25	1962  	4497.2
976 	50    	3137.21	1842.4	4009.2
977 	50    	2990.5 	2192.8	4071.6
978 	50    	2894.13	1823.2	3838  
979 	50    	2925.05	1828.8	3937.2
980 	50    	3002.33	1948.8	4103.6
981 	50    	2934.34	1599.2	4381.6
982 	50    	3042.19	2164  	4148.8
983 	50    	2991.9 	1828.8	4764  
984 	50    	2970.83	2286.8	4862.4
985 	50    	3066.89	1947.6	4147.6
986 	50    	2984.42	2111.6	3996  
987 	50    	2975.54	1938  	3832  
988 	50    	2966.18	2005.6	4107.2
989 	50    	3046.06	1910  	3991.6
990 	50    	2843.29	2022.4	3940  
991 	50    	2986.51	1990  	3846  
992 	50    	2875.82	1964.4	4009.2
993 	50    	3109.66	2126.8	4400.4
994 	50    	3071.05	2076.4	4436  
995 	50    	2977.15	1933.2	4225.6
996 	50    	2898.09	2049.2	3691.6
997 	50    	3113.93	1867.6	4573.6
998 	50    	2868.58	1593.6	4192.4
999 	50    	2867.77	2182.4	4105.6
1000	50    	3061.61	2036.4	4114.8