gen	nevals	avg      	min      	max      
0  	25    	0.0192187	0        	0.09375  
1  	25    	0.0387813	0        	0.103125 
2  	25    	0.048    	0        	0.0820312
3  	25    	0.0614063	0        	0.1125   
4  	25    	0.0716563	0.0078125	0.121094 
5  	25    	0.064125 	0        	0.107813 
6  	25    	0.0700625	0        	0.157813 
7  	25    	0.06525  	0        	0.121875 
8  	25    	0.0609687	0        	0.0875   
9  	25    	0.0605   	0        	0.103906 
10 	25    	0.0731562	0.05     	0.107031 
11 	25    	0.0700938	0.0078125	0.103125 
12 	25    	0.07625  	0.05     	0.11875  
13 	25    	0.076625 	0.0398437	0.121094 
14 	25    	0.0745625	0.0492188	0.0960938
15 	25    	0.0670312	0.0078125	0.109375 
16 	25    	0.0739688	0        	0.10625  
17 	25    	0.0727812	0.0492188	0.0953125
18 	25    	0.069625 	0        	0.117969 
19 	25    	0.072875 	0.0453125	0.1125   
20 	25    	0.0720313	0.0078125	0.104687 
21 	25    	0.0737812	0.0484375	0.110156 
22 	25    	0.0800937	0.0492188	0.108594 
23 	25    	0.075625 	0.0078125	0.119531 
24 	25    	0.0733438	0.0476562	0.115625 
25 	25    	0.0718437	0.0484375	0.104687 
26 	25    	0.0752813	0.0078125	0.105469 
27 	25    	0.0763125	0.0484375	0.114063 
28 	25    	0.0731562	0.0492188	0.107813 
29 	25    	0.073125 	0.0476562	0.103125 
30 	25    	0.066875 	0.0078125	0.101562 
31 	25    	0.0707813	0.0078125	0.113281 
32 	25    	0.0635625	0.0078125	0.109375 
33 	25    	0.0733437	0.0445312	0.103906 
34 	25    	0.071375 	0        	0.129688 
35 	25    	0.0711562	0.0484375	0.115625 
36 	25    	0.074625 	0.040625 	0.107813 
37 	25    	0.074    	0        	0.126563 
38 	25    	0.0745312	0.0484375	0.11875  
39 	25    	0.0656875	0        	0.0945313
40 	25    	0.072625 	0.0078125	0.114063 
41 	25    	0.0744063	0.0421875	0.110156 
42 	25    	0.0744062	0.0453125	0.129688 
43 	25    	0.0691563	0.0421875	0.116406 
44 	25    	0.0755625	0.0429688	0.127344 
45 	25    	0.0724062	0.0398437	0.108594 
46 	25    	0.073875 	0.0078125	0.1125   
47 	25    	0.0711563	0.0460938	0.0992187
48 	25    	0.0715625	0.0476562	0.103906 
49 	25    	0.0691875	0        	0.0953125
50 	25    	0.065875 	0        	0.0960938
51 	25    	0.0615625	0        	0.0976562
52 	25    	0.074625 	0.0445312	0.103125 
53 	25    	0.0730312	0.0078125	0.122656 
54 	25    	0.0748125	0.0078125	0.145313 
55 	25    	0.0862813	0.0078125	0.311719 
56 	25    	0.0805312	0.0078125	0.205469 
57 	25    	0.103312 	0.0492188	0.394531 
58 	25    	0.0960625	0.0078125	0.233594 
59 	25    	0.129656 	0.0078125	0.295312 
60 	25    	0.178563 	0.0078125	0.338281 
61 	25    	0.188094 	0.0078125	0.341406 
62 	25    	0.188062 	0.0078125	0.345313 
63 	25    	0.18225  	0.0078125	0.339063 
64 	25    	0.206781 	0.0679687	0.378906 
65 	25    	0.171719 	0.0617188	0.282813 
66 	25    	0.2185   	0.0796875	0.411719 
67 	25    	0.2015   	0.0078125	0.442187 
68 	25    	0.1755   	0.0078125	0.347656 
69 	25    	0.187375 	0.0078125	0.389062 
70 	25    	0.167062 	0.0078125	0.3375   
71 	25    	0.202938 	0.0609375	0.364844 
72 	25    	0.200625 	0.0984375	0.354688 
73 	25    	0.188188 	0.0078125	0.405469 
74 	25    	0.21075  	0.0078125	0.3375   
75 	25    	0.217281 	0.0773437	0.367969 
76 	25    	0.17125  	0.0078125	0.301562 
77 	25    	0.184813 	0.0078125	0.3      
78 	25    	0.198844 	0.125781 	0.303906 
79 	25    	0.192594 	0.0648438	0.272656 
80 	25    	0.204094 	0.0648438	0.38125  
81 	25    	0.187187 	0.0078125	0.314063 
82 	25    	0.190656 	0.0898438	0.367188 
83 	25    	0.189562 	0.0078125	0.369531 
84 	25    	0.169313 	0.0078125	0.385938 
85 	25    	0.195937 	0.0601562	0.34375  
86 	25    	0.191094 	0.0828125	0.328906 
87 	25    	0.183969 	0        	0.335156 
88 	25    	0.197219 	0.0078125	0.464063 
89 	25    	0.197969 	0.0078125	0.366406 
90 	25    	0.19725  	0.0078125	0.321094 
91 	25    	0.1415   	0.0078125	0.335156 
92 	25    	0.162219 	0.0078125	0.325781 
93 	25    	0.200906 	0.0078125	0.341406 
94 	25    	0.191844 	0.0078125	0.317187 
95 	25    	0.207094 	0.0078125	0.382812 
96 	25    	0.186188 	0.0078125	0.35625  
97 	25    	0.176844 	0.0078125	0.3875   
98 	25    	0.196813 	0.0820312	0.263281 
99 	25    	0.214813 	0.090625 	0.405469 
100	25    	0.215719 	0.0835937	0.33125  
101	25    	0.182625 	0.0078125	0.328906 
102	25    	0.179469 	0        	0.30625  
103	25    	0.197906 	0.110156 	0.294531 
104	25    	0.189906 	0.0578125	0.410937 
105	25    	0.165094 	0.0078125	0.29375  
106	25    	0.170719 	0.0078125	0.353906 
107	25    	0.219281 	0.0617188	0.458594 
108	25    	0.196969 	0.0078125	0.379687 
109	25    	0.182    	0.0078125	0.316406 
110	25    	0.187719 	0.0078125	0.439844 
111	25    	0.177281 	0.0078125	0.349219 
112	25    	0.194312 	0.0078125	0.372656 
113	25    	0.205312 	0.0726563	0.4      
114	25    	0.177531 	0.0078125	0.29375  
115	25    	0.205125 	0.0921875	0.3875   
116	25    	0.186    	0.0078125	0.357812 
117	25    	0.162594 	0.0078125	0.272656 
118	25    	0.145219 	0.0078125	0.307813 
119	25    	0.154437 	0        	0.348437 
120	25    	0.194344 	0.0078125	0.290625 
121	25    	0.189938 	0.0078125	0.350781 
122	25    	0.189281 	0.0078125	0.389062 
123	25    	0.187531 	0.0078125	0.380469 
124	25    	0.216906 	0.0929687	0.352344 
125	25    	0.177187 	0.0078125	0.266406 
126	25    	0.205281 	0.0898438	0.29375  
127	25    	0.192406 	0.0578125	0.31875  
128	25    	0.212594 	0.0835937	0.389844 
129	25    	0.185844 	0.0078125	0.313281 
130	25    	0.203    	0.0078125	0.438281 
131	25    	0.173375 	0.0078125	0.376563 
132	25    	0.204188 	0.0078125	0.363281 
133	25    	0.192719 	0.0078125	0.3625   
134	25    	0.220719 	0.053125 	0.392188 
135	25    	0.177625 	0.0078125	0.435156 
136	25    	0.153375 	0.0078125	0.350781 
137	25    	0.186281 	0.0078125	0.290625 
138	25    	0.221375 	0.0078125	0.383594 
139	25    	0.214656 	0.0078125	0.4375   
140	25    	0.178281 	0.0078125	0.357812 
141	25    	0.179625 	0.0078125	0.350781 
142	25    	0.177781 	0.0078125	0.349219 
143	25    	0.198437 	0.0078125	0.382031 
144	25    	0.211563 	0.0664062	0.327344 
145	25    	0.155406 	0.0078125	0.31875  
146	25    	0.192969 	0.0078125	0.376563 
147	25    	0.191063 	0.0078125	0.321094 
148	25    	0.186031 	0.0078125	0.300781 
149	25    	0.1945   	0.0078125	0.309375 
150	25    	0.191719 	0.0078125	0.36875  
151	25    	0.174125 	0.0726563	0.3375   
152	25    	0.195062 	0.116406 	0.335156 
153	25    	0.195625 	0.0976562	0.361719 
154	25    	0.200219 	0.059375 	0.379687 
155	25    	0.213062 	0.0617188	0.360938 
156	25    	0.182312 	0        	0.371875 
157	25    	0.202719 	0.0078125	0.346875 
158	25    	0.213844 	0.0078125	0.477344 
159	25    	0.198625 	0.075    	0.360938 
160	25    	0.189    	0.0078125	0.334375 
161	25    	0.177625 	0.0078125	0.341406 
162	25    	0.165781 	0.0078125	0.320312 
163	25    	0.188438 	0.0078125	0.378125 
164	25    	0.164469 	0.0078125	0.325    
165	25    	0.168312 	0.0078125	0.333594 
166	25    	0.164656 	0.0078125	0.286719 
167	25    	0.191781 	0.0078125	0.439844 
168	25    	0.1965   	0.0078125	0.30625  
169	25    	0.205313 	0.0929687	0.374219 
170	25    	0.207281 	0        	0.314844 
171	25    	0.199625 	0.113281 	0.300781 
172	25    	0.201813 	0.0078125	0.378125 
173	25    	0.18875  	0.0820312	0.330469 
174	25    	0.166094 	0.0078125	0.310156 
175	25    	0.15525  	0.0078125	0.303906 
176	25    	0.172438 	0.0078125	0.310156 
177	25    	0.176313 	0.05625  	0.26875  
178	25    	0.200844 	0.0289063	0.373437 
179	25    	0.157188 	0.0078125	0.255469 
180	25    	0.180844 	0.0078125	0.329688 
181	25    	0.193187 	0.0078125	0.373437 
182	25    	0.206187 	0.0078125	0.330469 
183	25    	0.190625 	0.0078125	0.35625  
184	25    	0.217031 	0.0804688	0.369531 
185	25    	0.214156 	0.114063 	0.385156 
186	25    	0.183094 	0.0078125	0.294531 
187	25    	0.165438 	0.0078125	0.335156 
188	25    	0.200938 	0.0078125	0.364062 
189	25    	0.176281 	0.0078125	0.354688 
190	25    	0.188219 	0        	0.383594 
191	25    	0.191281 	0.0078125	0.292188 
192	25    	0.153406 	0.0078125	0.357812 
193	25    	0.185344 	0.0078125	0.40625  
194	25    	0.187438 	0.0898438	0.315625 
195	25    	0.207219 	0.075    	0.358594 
196	25    	0.179031 	0.0078125	0.289062 
197	25    	0.203062 	0.0078125	0.432031 
198	25    	0.163125 	0.0078125	0.292969 
199	25    	0.190125 	0.0078125	0.442187 
200	25    	0.18775  	0.0078125	0.335938 
201	25    	0.210563 	0.075    	0.365625 
202	25    	0.169844 	0.0078125	0.292969 
203	25    	0.195406 	0.05     	0.4      
204	25    	0.19925  	0.0078125	0.342969 
205	25    	0.184062 	0.0078125	0.308594 
206	25    	0.206594 	0.0632813	0.341406 
207	25    	0.168906 	0.0078125	0.3625   
208	25    	0.1965   	0.0078125	0.33125  
209	25    	0.186406 	0.0078125	0.292969 
210	25    	0.200156 	0.06875  	0.371875 
211	25    	0.1875   	0.0078125	0.311719 
212	25    	0.160875 	0.0078125	0.360156 
213	25    	0.169125 	0.0078125	0.411719 
214	25    	0.183156 	0.0078125	0.335156 
215	25    	0.167219 	0.0078125	0.334375 
216	25    	0.161438 	0.0078125	0.424219 
217	25    	0.210063 	0.0679687	0.34375  
218	25    	0.2175   	0.05625  	0.428125 
219	25    	0.238469 	0.129688 	0.434375 
220	25    	0.187406 	0.0078125	0.307813 
221	25    	0.186688 	0.0078125	0.290625 
222	25    	0.184562 	0.0078125	0.338281 
223	25    	0.18775  	0.0078125	0.398438 
224	25    	0.224281 	0.0078125	0.395312 
225	25    	0.199344 	0.0664062	0.353906 
226	25    	0.189438 	0.0703125	0.292969 
227	25    	0.224156 	0.0078125	0.410937 
228	25    	0.192625 	0.0078125	0.351562 
229	25    	0.175812 	0.0078125	0.308594 
230	25    	0.178562 	0.0078125	0.4125   
231	25    	0.159906 	0.0078125	0.34375  
232	25    	0.183531 	0.0078125	0.367188 
233	25    	0.171937 	0.0078125	0.307813 
234	25    	0.187625 	0.0078125	0.34375  
235	25    	0.209656 	0.0078125	0.414062 
236	25    	0.177875 	0        	0.282031 
237	25    	0.185344 	0.0671875	0.360938 
238	25    	0.221094 	0.0929687	0.348437 
239	25    	0.210062 	0.0078125	0.341406 
240	25    	0.209094 	0.0078125	0.330469 
241	25    	0.190906 	0.0078125	0.339063 
242	25    	0.209219 	0.0984375	0.325    
243	25    	0.201437 	0.110937 	0.365625 
244	25    	0.1675   	0.0078125	0.303125 
245	25    	0.157531 	0.0078125	0.310156 
246	25    	0.174406 	0.0078125	0.392188 
247	25    	0.200156 	0.0078125	0.335156 
248	25    	0.20825  	0.0078125	0.388281 
249	25    	0.2055   	0.0078125	0.363281 
250	25    	0.163531 	0.0078125	0.334375 
251	25    	0.196063 	0.0859375	0.360938 
252	25    	0.181719 	0.0078125	0.442187 
253	25    	0.181    	0.0078125	0.283594 
254	25    	0.199188 	0        	0.358594 
255	25    	0.215625 	0.108594 	0.401563 
256	25    	0.216656 	0.0078125	0.371094 
257	25    	0.203531 	0.0078125	0.383594 
258	25    	0.180531 	0.0078125	0.264062 
259	25    	0.170625 	0.0078125	0.277344 
260	25    	0.155938 	0.0078125	0.357812 
261	25    	0.168938 	0.0078125	0.315625 
262	25    	0.189062 	0.0078125	0.367969 
263	25    	0.196906 	0.0078125	0.371094 
264	25    	0.179094 	0.0078125	0.292969 
265	25    	0.178188 	0.075    	0.354688 
266	25    	0.19025  	0.0078125	0.377344 
267	25    	0.190813 	0.0078125	0.303906 
268	25    	0.216125 	0.0078125	0.403125 
269	25    	0.197    	0.0078125	0.425    
270	25    	0.190375 	0.0078125	0.354688 
271	25    	0.187156 	0.0078125	0.328125 
272	25    	0.18375  	0.0078125	0.326562 
273	25    	0.206563 	0.0078125	0.414844 
274	25    	0.170813 	0.0078125	0.328906 
275	25    	0.176437 	0.0078125	0.321094 
276	25    	0.172812 	0.0078125	0.289844 
277	25    	0.203375 	0.0078125	0.353906 
278	25    	0.177188 	0        	0.291406 
279	25    	0.179844 	0.0078125	0.353125 
280	25    	0.184125 	0.0078125	0.319531 
281	25    	0.174094 	0.0078125	0.403906 
282	25    	0.230687 	0.0835937	0.388281 
283	25    	0.164406 	0.0078125	0.330469 
284	25    	0.177    	0.0078125	0.367969 
285	25    	0.193344 	0.0078125	0.320312 
286	25    	0.171594 	0.0078125	0.33125  
287	25    	0.189719 	0.0078125	0.346875 
288	25    	0.189656 	0.0078125	0.303906 
289	25    	0.214656 	0.15     	0.30625  
290	25    	0.189594 	0.0078125	0.348437 
291	25    	0.1745   	0.0601562	0.358594 
292	25    	0.163312 	0.0078125	0.378125 
293	25    	0.201438 	0.0078125	0.33125  
294	25    	0.204313 	0.114844 	0.401563 
295	25    	0.186375 	0.0078125	0.340625 
296	25    	0.177781 	0.0078125	0.389844 
297	25    	0.196062 	0.05625  	0.317969 
298	25    	0.191656 	0.0523437	0.319531 
299	25    	0.205531 	0.0539063	0.340625 
300	25    	0.210594 	0.0640625	0.377344 
301	25    	0.185625 	0.0078125	0.383594 
302	25    	0.171063 	0.0078125	0.290625 
303	25    	0.198    	0.0078125	0.395312 
304	25    	0.15375  	0.0078125	0.326562 
305	25    	0.184063 	0.0078125	0.319531 
306	25    	0.197719 	0.0765625	0.324219 
307	25    	0.189594 	0.0601562	0.320312 
308	25    	0.213688 	0.0078125	0.319531 
309	25    	0.188344 	0.0773437	0.295312 
310	25    	0.198781 	0.065625 	0.344531 
311	25    	0.18875  	0.0078125	0.40625  
312	25    	0.219812 	0.0078125	0.426562 
313	25    	0.189281 	0.0078125	0.316406 
314	25    	0.20875  	0.0078125	0.291406 
315	25    	0.175281 	0        	0.332031 
316	25    	0.1715   	0.0078125	0.297656 
317	25    	0.194313 	0.0648438	0.349219 
318	25    	0.181844 	0.0078125	0.394531 
319	25    	0.2055   	0.0078125	0.303906 
320	25    	0.203781 	0        	0.339844 
321	25    	0.176344 	0.0078125	0.280469 
322	25    	0.181062 	0.0078125	0.338281 
323	25    	0.214469 	0.0078125	0.414062 
324	25    	0.192375 	0.0976562	0.299219 
325	25    	0.1895   	0.0078125	0.366406 
326	25    	0.216094 	0.08125  	0.385156 
327	25    	0.173219 	0.0078125	0.4625   
328	25    	0.18475  	0        	0.378125 
329	25    	0.218375 	0.0617188	0.354688 
330	25    	0.1635   	0.0078125	0.352344 
331	25    	0.182062 	0.0078125	0.333594 
332	25    	0.161625 	0.0078125	0.279687 
333	25    	0.192281 	0.0078125	0.35     
334	25    	0.194469 	0.0078125	0.375    
335	25    	0.178219 	0.090625 	0.327344 
336	25    	0.178906 	0.0078125	0.388281 
337	25    	0.157938 	0.0078125	0.309375 
338	25    	0.174438 	0.0078125	0.30625  
339	25    	0.178312 	0.0078125	0.355469 
340	25    	0.191656 	0.0289063	0.3625   
341	25    	0.177219 	0.0078125	0.323438 
342	25    	0.205156 	0.06875  	0.314844 
343	25    	0.176031 	0        	0.380469 
344	25    	0.185469 	0.0078125	0.316406 
345	25    	0.173625 	0.0078125	0.349219 
346	25    	0.172031 	0.0078125	0.374219 
347	25    	0.213781 	0.0078125	0.344531 
348	25    	0.205562 	0.100781 	0.300781 
349	25    	0.205156 	0.0953125	0.392969 
350	25    	0.175781 	0        	0.305469 
351	25    	0.175875 	0.0078125	0.283594 
352	25    	0.183125 	0.0601562	0.392969 
353	25    	0.182531 	0.0570313	0.282031 
354	25    	0.182062 	0.0078125	0.319531 
355	25    	0.177563 	0.0539063	0.471094 
356	25    	0.179531 	0.0078125	0.303125 
357	25    	0.221687 	0.0078125	0.371875 
358	25    	0.166031 	0.0078125	0.35625  
359	25    	0.192625 	0.0929687	0.364844 
360	25    	0.199812 	0.0078125	0.380469 
361	25    	0.164656 	0.0078125	0.347656 
362	25    	0.19725  	0.0601562	0.321094 
363	25    	0.189219 	0.0078125	0.360938 
364	25    	0.170281 	0        	0.267188 
365	25    	0.176312 	0.0078125	0.295312 
366	25    	0.200531 	0.0078125	0.391406 
367	25    	0.188313 	0.109375 	0.363281 
368	25    	0.184    	0.0554687	0.301562 
369	25    	0.201125 	0.0078125	0.344531 
370	25    	0.208594 	0.0078125	0.328125 
371	25    	0.171656 	0        	0.328906 
372	25    	0.198656 	0.0078125	0.305469 
373	25    	0.199844 	0.0492188	0.317187 
374	25    	0.187687 	0.0078125	0.364844 
375	25    	0.186781 	0.0921875	0.291406 
376	25    	0.212094 	0.0078125	0.392188 
377	25    	0.177656 	0.0078125	0.35     
378	25    	0.206406 	0.0078125	0.320312 
379	25    	0.165875 	0.0078125	0.289844 
380	25    	0.185469 	0.0078125	0.310937 
381	25    	0.191969 	0.0078125	0.365625 
382	25    	0.155562 	0.0078125	0.314844 
383	25    	0.203531 	0.0078125	0.341406 
384	25    	0.211062 	0.0921875	0.323438 
385	25    	0.200563 	0.0992187	0.370313 
386	25    	0.190781 	0.0078125	0.326562 
387	25    	0.170125 	0.0078125	0.311719 
388	25    	0.183031 	0.0078125	0.403906 
389	25    	0.178781 	0.0078125	0.335938 
390	25    	0.173562 	0.0078125	0.295312 
391	25    	0.187969 	0.0078125	0.329688 
392	25    	0.210063 	0.0695312	0.322656 
393	25    	0.204813 	0.0078125	0.354688 
394	25    	0.190313 	0.0078125	0.342969 
395	25    	0.186906 	0.0078125	0.300781 
396	25    	0.193125 	0.0078125	0.352344 
397	25    	0.168844 	0.0640625	0.246094 
398	25    	0.204812 	0.0078125	0.340625 
399	25    	0.190844 	0.0664062	0.433594 
400	25    	0.204625 	0.0078125	0.339063 
401	25    	0.18975  	0.0078125	0.352344 
402	25    	0.158063 	0.0078125	0.310937 
403	25    	0.195406 	0.0078125	0.414844 
404	25    	0.217719 	0.160938 	0.297656 
405	25    	0.219375 	0.0078125	0.378906 
406	25    	0.2105   	0.0078125	0.364844 
407	25    	0.203719 	0.0078125	0.35     
408	25    	0.201781 	0.0640625	0.326562 
409	25    	0.169187 	0.0078125	0.305469 
410	25    	0.180187 	0.0523437	0.338281 
411	25    	0.207469 	0.0078125	0.348437 
412	25    	0.182406 	0.0539063	0.3625   
413	25    	0.187281 	0.0078125	0.35625  
414	25    	0.192875 	0.0101562	0.324219 
415	25    	0.197625 	0.0976562	0.332812 
416	25    	0.194594 	0.0078125	0.303125 
417	25    	0.177969 	0.0078125	0.298438 
418	25    	0.184906 	0.0078125	0.310156 
419	25    	0.174781 	0.0078125	0.427344 
420	25    	0.203969 	0.0078125	0.347656 
421	25    	0.221469 	0.0976562	0.482031 
422	25    	0.176562 	0.0078125	0.305469 
423	25    	0.226281 	0.110156 	0.328125 
424	25    	0.183187 	0.0078125	0.340625 
425	25    	0.216344 	0.0078125	0.399219 
426	25    	0.184031 	0.0078125	0.321875 
427	25    	0.196594 	0.0078125	0.339063 
428	25    	0.204531 	0.0078125	0.351562 
429	25    	0.168031 	0.0078125	0.3      
430	25    	0.193563 	0.103906 	0.296875 
431	25    	0.184219 	0.0078125	0.321875 
432	25    	0.197062 	0.0078125	0.355469 
433	25    	0.197656 	0.0078125	0.364844 
434	25    	0.186281 	0        	0.315625 
435	25    	0.204375 	0.0757812	0.323438 
436	25    	0.174656 	0.0078125	0.371875 
437	25    	0.171219 	0.0078125	0.40625  
438	25    	0.1515   	0.0078125	0.299219 
439	25    	0.207625 	0.0078125	0.361719 
440	25    	0.188375 	0.0078125	0.29375  
441	25    	0.188625 	0.103906 	0.301562 
442	25    	0.199625 	0.0078125	0.414844 
443	25    	0.176063 	0.0078125	0.3125   
444	25    	0.177844 	0.0523437	0.339844 
445	25    	0.1875   	0.0078125	0.325781 
446	25    	0.208594 	0.0078125	0.354688 
447	25    	0.182625 	0.0078125	0.316406 
448	25    	0.203562 	0.0078125	0.379687 
449	25    	0.212906 	0.0078125	0.395312 
450	25    	0.193469 	0.0078125	0.326562 
451	25    	0.185906 	0.0078125	0.319531 
452	25    	0.218594 	0.0898438	0.364844 
453	25    	0.175688 	0.0078125	0.290625 
454	25    	0.18     	0.0078125	0.314844 
455	25    	0.180437 	0.0078125	0.410156 
456	25    	0.189219 	0.0078125	0.353125 
457	25    	0.184906 	0.0078125	0.367969 
458	25    	0.1865   	0.0078125	0.296094 
459	25    	0.194562 	0.0078125	0.310937 
460	25    	0.200312 	0        	0.423438 
461	25    	0.178312 	0.0078125	0.33125  
462	25    	0.236625 	0.0953125	0.396094 
463	25    	0.190531 	0.0078125	0.455469 
464	25    	0.219625 	0.151562 	0.40625  
465	25    	0.150312 	0.0078125	0.36875  
466	25    	0.183594 	0.0570313	0.309375 
467	25    	0.172437 	0.0078125	0.366406 
468	25    	0.159281 	0.0078125	0.364844 
469	25    	0.204844 	0.0820312	0.3875   
470	25    	0.166219 	0.0078125	0.271875 
471	25    	0.188688 	0.0078125	0.357812 
472	25    	0.1865   	0.0992187	0.296094 
473	25    	0.1945   	0.0078125	0.39375  
474	25    	0.211375 	0.0078125	0.30625  
475	25    	0.178656 	0.0078125	0.251563 
476	25    	0.178844 	0.0078125	0.289844 
477	25    	0.213406 	0.0078125	0.373437 
478	25    	0.179312 	0.0078125	0.344531 
479	25    	0.190344 	0.0078125	0.339063 
480	25    	0.199688 	0.0078125	0.423438 
481	25    	0.203    	0.0078125	0.339063 
482	25    	0.200031 	0.0078125	0.310156 
483	25    	0.23     	0.0898438	0.439063 
484	25    	0.185156 	0.0078125	0.358594 
485	25    	0.171875 	0.0078125	0.348437 
486	25    	0.188281 	0.0078125	0.315625 
487	25    	0.202969 	0        	0.330469 
488	25    	0.214188 	0.078125 	0.375    
489	25    	0.172187 	0.0078125	0.29375  
490	25    	0.172125 	0.0078125	0.347656 
491	25    	0.182094 	0.0554687	0.285937 
492	25    	0.189625 	0.0078125	0.31875  
493	25    	0.196906 	0.090625 	0.316406 
494	25    	0.1945   	0.0078125	0.375781 
495	25    	0.202656 	0.0882813	0.303125 
496	25    	0.189313 	0.0671875	0.358594 
497	25    	0.221812 	0.06875  	0.461719 
498	25    	0.209531 	0.103906 	0.417188 
499	25    	0.217594 	0.117969 	0.341406 
500	25    	0.202094 	0.0078125	0.389062 