gen	nevals	avg     	min      	max
0  	20    	0.260625	0        	1  
1  	20    	0.559766	0        	1  
2  	20    	0.804023	0        	1  
3  	20    	0.803125	0        	1  
4  	20    	0.806523	0        	1  
5  	20    	0.903281	0.0078125	1  
6  	20    	0.95    	0        	1  
7  	20    	0.850391	0        	1  
8  	20    	0.95    	0        	1  
9  	20    	1       	1        	1  
10 	20    	0.95    	0        	1  
11 	20    	1       	1        	1  
12 	20    	1       	1        	1  
13 	20    	1       	1        	1  
14 	20    	1       	1        	1  
15 	20    	1       	1        	1  
16 	20    	1       	1        	1  
17 	20    	1       	1        	1  
18 	20    	1       	1        	1  
19 	20    	1       	1        	1  
20 	20    	1       	1        	1  
21 	20    	1       	1        	1  
22 	20    	1       	1        	1  
23 	20    	1       	1        	1  
24 	20    	1       	1        	1  
25 	20    	1       	1        	1  
26 	20    	1       	1        	1  
27 	20    	1       	1        	1  
28 	20    	1       	1        	1  
29 	20    	1       	1        	1  
30 	20    	1       	1        	1  
31 	20    	1       	1        	1  
32 	20    	1       	1        	1  
33 	20    	1       	1        	1  
34 	20    	1       	1        	1  
35 	20    	1       	1        	1  
36 	20    	1       	1        	1  
37 	20    	1       	1        	1  
38 	20    	1       	1        	1  
39 	20    	1       	1        	1  
40 	20    	1       	1        	1  
41 	20    	1       	1        	1  
42 	20    	1       	1        	1  
43 	20    	1       	1        	1  
44 	20    	1       	1        	1  
45 	20    	1       	1        	1  
46 	20    	1       	1        	1  
47 	20    	1       	1        	1  
48 	20    	1       	1        	1  
49 	20    	1       	1        	1  
50 	20    	1       	1        	1  
51 	20    	1       	1        	1  
52 	20    	1       	1        	1  
53 	20    	1       	1        	1  
54 	20    	1       	1        	1  
55 	20    	1       	1        	1  
56 	20    	1       	1        	1  
57 	20    	1       	1        	1  
58 	20    	1       	1        	1  
59 	20    	1       	1        	1  
60 	20    	1       	1        	1  
61 	20    	1       	1        	1  
62 	20    	1       	1        	1  
63 	20    	1       	1        	1  
64 	20    	1       	1        	1  
65 	20    	1       	1        	1  
66 	20    	1       	1        	1  
67 	20    	1       	1        	1  
68 	20    	1       	1        	1  
69 	20    	1       	1        	1  
70 	20    	1       	1        	1  
71 	20    	1       	1        	1  
72 	20    	1       	1        	1  
73 	20    	1       	1        	1  
74 	20    	1       	1        	1  
75 	20    	1       	1        	1  
76 	20    	1       	1        	1  
77 	20    	1       	1        	1  
78 	20    	1       	1        	1  
79 	20    	1       	1        	1  
80 	20    	1       	1        	1  
81 	20    	1       	1        	1  
82 	20    	1       	1        	1  
83 	20    	1       	1        	1  
84 	20    	1       	1        	1  
85 	20    	1       	1        	1  
86 	20    	1       	1        	1  
87 	20    	1       	1        	1  
88 	20    	1       	1        	1  
89 	20    	1       	1        	1  
90 	20    	1       	1        	1  
91 	20    	1       	1        	1  
92 	20    	1       	1        	1  
93 	20    	1       	1        	1  
94 	20    	1       	1        	1  
95 	20    	1       	1        	1  
96 	20    	1       	1        	1  
97 	20    	1       	1        	1  
98 	20    	1       	1        	1  
99 	20    	1       	1        	1  
100	20    	1       	1        	1  
101	20    	1       	1        	1  
102	20    	1       	1        	1  
103	20    	1       	1        	1  
104	20    	1       	1        	1  
105	20    	1       	1        	1  
106	20    	1       	1        	1  
107	20    	0.950391	0.0078125	1  
108	20    	1       	1        	1  
109	20    	1       	1        	1  
110	20    	1       	1        	1  
111	20    	1       	1        	1  
112	20    	1       	1        	1  
113	20    	1       	1        	1  
114	20    	1       	1        	1  
115	20    	1       	1        	1  
116	20    	1       	1        	1  
117	20    	1       	1        	1  
118	20    	0.95    	0        	1  
119	20    	1       	1        	1  
120	20    	1       	1        	1  
121	20    	1       	1        	1  
122	20    	1       	1        	1  
123	20    	1       	1        	1  
124	20    	1       	1        	1  
125	20    	1       	1        	1  
126	20    	0.950391	0.0078125	1  
127	20    	1       	1        	1  
128	20    	1       	1        	1  
129	20    	1       	1        	1  
130	20    	1       	1        	1  
131	20    	1       	1        	1  
132	20    	1       	1        	1  
133	20    	1       	1        	1  
134	20    	1       	1        	1  
135	20    	1       	1        	1  
136	20    	1       	1        	1  
137	20    	1       	1        	1  
138	20    	1       	1        	1  
139	20    	1       	1        	1  
140	20    	1       	1        	1  
141	20    	1       	1        	1  
142	20    	1       	1        	1  
143	20    	1       	1        	1  
144	20    	1       	1        	1  
145	20    	1       	1        	1  
146	20    	1       	1        	1  
147	20    	1       	1        	1  
148	20    	1       	1        	1  
149	20    	1       	1        	1  
150	20    	1       	1        	1  
151	20    	1       	1        	1  
152	20    	1       	1        	1  
153	20    	1       	1        	1  
154	20    	1       	1        	1  
155	20    	1       	1        	1  
156	20    	1       	1        	1  
157	20    	1       	1        	1  
158	20    	1       	1        	1  
159	20    	1       	1        	1  
160	20    	1       	1        	1  
161	20    	1       	1        	1  
162	20    	1       	1        	1  
163	20    	0.950391	0.0078125	1  
164	20    	1       	1        	1  
165	20    	1       	1        	1  
166	20    	1       	1        	1  
167	20    	1       	1        	1  
168	20    	1       	1        	1  
169	20    	1       	1        	1  
170	20    	1       	1        	1  
171	20    	1       	1        	1  
172	20    	1       	1        	1  
173	20    	1       	1        	1  
174	20    	1       	1        	1  
175	20    	1       	1        	1  
176	20    	1       	1        	1  
177	20    	0.95    	0        	1  
178	20    	1       	1        	1  
179	20    	1       	1        	1  
180	20    	1       	1        	1  
181	20    	1       	1        	1  
182	20    	1       	1        	1  
183	20    	1       	1        	1  
184	20    	0.95    	0        	1  
185	20    	0.950391	0.0078125	1  
186	20    	1       	1        	1  
187	20    	1       	1        	1  
188	20    	0.950391	0.0078125	1  
189	20    	1       	1        	1  
190	20    	1       	1        	1  
191	20    	1       	1        	1  
192	20    	0.950391	0.0078125	1  
193	20    	1       	1        	1  
194	20    	0.950391	0.0078125	1  
195	20    	1       	1        	1  
196	20    	0.900391	0        	1  
197	20    	1       	1        	1  
198	20    	0.950391	0.0078125	1  
199	20    	1       	1        	1  
200	20    	1       	1        	1  
201	20    	1       	1        	1  
202	20    	0.95    	0        	1  
203	20    	1       	1        	1  
204	20    	1       	1        	1  
205	20    	1       	1        	1  
206	20    	1       	1        	1  
207	20    	1       	1        	1  
208	20    	1       	1        	1  
209	20    	1       	1        	1  
210	20    	1       	1        	1  
211	20    	1       	1        	1  
212	20    	1       	1        	1  
213	20    	1       	1        	1  
214	20    	0.9     	0        	1  
215	20    	0.950391	0.0078125	1  
216	20    	0.95    	0        	1  
217	20    	1       	1        	1  
218	20    	0.952891	0.0578125	1  
219	20    	0.900391	0        	1  
220	20    	1       	1        	1  
221	20    	0.95    	0        	1  
222	20    	1       	1        	1  
223	20    	1       	1        	1  
224	20    	1       	1        	1  
225	20    	1       	1        	1  
226	20    	1       	1        	1  
227	20    	1       	1        	1  
228	20    	1       	1        	1  
229	20    	1       	1        	1  
230	20    	1       	1        	1  
231	20    	0.900391	0        	1  
232	20    	1       	1        	1  
233	20    	1       	1        	1  
234	20    	0.950391	0.0078125	1  
235	20    	0.95    	0        	1  
236	20    	0.95    	0        	1  
237	20    	1       	1        	1  
238	20    	1       	1        	1  
239	20    	1       	1        	1  
240	20    	1       	1        	1  
241	20    	1       	1        	1  
242	20    	1       	1        	1  
243	20    	0.950391	0.0078125	1  
244	20    	0.852852	0        	1  
245	20    	1       	1        	1  
246	20    	1       	1        	1  
247	20    	1       	1        	1  
248	20    	1       	1        	1  
249	20    	1       	1        	1  
250	20    	0.95    	0        	1  
251	20    	1       	1        	1  
252	20    	0.95    	0        	1  
253	20    	0.953633	0.0726563	1  
254	20    	0.95    	0        	1  
255	20    	1       	1        	1  
256	20    	1       	1        	1  
257	20    	1       	1        	1  
258	20    	0.95375 	0.075    	1  
259	20    	1       	1        	1  
260	20    	1       	1        	1  
261	20    	0.953633	0.0726563	1  
262	20    	1       	1        	1  
263	20    	1       	1        	1  
264	20    	1       	1        	1  
265	20    	0.952695	0.0539063	1  
266	20    	1       	1        	1  
267	20    	1       	1        	1  
268	20    	1       	1        	1  
269	20    	1       	1        	1  
270	20    	1       	1        	1  
271	20    	1       	1        	1  
272	20    	1       	1        	1  
273	20    	1       	1        	1  
274	20    	1       	1        	1  
275	20    	1       	1        	1  
276	20    	0.952812	0.05625  	1  
277	20    	0.858789	0.0523437	1  
278	20    	1       	1        	1  
279	20    	1       	1        	1  
280	20    	1       	1        	1  
281	20    	1       	1        	1  
282	20    	1       	1        	1  
283	20    	1       	1        	1  
284	20    	1       	1        	1  
285	20    	1       	1        	1  
286	20    	0.953672	0.0734375	1  
287	20    	1       	1        	1  
288	20    	1       	1        	1  
289	20    	0.903984	0        	1  
290	20    	0.905742	0.0515625	1  
291	20    	1       	1        	1  
292	20    	1       	1        	1  
293	20    	0.90293 	0        	1  
294	20    	0.860039	0.0476562	1  
295	20    	0.860898	0.065625 	1  
296	20    	0.954219	0.084375 	1  
297	20    	1       	1        	1  
298	20    	0.953633	0.0726563	1  
299	20    	0.952148	0.0429688	1  
300	20    	1       	1        	1  
301	20    	1       	1        	1  
302	20    	1       	1        	1  
303	20    	1       	1        	1  
304	20    	1       	1        	1  
305	20    	0.954688	0.09375  	1  
306	20    	1       	1        	1  
307	20    	0.901133	0.0078125	1  
308	20    	0.950391	0.0078125	1  
309	20    	0.90543 	0        	1  
310	20    	1       	1        	1  
311	20    	0.950391	0.0078125	1  
312	20    	1       	1        	1  
313	20    	0.908008	0.06875  	1  
314	20    	0.953242	0.0648438	1  
315	20    	0.950391	0.0078125	1  
316	20    	1       	1        	1  
317	20    	1       	1        	1  
318	20    	1       	1        	1  
319	20    	1       	1        	1  
320	20    	1       	1        	1  
321	20    	0.95    	0        	1  
322	20    	0.954727	0.0945313	1  
323	20    	1       	1        	1  
324	20    	1       	1        	1  
325	20    	0.95    	0        	1  
326	20    	1       	1        	1  
327	20    	1       	1        	1  
328	20    	1       	1        	1  
329	20    	1       	1        	1  
330	20    	1       	1        	1  
331	20    	1       	1        	1  
332	20    	1       	1        	1  
333	20    	1       	1        	1  
334	20    	1       	1        	1  
335	20    	1       	1        	1  
336	20    	1       	1        	1  
337	20    	1       	1        	1  
338	20    	1       	1        	1  
339	20    	1       	1        	1  
340	20    	1       	1        	1  
341	20    	1       	1        	1  
342	20    	1       	1        	1  
343	20    	1       	1        	1  
344	20    	1       	1        	1  
345	20    	0.95    	0        	1  
346	20    	1       	1        	1  
347	20    	1       	1        	1  
348	20    	0.903359	0        	1  
349	20    	0.95    	0        	1  
350	20    	1       	1        	1  
351	20    	0.95    	0        	1  
352	20    	0.95    	0        	1  
353	20    	1       	1        	1  
354	20    	0.950391	0.0078125	1  
355	20    	0.950391	0.0078125	1  
356	20    	1       	1        	1  
357	20    	0.950391	0.0078125	1  
358	20    	0.90707 	0.0640625	1  
359	20    	1       	1        	1  
360	20    	0.954648	0.0929687	1  
361	20    	1       	1        	1  
362	20    	0.95293 	0.0585938	1  
363	20    	0.904062	0.0078125	1  
364	20    	0.95    	0        	1  
365	20    	1       	1        	1  
366	20    	1       	1        	1  
367	20    	1       	1        	1  
368	20    	1       	1        	1  
369	20    	1       	1        	1  
370	20    	1       	1        	1  
371	20    	1       	1        	1  
372	20    	1       	1        	1  
373	20    	0.952148	0.0429688	1  
374	20    	0.903477	0.0078125	1  
375	20    	1       	1        	1  
376	20    	1       	1        	1  
377	20    	1       	1        	1  
378	20    	1       	1        	1  
379	20    	1       	1        	1  
380	20    	0.950391	0.0078125	1  
381	20    	1       	1        	1  
382	20    	1       	1        	1  
383	20    	1       	1        	1  
384	20    	1       	1        	1  
385	20    	1       	1        	1  
386	20    	1       	1        	1  
387	20    	1       	1        	1  
388	20    	1       	1        	1  
389	20    	1       	1        	1  
390	20    	1       	1        	1  
391	20    	1       	1        	1  
392	20    	1       	1        	1  
393	20    	0.953477	0.0695312	1  
394	20    	1       	1        	1  
395	20    	0.95    	0        	1  
396	20    	1       	1        	1  
397	20    	1       	1        	1  
398	20    	1       	1        	1  
399	20    	1       	1        	1  
400	20    	1       	1        	1  
401	20    	0.950391	0.0078125	1  
402	20    	1       	1        	1  
403	20    	1       	1        	1  
404	20    	0.950391	0.0078125	1  
405	20    	0.950391	0.0078125	1  
406	20    	0.95    	0        	1  
407	20    	1       	1        	1  
408	20    	0.950391	0.0078125	1  
409	20    	0.95    	0        	1  
410	20    	1       	1        	1  
411	20    	0.95    	0        	1  
412	20    	0.950391	0.0078125	1  
413	20    	1       	1        	1  
414	20    	0.95    	0        	1  
415	20    	0.950391	0.0078125	1  
416	20    	0.95    	0        	1  
417	20    	1       	1        	1  
418	20    	1       	1        	1  
419	20    	0.903594	0        	1  
420	20    	1       	1        	1  
421	20    	1       	1        	1  
422	20    	1       	1        	1  
423	20    	1       	1        	1  
424	20    	1       	1        	1  
425	20    	1       	1        	1  
426	20    	1       	1        	1  
427	20    	1       	1        	1  
428	20    	1       	1        	1  
429	20    	1       	1        	1  
430	20    	1       	1        	1  