gen 	nevals	avg    	min   	max   
0   	50    	1287.74	734.8 	2344.8
1   	50    	1582.9 	614.8 	2865.2
2   	50    	1798.53	642.8 	3839.6
3   	50    	1921.52	966.8 	2683.6
4   	50    	1951.07	1015.2	3022  
5   	50    	2085.82	909.2 	3288.4
6   	50    	2250.66	1031.2	3410  
7   	50    	2282.53	1585.2	3203.2
8   	50    	2459.89	1664.8	3508.4
9   	50    	2314.01	1086.4	3222.8
10  	50    	2487.98	1622  	3694.8
11  	50    	2476.82	1483.2	3655.2
12  	50    	2526.45	1399.2	4052.8
13  	50    	2628.91	1974.4	3472  
14  	50    	2694.11	1956.4	4315.2
15  	50    	2862.11	1619.6	3924.8
16  	50    	2931.99	1601.2	3994.4
17  	50    	2997.74	1736.4	4159.2
18  	50    	2959.27	1870.8	4080.4
19  	50    	3053.42	1835.2	4715.6
20  	50    	3089.6 	1814.8	4470  
21  	50    	3132.67	2092.4	4448  
22  	50    	2988.01	1007.6	4564.8
23  	50    	2977.22	1905.6	4225.2
24  	50    	3009.69	1580  	4236.4
25  	50    	3120.29	1633.2	4648  
26  	50    	3052.03	1586.8	4861.2
27  	50    	2905.82	1679.6	4529.6
28  	50    	3050.85	2049.2	5136.4
29  	50    	3029.2 	1742.4	4503.6
30  	50    	3034.31	1576.4	4613.6
31  	50    	3055.36	2088.4	4191.2
32  	50    	3144.41	1880.8	4814.8
33  	50    	3251.77	1994.4	5190.4
34  	50    	3272.78	2222  	4936  
35  	50    	3271.18	1909.2	4810.4
36  	50    	3399.27	2150  	5661.6
37  	50    	3204.62	1741.2	4656  
38  	50    	3388.66	2242.8	5217.2
39  	50    	3469.23	2086  	5870.4
40  	50    	3281.1 	2056.8	5332.4
41  	50    	3336.4 	2171.2	4654.4
42  	50    	3350.1 	1526.4	5173.6
43  	50    	3502.65	1962  	5448.4
44  	50    	3480.26	2163.6	5088  
45  	50    	3572.14	1601.6	4564.8
46  	50    	3577.74	2336  	4879.6
47  	50    	3539.02	2305.2	5524.4
48  	50    	3552.58	2064.8	5121.2
49  	50    	3577.99	2038.8	5386.4
50  	50    	3370.01	1920  	4629.2
51  	50    	3402.03	1865.2	5526.4
52  	50    	3519.54	2442.8	5256.8
53  	50    	3423.08	2340.4	5075.6
54  	50    	3447.24	2057.2	5486.8
55  	50    	3541.98	2176  	5250.8
56  	50    	3429.71	1845.6	4911.2
57  	50    	3716.53	2321.6	4722  
58  	50    	3523.63	2132.4	5175.2
59  	50    	3572.53	1989.6	5382.8
60  	50    	3499.02	1573.6	5030  
61  	50    	3474.48	2547.6	5732.4
62  	50    	3654.29	2547.2	4832  
63  	50    	3591.36	2112.4	4748  
64  	50    	3347.92	2280.8	4803.2
65  	50    	3528.06	2068  	5247.2
66  	50    	3620.04	1943.2	4996.4
67  	50    	3717.06	2194.8	5001.2
68  	50    	3698.86	1864.4	4978.4
69  	50    	3593.09	2499.2	5007.6
70  	50    	3725.19	2197.6	5070  
71  	50    	3690.02	2221.6	5338  
72  	50    	3393.92	1840.8	4663.6
73  	50    	3737.75	2415.6	5177.2
74  	50    	3617.19	1977.6	4876  
75  	50    	3698.67	2541.2	5179.2
76  	50    	3581.19	2089.2	5036  
77  	50    	3885.98	2519.2	6249.6
78  	50    	3647.19	2243.6	5191.2
79  	50    	3721.06	2439.2	5335.2
80  	50    	3830.46	2403.2	5170.4
81  	50    	3503.08	1519.6	4873.2
82  	50    	3736.29	2032.4	5587.2
83  	50    	3849.58	2064  	6006  
84  	50    	3625.18	1592.4	5186.4
85  	50    	3846.39	1984  	5396.4
86  	50    	3616.43	2401.2	4765.6
87  	50    	3765.7 	2168.4	5607.2
88  	50    	3644.86	2222.4	5174  
89  	50    	3801.44	2594  	5872.8
90  	50    	3645.98	2648.8	5070.8
91  	50    	3428.86	1178.8	4966.8
92  	50    	3881.17	2648.4	5937.6
93  	50    	3750.98	2065.6	5970.4
94  	50    	3898.23	2641.6	5463.2
95  	50    	3774.12	2487.2	5670  
96  	50    	3823.65	2631.6	5278  
97  	50    	3960.82	2212.8	5743.2
98  	50    	3798.01	2566.4	5245.6
99  	50    	3566.52	2118.4	4812.8
100 	50    	3640.94	1923.6	5055.2
101 	50    	3876.89	2495.6	5696  
102 	50    	3779.68	1910.4	4790.4
103 	50    	3793.29	2445.6	4964.4
104 	50    	3845.42	2210.4	5301.6
105 	50    	3714.05	2488.4	5149.6
106 	50    	3834.81	2216.4	5030.8
107 	50    	3913.14	2772.8	5923.6
108 	50    	3808.52	1957.2	5378.4
109 	50    	3708.08	1981.6	5090  
110 	50    	3771.74	2442  	5321.6
111 	50    	3651.7 	2718.4	5153.6
112 	50    	3782.57	1894  	5676.8
113 	50    	3928.98	2850.4	5550.4
114 	50    	3828.72	2567.2	5277.2
115 	50    	3701.58	1724.8	5535.6
116 	50    	3864.98	2340  	5216  
117 	50    	3909.3 	2821.2	5573.6
118 	50    	3862.73	2337.6	5022.8
119 	50    	3868.9 	2185.6	5215.2
120 	50    	4001.14	2306.4	5180.4
121 	50    	3695.21	1994.8	5138.8
122 	50    	3796.82	2166.8	5756  
123 	50    	3793.8 	2678  	5415.2
124 	50    	3791.3 	2448.8	5580.8
125 	50    	3784.63	1953.2	5401.6
126 	50    	3544.55	1394.8	5072  
127 	50    	3522.82	2126  	5254.8
128 	50    	3721.7 	2682.4	4974.4
129 	50    	3774.79	2753.2	4971.2
130 	50    	3765.33	1608.8	5456.4
131 	50    	3903.86	2537.6	4736  
132 	50    	3720.34	2342.8	5139.2
133 	50    	3631.87	2158.8	5034.4
134 	50    	3751.57	1412  	5294  
135 	50    	3677.82	1932.8	5348.8
136 	50    	3980.07	2707.2	6347.6
137 	50    	3609.62	1844  	5392  
138 	50    	3647.19	1790.8	4687.2
139 	50    	3553.27	2252.8	5176.8
140 	50    	3768.55	1946.8	5368  
141 	50    	3677.06	2317.2	5569.2
142 	50    	3764.62	2167.2	5340  
143 	50    	3825.55	2332.8	5230.4
144 	50    	3706.01	1787.6	6192.8
145 	50    	3622.44	2556.4	5822.4
146 	50    	3771.29	1738.8	5847.2
147 	50    	3788.08	2342.8	4748  
148 	50    	3616.13	2087.2	4951.2
149 	50    	3566.75	2133.2	5189.6
150 	50    	3660.76	2295.6	5450.4
151 	50    	3603.83	2034.8	4962  
152 	50    	3616.06	2085.6	5797.2
153 	50    	3791.09	2254  	4958.8
154 	50    	3901.02	2015.6	5341.2
155 	50    	3715.91	2426  	5149.2
156 	50    	3696.96	2333.6	4693.2
157 	50    	3797.59	2738  	5754.8
158 	50    	3699.97	1850  	5004  
159 	50    	3500.01	1916  	5148.8
160 	50    	3706.64	2721.2	4831.2
161 	50    	3804.75	2410.8	5982.8
162 	50    	3720.05	2486  	5770.8
163 	50    	3666.46	2084  	5479.2
164 	50    	3737.85	2592.4	5210.8
165 	50    	3706.26	2130.8	5114.8
166 	50    	3727.35	2361.6	5605.6
167 	50    	3609.3 	2091.2	5624.4
168 	50    	3926.18	2218.8	4929.2
169 	50    	3597.82	1798  	5139.2
170 	50    	3768.45	2480.8	5357.6
171 	50    	3764.87	2552  	5530.4
172 	50    	3694.8 	1980.8	5106  
173 	50    	3715.89	2141.2	5424.4
174 	50    	3664.13	2252.8	5011.6
175 	50    	3563.25	1940.8	4866.4
176 	50    	3852.72	2430.8	5179.6
177 	50    	3709.22	2280.4	5065.2
178 	50    	3521.29	2160  	5298.8
179 	50    	3727.66	2102.8	5767.2
180 	50    	3948.62	2571.2	5310.4
181 	50    	3821.6 	2103.2	5040  
182 	50    	3781.73	2096.8	5176.8
183 	50    	3671.88	2394.4	4966.8
184 	50    	3843.45	2070.4	5526  
185 	50    	3859.86	2484.8	5578.8
186 	50    	3695.9 	2161.6	5448  
187 	50    	3820.62	2663.2	5893.2
188 	50    	3824.26	2142.8	5114.4
189 	50    	3878.06	2544.4	5671.2
190 	50    	3877.28	2807.2	5250.4
191 	50    	3761.77	2960.4	4993.2
192 	50    	3728.14	2618.8	5369.2
193 	50    	3470.86	1731.6	5030  
194 	50    	3882.02	2655.2	5412.8
195 	50    	3735.56	2014.4	4808  
196 	50    	3742.65	2602.8	4792  
197 	50    	3752.23	1788  	5861.2
198 	50    	3765.72	2428  	5405.6
199 	50    	3889.02	2478  	5866  
200 	50    	3906.52	2564  	5102.4
201 	50    	3869.45	2266.8	5674  
202 	50    	3699.23	2192.8	5122.4
203 	50    	3703.79	2755.6	5375.2
204 	50    	3657.66	2224.8	5073.6
205 	50    	3782.88	2388.8	5403.6
206 	50    	3717.44	2309.2	5298  
207 	50    	3690.54	2131.6	4784  
208 	50    	3914.31	2453.2	5686  
209 	50    	3704.82	2180.8	4989.6
210 	50    	3886   	2558  	5202  
211 	50    	3617.13	2662.4	4923.6
212 	50    	3823.84	2589.6	5217.2
213 	50    	3853.94	2486  	5555.2
214 	50    	3846.11	2073.6	5809.6
215 	50    	3679.97	2141.6	5013.2
216 	50    	3722.06	2231.6	4933.2
217 	50    	3751.46	2123.2	6033.2
218 	50    	3547.93	1977.2	4808.4
219 	50    	3909.15	2433.2	5478.8
220 	50    	3660.19	2261.6	5178.8
221 	50    	3868.19	2525.6	5166.4
222 	50    	3835.7 	2568.8	5072  
223 	50    	3716.47	2408  	5318.4
224 	50    	3583.18	1768.4	5162.8
225 	50    	3650.67	1423.6	5217.6
226 	50    	3815.3 	2458.8	5586.8
227 	50    	3868.82	2467.6	5457.6
228 	50    	3698.29	2080.8	5105.6
229 	50    	3676.44	2104  	5203.6
230 	50    	3909.69	2890.8	5984.4
231 	50    	3809.85	2333.2	5017.2
232 	50    	3872.22	2593.6	5520  
233 	50    	3804.41	2357.2	5309.6
234 	50    	3758.6 	2267.6	5231.2
235 	50    	3920.69	2317.2	5441.2
236 	50    	3838.13	1816.4	5781.6
237 	50    	3749.91	2281.2	5451.2
238 	50    	3781.86	2296.4	6073.6
239 	50    	3809.9 	2433.2	5998.8
240 	50    	3741.31	2782.4	4654  
241 	50    	3623.49	2198.8	5418  
242 	50    	3519.27	1948.8	4854  
243 	50    	3790.21	2496  	6391.2
244 	50    	3698.96	1952.4	5388.4
245 	50    	3639.86	2421.6	5005.6
246 	50    	3637.47	2208.4	5290.8
247 	50    	3696.78	1772  	5706.8
248 	50    	3608.86	1942  	5803.6
249 	50    	3589.52	2328.4	5164  
250 	50    	3583.84	1978.4	4942  
251 	50    	3825.05	2363.2	5602.4
252 	50    	3480.27	1923.2	4942  
253 	50    	3683.24	2216  	5140  
254 	50    	3715.9 	2222  	5391.2
255 	50    	3766.66	2612.4	5671.2
256 	50    	3742.08	2518.4	4809.2
257 	50    	3720.37	1971.6	5358  
258 	50    	3788.63	2478.4	5126.4
259 	50    	3577.16	2277.2	4670.4
260 	50    	3841.62	2430.8	5076.8
261 	50    	3567.15	2098  	5230.4
262 	50    	3979.87	2682  	4943.6
263 	50    	3684.88	2442.4	5332.8
264 	50    	3730.87	2348  	5253.6
265 	50    	3660.58	1946.4	5696.4
266 	50    	3789.9 	2423.6	5051.2
267 	50    	3947.98	2777.6	5494  
268 	50    	3879.41	2047.2	5797.6
269 	50    	3698.1 	1988.4	5614.4
270 	50    	3909.54	2166.4	5526.4
271 	50    	3644.33	2340.8	5191.2
272 	50    	3822.94	1844.4	5966.8
273 	50    	3800.18	2268.8	5349.6
274 	50    	3870.14	2734  	5341.2
275 	50    	3911.79	1606.8	6235.2
276 	50    	3880.52	2232.8	6142  
277 	50    	3860.75	2013.6	5335.6
278 	50    	3829.36	2248.4	5152.8
279 	50    	3862.1 	2476.8	5626.4
280 	50    	3785.33	2257.2	5243.2
281 	50    	3975.35	2196.4	5715.2
282 	50    	3968.58	2315.2	5283.2
283 	50    	3883.26	2211.2	5530  
284 	50    	3980.97	2549.2	5434.4
285 	50    	3950.28	2270.4	5322.8
286 	50    	3883.74	2206  	5788.4
287 	50    	3730.2 	2350  	5358.8
288 	50    	3881.1 	2278  	5290  
289 	50    	3810.94	2504.4	5491.2
290 	50    	3613.07	1824  	4959.6
291 	50    	3917.83	2491.2	5809.6
292 	50    	3891.38	2217.2	5410.4
293 	50    	3772.83	2391.6	4890.4
294 	50    	3884.06	2572  	5429.6
295 	50    	3717.26	1996.8	5713.6
296 	50    	3915.94	1924.8	5271.2
297 	50    	3775.3 	2228.8	5153.6
298 	50    	3698.06	1451.6	4964.4
299 	50    	3802.39	2287.6	5788  
300 	50    	3614.03	1914.4	5208.4
301 	50    	3782.16	1994  	5502  
302 	50    	3694.69	1919.2	5646.4
303 	50    	3763.37	2043.2	5624  
304 	50    	3912.38	2815.2	5244.8
305 	50    	3811.05	2074  	5639.6
306 	50    	3698.34	2184.4	5579.6
307 	50    	3676.13	2498.8	4847.6
308 	50    	3774   	2071.2	5283.6
309 	50    	3707.31	2743.2	5361.2
310 	50    	3676.76	2508  	5432  
311 	50    	3657.33	1968  	5634  
312 	50    	3760.95	2272  	5449.2
313 	50    	3712   	2617.6	5102.8
314 	50    	3771.09	2723.6	5290.4
315 	50    	3841.58	1696  	6033.2
316 	50    	3859.5 	2084.8	5647.2
317 	50    	3911.66	2538.8	5486.8
318 	50    	3613.18	2128.4	5148.8
319 	50    	3851.65	1820  	6481.6
320 	50    	3751.69	2594.8	5286.8
321 	50    	3823.68	2350.8	5308.4
322 	50    	3781.94	1992  	5106  
323 	50    	3692.98	2219.2	5199.2
324 	50    	3997.43	1666.4	5546.8
325 	50    	3971.5 	2649.6	6036  
326 	50    	3969.15	1615.2	5175.6
327 	50    	3716.78	2742.8	5150.4
328 	50    	3935.38	2166  	5310  
329 	50    	3873.72	1937.2	5205.6
330 	50    	3781.6 	2455.6	5445.6
331 	50    	3754.14	2516.4	4940.8
332 	50    	3911.04	2528.8	5479.6
333 	50    	3795.39	2092  	5036.4
334 	50    	3845.78	2304.4	5566.4
335 	50    	3993.75	2640.4	5300  
336 	50    	3835.58	2557.2	5212  
337 	50    	3857.58	2320  	5250.4
338 	50    	3713.22	2597.2	6006  
339 	50    	3619.89	2534.8	5048.8
340 	50    	3667.56	2422  	5026.8
341 	50    	3702.57	1786  	5309.2
342 	50    	3782.27	1849.6	5505.6
343 	50    	3794.77	2316  	5712.8
344 	50    	3726.04	1988.8	5210.4
345 	50    	3982.2 	2298.4	5515.2
346 	50    	3888.66	2276.8	5585.6
347 	50    	3632.44	1991.6	4976  
348 	50    	3697.92	2108  	5080  
349 	50    	3532.47	2228  	5682.8
350 	50    	3625.75	2133.6	5290.4
351 	50    	3719.34	2321.6	5523.2
352 	50    	3624.97	2632.4	5008  
353 	50    	3722.9 	2325.6	6676.8
354 	50    	3916.36	1914  	6093.6
355 	50    	3725   	2386.8	5775.2
356 	50    	3746.74	1822  	4978.8
357 	50    	3792.81	2025.2	5319.6
358 	50    	3756.63	2805.6	5548  
359 	50    	3746   	2465.6	5364  
360 	50    	3658.88	1892.4	5158.8
361 	50    	3716.65	1635.6	4927.6
362 	50    	3868   	1770.4	5558  
363 	50    	3773.96	2257.6	5399.6
364 	50    	3903.67	2379.6	5139.2
365 	50    	3954   	2609.2	5780  
366 	50    	3715.42	2138  	5312.8
367 	50    	3960.94	2334.4	6692.4
368 	50    	3602.46	2134.8	4977.6
369 	50    	3670.9 	1911.2	5720  
370 	50    	3698.52	2462.4	5096.8
371 	50    	3727.75	2154  	5116  
372 	50    	3786.88	2905.2	5744.8
373 	50    	3842.36	2113.6	5209.6
374 	50    	3760.64	1875.2	5182.8
375 	50    	4015.82	2535.2	5561.2
376 	50    	3843.27	2801.2	5216.8
377 	50    	3739.72	2270.4	5501.2
378 	50    	3973.58	2154.8	5411.6
379 	50    	3812.86	2306.4	4877.6
380 	50    	3731.34	2298.8	4962.4
381 	50    	3927.58	2300  	5657.6
382 	50    	3883.69	2237.6	6107.2
383 	50    	3928.4 	1993.6	5920.4
384 	50    	3838.83	2441.6	5706.8
385 	50    	3824.86	2209.2	4954.8
386 	50    	3765.57	2330.4	5436.8
387 	50    	3921.13	1973.6	5465.6
388 	50    	3722.7 	2501.6	4900  
389 	50    	3850.08	2455.6	5373.2
390 	50    	3902.18	2236  	5984  
391 	50    	3811.3 	2539.2	5378.8
392 	50    	3823.18	1999.2	6315.6
393 	50    	3869.76	2581.6	5474  
394 	50    	3971.97	1923.2	5170.4
395 	50    	3761.94	2599.6	5214.8
396 	50    	3833.65	2206.4	5918.4
397 	50    	3893.56	2564.8	5138.8
398 	50    	3849.28	1614.8	5910.4
399 	50    	3733.5 	1598  	4852.8
400 	50    	3567.61	2196  	5104.4
401 	50    	3802.26	2707.6	5414.4
402 	50    	3564.4 	2271.6	5418.8
403 	50    	3576.43	1464  	5140.4
404 	50    	3912.18	2435.2	6008  
405 	50    	3863.82	1929.6	5542  
406 	50    	3638.38	2310.4	5251.2
407 	50    	3754.69	2295.6	5439.2
408 	50    	3544.3 	2212.8	5097.6
409 	50    	3707.06	1638  	5416.8
410 	50    	3804.31	2595.6	5194.4
411 	50    	3797.16	2551.2	4964  
412 	50    	3762.6 	2625.6	5226  
413 	50    	3747.38	2033.6	4935.2
414 	50    	3476.11	2014.4	5021.2
415 	50    	3639.71	1960  	5834.4
416 	50    	3542.96	2466  	5041.2
417 	50    	3610.19	2107.2	4995.2
418 	50    	3614.99	1743.6	5227.2
419 	50    	3568.19	1499.6	5278.8
420 	50    	3738.6 	2608.4	5002.4
421 	50    	3796.22	2644.8	6052  
422 	50    	3835.55	2237.2	5643.2
423 	50    	3740.7 	2086.8	5193.6
424 	50    	3920.14	2290.4	5455.6
425 	50    	4033.38	1965.2	5891.2
426 	50    	3698.73	1930.8	5090  
427 	50    	3857.61	2713.2	5107.6
428 	50    	3559.54	2303.6	4692.4
429 	50    	3811.43	2466.8	5748.4
430 	50    	3953.65	2672.8	5808  
431 	50    	3998.9 	2383.6	5633.6
432 	50    	3773.74	2493.2	5082.4
433 	50    	3912.9 	2276.4	6577.2
434 	50    	3623.1 	2250  	5677.2
435 	50    	3675.14	2086  	5512  
436 	50    	3763.86	1895.6	5379.2
437 	50    	3772.5 	1637.6	5686  
438 	50    	3985.46	2672.8	5431.2
439 	50    	3886.88	2058  	5266.4
440 	50    	3880.06	1703.6	5484  
441 	50    	3760.11	1986  	5285.2
442 	50    	3726.99	1781.2	5132.4
443 	50    	3815.1 	1882.8	5406  
444 	50    	3758.58	1782  	6285.6
445 	50    	3845.21	2198  	5816  
446 	50    	3689.54	2313.6	4662  
447 	50    	3927.91	2339.6	5967.2
448 	50    	3725.39	1547.6	5050  
449 	50    	3976.18	2815.6	5097.2
450 	50    	3711.69	1886  	5455.6
451 	50    	3941.73	2312  	5464.4
452 	50    	3715.42	1265.6	5243.6
453 	50    	3902.23	2104.4	5303.6
454 	50    	3829.46	2168.8	6212  
455 	50    	3779.37	1723.6	5762.8
456 	50    	3719.35	1792.8	5444.4
457 	50    	3627.92	1766  	5029.6
458 	50    	3842.58	1940  	5963.2
459 	50    	3738.7 	2091.6	5238.8
460 	50    	3855.91	2412.4	5336.8
461 	50    	3838.78	2172.4	5369.6
462 	50    	3709.31	1716.4	5037.6
463 	50    	3759.34	1537.6	5637.6
464 	50    	3737.57	1924.8	5092.4
465 	50    	3855.94	2659.6	5620.8
466 	50    	3762.47	2527.6	5838.8
467 	50    	3708.7 	1246  	5397.2
468 	50    	3838.89	2278  	5423.6
469 	50    	3859.65	2518.4	5912.4
470 	50    	3746.77	2289.6	5350.8
471 	50    	3757.32	1914  	6103.6
472 	50    	3962.02	2771.2	5361.6
473 	50    	4042.59	2607.6	5516.8
474 	50    	3982.68	2071.2	6359.2
475 	50    	3880.1 	2555.2	5583.2
476 	50    	3810.65	1834.8	5619.2
477 	50    	3846.07	1974  	5630.8
478 	50    	3905.27	1969.2	5697.6
479 	50    	3785.9 	2550.8	5046  
480 	50    	3827.16	2372.4	5542  
481 	50    	3863.19	2008.8	6337.2
482 	50    	4005.07	2586.4	5264.4
483 	50    	3906.41	2054.8	6145.2
484 	50    	3840.25	2413.2	4993.2
485 	50    	3738.39	2306.4	4973.6
486 	50    	3843.4 	2265.6	5149.6
487 	50    	3727.27	2254.4	5406  
488 	50    	3742.8 	2180.4	5835.6
489 	50    	3858.82	2024.8	5600  
490 	50    	3884.58	2520  	5558  
491 	50    	3978.7 	1547.2	5351.6
492 	50    	3989.02	2488.4	5880.4
493 	50    	4069.18	2760  	5206.4
494 	50    	3974.38	1949.2	5677.2
495 	50    	3996.91	3015.6	6052.4
496 	50    	3963.9 	2511.2	5482  
497 	50    	3661.58	1798.4	5080.4
498 	50    	3979.69	2720.4	5247.2
499 	50    	3874.26	2474.4	5282  
500 	50    	4051.46	2476.4	6191.2
501 	50    	4077.34	2384  	7831.2
502 	50    	4031.03	1868.8	5692  
503 	50    	4109.65	2742  	5449.2
504 	50    	4048.8 	2356.4	5441.2
505 	50    	3803.78	2414  	5655.6
506 	50    	3827.72	1840  	6208.8
507 	50    	4033.17	1957.6	5316  
508 	50    	3775.02	2190  	4924  
509 	50    	3968.38	2300  	5679.2
510 	50    	3833.02	2158.4	5392.8
511 	50    	3827.42	1986.4	5383.6
512 	50    	3725.67	2020.4	5380.8
513 	50    	3922.71	2005.6	5518.8
514 	50    	3853.58	1931.6	5560  
515 	50    	3918.57	2394  	5786  
516 	50    	3901.69	2088.8	5693.2
517 	50    	3885.41	2272.4	5534.8
518 	50    	3922.48	2571.6	5582.8
519 	50    	3722.9 	2365.6	6008.4
520 	50    	3931.78	2571.6	6439.2
521 	50    	3944.15	2165.6	5283.2
522 	50    	3892.7 	2555.6	5313.2
523 	50    	3764.73	1848  	5163.2
524 	50    	3883.96	2195.6	5765.2
525 	50    	3869.1 	2302.4	5343.2
526 	50    	3924.11	2120  	5943.6
527 	50    	4068.57	2251.2	5479.2
528 	50    	3939.8 	1957.2	6134.4
529 	50    	3968.91	2083.2	6774.8
530 	50    	3800.38	2057.6	5624.4
531 	50    	3941.56	2146.4	5742  
532 	50    	3933.31	1865.6	5793.6
533 	50    	4065.69	1950  	5557.6
534 	50    	4195.82	2875.6	5955.2
535 	50    	4135.3 	2958.8	5044.4
536 	50    	3901   	2495.2	5416.8
537 	50    	3797.02	2046.8	5318.4
538 	50    	3820.9 	2050.4	5190  
539 	50    	3839.02	1661.6	5444.4
540 	50    	3855.59	2701.2	5469.6
541 	50    	4025.92	2506.4	5844  
542 	50    	3719.26	2732  	5419.6
543 	50    	3874.9 	2609.6	5632.4
544 	50    	3636.38	1733.6	5151.6
545 	50    	4012.99	2597.6	5050  
546 	50    	3901.14	2886  	5145.2
547 	50    	3811.42	2491.2	5153.2
548 	50    	3919.16	1966.8	5284.4
549 	50    	3926.12	2319.2	5898.8
550 	50    	3690.42	2360.4	5567.6
551 	50    	3698.71	1548  	5071.2
552 	50    	3773.35	2110.4	6183.2
553 	50    	3788.14	1480  	5613.2
554 	50    	3711.26	1810  	5398.4
555 	50    	3887.81	2574.4	5338  
556 	50    	3911.85	2375.2	5802  
557 	50    	3950.85	1899.6	5509.6
558 	50    	3908.75	2248.4	5462  
559 	50    	3928.7 	2688.8	5383.6
560 	50    	3760.34	2302.8	5335.2
561 	50    	3753.21	1928.4	5744.8
562 	50    	3921.78	2086.8	5511.2
563 	50    	3735.46	1917.2	5452.4
564 	50    	3950.42	2298.4	5546.8
565 	50    	3884.18	2501.2	5294.8
566 	50    	3968.5 	2386.8	5979.2
567 	50    	3903.72	2455.2	5662.4
568 	50    	3784.54	1820.8	5633.2
569 	50    	3763.22	1882.4	5138.8
570 	50    	3879.67	2030  	5843.2
571 	50    	3785.1 	2007.2	5273.6
572 	50    	3914.09	2588  	5750.8
573 	50    	3918.34	2674.4	5655.6
574 	50    	3723.32	2466.4	5202.8
575 	50    	3839.69	1388  	5917.2
576 	50    	3971.5 	2290.8	6032  
577 	50    	3801.87	1709.2	5464  
578 	50    	3690.73	2494.4	5428  
579 	50    	3907.61	1752.4	6657.6
580 	50    	3937.04	2779.2	5733.2
581 	50    	3880.44	2047.2	5492  
582 	50    	3863.54	2585.2	5381.6
583 	50    	3912.07	2499.2	5768.8
584 	50    	3969.56	2515.2	5529.6
585 	50    	3774.5 	1713.2	5680  
586 	50    	3697.78	2189.6	5189.2
587 	50    	3826.64	1971.2	5434.4
588 	50    	3736.78	2268  	5531.2
589 	50    	3765.85	1819.6	6078.4
590 	50    	3858.08	2643.6	5470.4
591 	50    	3786.12	1791.2	5460  
592 	50    	3841.67	2497.6	5437.2
593 	50    	3833.44	2565.6	5056.8
594 	50    	3812.02	2118.8	5037.6
595 	50    	4007.36	2066.4	5610  
596 	50    	3601.15	1912.4	5180.4
597 	50    	3778.87	2162  	5638.4
598 	50    	3905.84	1842.8	5078.4
599 	50    	3976.56	2403.6	5325.6
600 	50    	3808.59	2256  	5378  
601 	50    	3951.15	2441.2	5973.6
602 	50    	3908.32	1370.8	5664.8
603 	50    	4004.89	2850  	5807.6
604 	50    	3961.89	1321.2	5584  
605 	50    	3552.18	2356.8	5096  
606 	50    	3581.24	1838  	5270  
607 	50    	3860.77	1976.8	5670.8
608 	50    	4029.42	2484.8	5882.8
609 	50    	4042.02	2540.8	5068  
610 	50    	3983.05	2615.6	5080  
611 	50    	3811.79	2281.2	5425.2
612 	50    	3838.62	1950  	5319.6
613 	50    	3705.53	2424.8	5364  
614 	50    	3632.78	2092  	5284.4
615 	50    	3759.22	2453.2	5595.2
616 	50    	3848.4 	2037.6	6771.2
617 	50    	3587.58	1893.6	5076.8
618 	50    	3895.04	2571.2	5146.4
619 	50    	3748.02	2182.8	4895.6
620 	50    	3911.65	1464.8	5362.4
621 	50    	3981.35	2280.4	6441.6
622 	50    	4046.23	2787.2	6094.4
623 	50    	3731.14	1792  	5356.8
624 	50    	3690.94	1640.8	5581.2
625 	50    	3673.85	1867.6	6392.8
626 	50    	3921.13	2490  	5548  
627 	50    	3870.76	2227.2	6026  
628 	50    	3885.82	2498.8	5382.8
629 	50    	3910.19	2337.2	5133.6
630 	50    	3887.57	1982.8	5986  
631 	50    	3936.06	2298.8	5799.6
632 	50    	3779.1 	1916.4	5717.6
633 	50    	3755.42	1832  	4956  
634 	50    	3949.94	2395.6	5740.4
635 	50    	3868.81	2722.4	5580  
636 	50    	3678.64	1559.6	5119.6
637 	50    	3950.01	2048  	5591.2
638 	50    	3953.62	2100  	6249.6
639 	50    	3872.25	2391.6	6484.4
640 	50    	3773.56	1849.6	5338  
641 	50    	3909.18	2849.2	5761.2
642 	50    	3940.33	2162  	5488.4
643 	50    	3754.46	2128  	5799.6
644 	50    	3855.58	2333.2	5109.6
645 	50    	4056.49	2518  	5160.8
646 	50    	3867.69	1311.2	5376.8
647 	50    	3853.13	1719.6	5492  
648 	50    	3954.71	2066.4	5074  
649 	50    	3679.26	2407.6	4954  
650 	50    	3890.77	2186  	5237.6
651 	50    	3811.42	2087.2	4764  
652 	50    	3795.04	2735.2	6078.4
653 	50    	3839.73	1863.6	6003.2
654 	50    	3823.74	2013.2	5328.8
655 	50    	3555.22	2169.6	5847.2
656 	50    	3640.86	2010.4	5936  
657 	50    	3585.5 	1779.6	4999.6
658 	50    	3614.37	1184.4	4822.4
659 	50    	3674.98	2331.2	5569.2
660 	50    	3504.38	1909.6	4849.2
661 	50    	3659.9 	1882.8	5016.8
662 	50    	3608.83	1966.4	5264.8
663 	50    	3735.56	1911.6	5469.6
664 	50    	3754.65	2332.4	5197.2
665 	50    	3668.38	1521.6	5334.8
666 	50    	3689.69	2674.4	4998.8
667 	50    	3823.12	2006  	5514.4
668 	50    	3700.28	1974.4	5074.8
669 	50    	3840.06	2478.8	5498  
670 	50    	3773.42	2109.2	5601.6
671 	50    	3984.72	2468.8	5584  
672 	50    	3826.15	2473.6	5028.4
673 	50    	3819.22	2139.2	5351.6
674 	50    	3685.45	1878.8	5126.4
675 	50    	3818.37	2226.8	5219.6
676 	50    	3857.38	1370  	5573.2
677 	50    	3744.9 	2197.2	5114.8
678 	50    	3734.81	2450.8	5840.4
679 	50    	3826.62	2379.2	5644.8
680 	50    	3832.11	2631.6	5044.8
681 	50    	3897.66	1931.2	4875.6
682 	50    	3810.26	1712  	5281.2
683 	50    	3740.86	2422.4	5978.8
684 	50    	3765.06	2366.4	4934.4
685 	50    	3744.45	1402  	5707.6
686 	50    	3638.56	1821.6	4998.8
687 	50    	3695.54	2180  	5845.6
688 	50    	3779.8 	2247.6	5834.4
689 	50    	3708.82	2040.8	5365.2
690 	50    	3667.35	2180  	4768.4
691 	50    	3768.66	2619.2	5295.6
692 	50    	3522.04	1920  	4903.2
693 	50    	3657.5 	2080.8	4917.2
694 	50    	3825.96	1886  	6037.2
695 	50    	3724.92	1132.8	5435.2
696 	50    	3849.42	1770.8	5770.4
697 	50    	3763.46	2449.2	5918  
698 	50    	3925.59	2664.4	5758.8
699 	50    	3619.52	1376  	5296  
700 	50    	3652.61	2441.6	5926.4
701 	50    	3847.73	2694.8	5285.2
702 	50    	3758.18	2306.4	4998.8
703 	50    	3713.16	2833.6	4669.6
704 	50    	3826.08	2658.8	5530  
705 	50    	3887.9 	2148.4	5544.4
706 	50    	3696.56	2167.2	5039.6
707 	50    	3868.21	2773.6	5431.6
708 	50    	3986.99	2727.2	5545.2
709 	50    	3934.26	2706.8	5087.6
710 	50    	3753.16	2421.6	5562.4
711 	50    	3849.62	2766  	5256.8
712 	50    	3754.63	2624.8	5151.6
713 	50    	3747.39	2216  	5154  
714 	50    	3927.36	2747.6	5828.4
715 	50    	3825.62	2429.6	5100  
716 	50    	3722.52	2555.2	5548.8
717 	50    	3617.62	2312.4	5587.6
718 	50    	3904.43	1951.2	5816.8
719 	50    	3677.5 	2193.2	5678.4
720 	50    	3743.51	2262.8	5038.8
721 	50    	3588.02	2278.4	4911.6
722 	50    	3760.42	2580.8	4956.8
723 	50    	3872.63	2094  	5226.4
724 	50    	3945.66	2590.4	5918.8
725 	50    	3941.12	2616.8	5822  
726 	50    	3818.17	2099.2	4982.4
727 	50    	3827.86	2296.4	5519.6
728 	50    	3944.71	2846.8	5214.8
729 	50    	3873.76	2868  	5336  
730 	50    	3857.62	2647.6	5358.8
731 	50    	3890.46	2560.8	6260  
732 	50    	3769.86	1680.4	5213.6
733 	50    	3740.94	2452  	5527.2
734 	50    	3626.9 	2287.6	5197.2
735 	50    	3447.6 	2117.6	5136  
736 	50    	3684.78	1705.2	5422.8
737 	50    	3628.69	2341.2	5213.2
738 	50    	3645.7 	2122.8	5064.8
739 	50    	3670.66	2196.4	5505.6
740 	50    	3863.35	2418.4	5158.8
741 	50    	3666.93	2178.4	5618  
742 	50    	3843.26	2186  	5370  
743 	50    	3737.02	1578  	5436.4
744 	50    	3655.44	2406.4	5218.4
745 	50    	3664.15	1424.4	5804.4
746 	50    	3846.7 	2271.2	5279.6
747 	50    	3840.18	2355.2	5119.2
748 	50    	3708.65	1928  	5943.2
749 	50    	3790.67	2507.6	5502  
750 	50    	3778.76	2621.2	5938  
751 	50    	3916.28	2323.2	5535.2
752 	50    	3736.54	1592.4	5278.4
753 	50    	3890.59	2444.8	5456  
754 	50    	3971.65	2366  	5303.2
755 	50    	3723.02	2374  	5675.2
756 	50    	3740.98	2257.6	5155.6
757 	50    	3759.26	2268.8	5454  
758 	50    	3862.34	2494.4	5515.6
759 	50    	3848.58	2087.6	5417.2
760 	50    	3758.13	2246.4	5187.6
761 	50    	3918.46	2787.2	6363.6
762 	50    	3838.53	2502  	5153.6
763 	50    	3787.69	2561.6	5478  
764 	50    	3883.75	2347.6	5566  
765 	50    	3935.99	2064.4	5909.6
766 	50    	3942.72	2576.4	5336.8
767 	50    	3950.76	1844.4	5945.2
768 	50    	3940.53	2637.2	5633.2
769 	50    	4056.63	2706.4	6126.4
770 	50    	3875.07	2688  	5288.4
771 	50    	3841.1 	1668  	5626.8
772 	50    	3859.76	2339.2	5029.6
773 	50    	3813.26	1067.6	5231.2
774 	50    	3952.9 	2412  	5332  
775 	50    	3957.09	2652.4	5479.2
776 	50    	3836.61	2578.4	5206.8
777 	50    	3587.14	1744.8	4791.6
778 	50    	3760.18	1984  	5405.2
779 	50    	3761.16	1896.4	5574.4
780 	50    	3838.58	2574.8	5549.2
781 	50    	3989.41	2656.8	5584.8
782 	50    	3912.85	2678  	5132.4
783 	50    	3595.06	2246  	5039.6
784 	50    	3798.95	2458.8	5619.6
785 	50    	3814.1 	2292.4	5202.8
786 	50    	3902.67	2526  	5536  
787 	50    	3785.24	2132  	5294  
788 	50    	3736.93	2211.2	5202  
789 	50    	3705.2 	2173.2	4898.4
790 	50    	4037.86	2858.4	5762  
791 	50    	3724.49	2278.4	5328.4
792 	50    	3889.17	2225.2	6024.8
793 	50    	3885.74	2254.4	5352.4
794 	50    	3859.22	2421.6	5511.6
795 	50    	3953.71	1992  	5352.4
796 	50    	3895.82	2330.4	4883.6
797 	50    	3829.98	2320.4	5994.8
798 	50    	3811.82	2106.8	5852.4
799 	50    	3740.94	2118.8	5412  
800 	50    	3760.43	2097.2	5099.6
801 	50    	3969.87	2159.2	5469.6
802 	50    	3859.83	2540.8	5956  
803 	50    	3841.33	2909.2	5770  
804 	50    	3774.19	1758.8	5400.8
805 	50    	3570.04	1852  	4884.8
806 	50    	3573.87	2471.2	4618  
807 	50    	3676.01	1802  	5137.2
808 	50    	3777.6 	2381.6	5150.4
809 	50    	3848.56	2621.2	4999.2
810 	50    	3859.81	2536.4	5977.2
811 	50    	3905.48	2133.6	5982  
812 	50    	3783.89	2290.8	5595.6
813 	50    	3888.26	2217.2	5748  
814 	50    	3927.39	2170.8	6229.6
815 	50    	3896.72	2598.4	5392.8
816 	50    	3762.04	2334.4	5554.4
817 	50    	3771.26	2208.4	5104.8
818 	50    	3837.24	2313.6	5500.4
819 	50    	3704.3 	2178.4	5750.8
820 	50    	3741.34	2506.8	5193.2
821 	50    	3623.35	2234.4	4661.6
822 	50    	3666.58	1846  	5243.2
823 	50    	3900.11	2390.8	5628  
824 	50    	3634.04	2289.6	4867.6
825 	50    	3933.07	2429.2	5506.8
826 	50    	3837.9 	2410.8	5342.8
827 	50    	3895.78	2762  	5245.2
828 	50    	3808.79	2569.6	5773.2
829 	50    	3869.37	2425.6	5721.2
830 	50    	3862.81	1866.4	5711.2
831 	50    	3952.75	2543.2	5342.8
832 	50    	3706.39	1926.4	5001.2
833 	50    	3830.74	2904.8	4837.6
834 	50    	3856.07	2229.6	5944  
835 	50    	3632.11	2266.4	5766.4
836 	50    	3927.38	2401.2	5992.8
837 	50    	3718.75	2102  	5548  
838 	50    	3762.84	2358.8	5386.8
839 	50    	3832.96	2273.6	5332  
840 	50    	3838   	2441.2	5453.2
841 	50    	3769.38	2513.6	5390.4
842 	50    	3857.05	2533.2	5289.6
843 	50    	3937.61	2468  	5844.4
844 	50    	3826.34	2698.4	5254.8
845 	50    	3972.08	2298.8	6176  
846 	50    	4119.38	2831.6	5703.2
847 	50    	3704.54	2445.6	5961.6
848 	50    	3979.21	2384  	5325.2
849 	50    	3818.5 	2476  	5321.2
850 	50    	3877.12	2357.2	5516.8
851 	50    	3659.53	2324.8	5122.8
852 	50    	3740.29	2230  	5522  
853 	50    	3714.81	1928.4	5218  
854 	50    	3600.77	2144  	4904  
855 	50    	3645.26	1740  	4972.8
856 	50    	3653.34	2036  	5536.8
857 	50    	3764.64	2631.2	5921.6
858 	50    	3801.67	2417.2	5249.6
859 	50    	3882.62	3015.6	6904.8
860 	50    	3703.42	2032.4	5882  
861 	50    	3771.75	2386.8	6472.4
862 	50    	3939.43	2526.8	5438  
863 	50    	3851.93	2145.2	5776.4
864 	50    	3727.03	2308  	5400.8
865 	50    	3763.05	2090.4	5373.6
866 	50    	3906.04	2697.2	5946.4
867 	50    	4021.56	2462.4	5642.4
868 	50    	3896.66	2357.6	5325.6
869 	50    	3737.87	2285.2	5337.2
870 	50    	3801.51	2348.4	6087.6
871 	50    	3945.48	2846.8	5836  
872 	50    	3755.75	2244.8	5958.4
873 	50    	3694.88	2090.8	5485.6
874 	50    	3794.23	2250.8	5353.6
875 	50    	3808.97	2024.8	5184.4
876 	50    	3721.58	2392.8	5051.6
877 	50    	3882.21	2074  	5727.6
878 	50    	3864.13	2587.6	5168.8
879 	50    	3732.03	2374.4	5195.6
880 	50    	3778.92	2631.2	5093.2
881 	50    	4049.02	2366.4	5744.4
882 	50    	3629.18	1688  	5757.6
883 	50    	3879.75	2788.4	5648  
884 	50    	3973.3 	2153.6	5660  
885 	50    	4006.96	2665.6	5577.6
886 	50    	3692.57	2470.8	4902.8
887 	50    	3749.22	1884.4	5488  
888 	50    	3794.06	2264.4	5333.2
889 	50    	3848.78	2182  	6028.4
890 	50    	4010.42	2693.2	6315.2
891 	50    	3948.56	2410.4	5432.8
892 	50    	3940.44	2178.4	5696  
893 	50    	4008.9 	1791.2	5504.8
894 	50    	3854.65	2100  	5508.8
895 	50    	3945.51	1955.6	6092.4
896 	50    	4024.83	2436.4	5848.4
897 	50    	4033.99	2336.8	5454.8
898 	50    	3742.18	2600.8	5028.4
899 	50    	4046.35	2520  	5994  
900 	50    	3999.13	2321.2	5742  
901 	50    	3740.53	2243.6	5408  
902 	50    	4063.66	2218.4	5522  
903 	50    	3849.7 	2527.6	5316  
904 	50    	3945.94	2331.6	5182  
905 	50    	3933.13	2374  	5555.2
906 	50    	3926.4 	2700.4	5189.6
907 	50    	3821.34	2384.8	5030.8
908 	50    	3908.81	2541.2	6197.2
909 	50    	3946.61	2504.8	5799.2
910 	50    	3790.35	1960.4	4916  
911 	50    	3844.23	2444.4	6207.2
912 	50    	3795.02	2021.6	6278.8
913 	50    	3861.59	2231.2	5387.6
914 	50    	4025.02	2969.2	5756.4
915 	50    	3825.72	2117.2	5170  
916 	50    	3822.1 	2563.6	5234.8
917 	50    	3857.66	2345.2	5408.8
918 	50    	3928.2 	2532  	5981.2
919 	50    	3780.96	2649.6	5188.4
920 	50    	3907.4 	2265.2	5437.2
921 	50    	3989.76	2668.4	5623.2
922 	50    	3951.18	2460  	5849.6
923 	50    	3856.14	2624.4	5753.6
924 	50    	3984.19	2521.2	5850.4
925 	50    	4066.31	2520.8	5490.8
926 	50    	3987.28	2664  	5062.4
927 	50    	4077.03	2801.2	5512.4
928 	50    	3974.22	2400  	5196.4
929 	50    	3878.3 	2709.6	5937.2
930 	50    	3943.72	2728.4	6051.6
931 	50    	3892.82	2222.8	6085.2
932 	50    	3938.06	2769.2	5693.2
933 	50    	3981.96	2195.2	5384.4
934 	50    	3828.49	1874.8	5772  
935 	50    	3927.34	2255.6	5693.2
936 	50    	4016.26	2673.6	5617.2
937 	50    	3780.7 	2825.6	5122  
938 	50    	3763.58	2294.4	5090.4
939 	50    	3862.95	2350  	5900.4
940 	50    	3840.08	2334  	5456  
941 	50    	3873.92	1898.4	5755.6
942 	50    	3775.5 	2394  	5942.8
943 	50    	3820.42	2109.2	5611.2
944 	50    	3959.22	2643.2	5643.6
945 	50    	3968.81	2170.8	5913.2
946 	50    	3876.57	2324  	5493.6
947 	50    	4070.1 	2771.6	6813.6
948 	50    	3970.48	2342.8	5860  
949 	50    	3595.53	2207.2	5536.8
950 	50    	3850.56	2327.2	6053.6
951 	50    	3984.92	2633.6	6267.6
952 	50    	3866.9 	2363.2	5416.8
953 	50    	3969.15	2689.2	5801.6
954 	50    	4032.21	2244  	6311.2
955 	50    	4106.44	2949.6	5862.8
956 	50    	3810.45	2191.2	5125.6
957 	50    	3957.51	2647.2	5270.8
958 	50    	3884.79	2394  	5999.2
959 	50    	3728.68	2021.2	5562.8
960 	50    	3569.58	1488.4	5274  
961 	50    	3701.97	2341.6	5285.6
962 	50    	3709.19	1774.8	5292.8
963 	50    	3823.29	1894.8	6122  
964 	50    	3811.54	2325.6	5621.2
965 	50    	3771.08	2715.2	4903.2
966 	50    	3758.58	1569.2	5359.6
967 	50    	3913.26	2263.6	6604.4
968 	50    	3775.91	2561.6	5561.6
969 	50    	3688.18	2417.6	5175.6
970 	50    	3967.71	2842  	5545.6
971 	50    	3645.93	2065.2	5248  
972 	50    	3896.9 	2566.8	5935.6
973 	50    	3788.34	2556.8	4869.2
974 	50    	3808.43	2424.8	6292  
975 	50    	3692.56	2358  	5215.2
976 	50    	3889.25	2494  	5227.6
977 	50    	3863.32	2526.8	5692  
978 	50    	3687.78	2533.6	6600.4
979 	50    	3708   	2342.4	5474.4
980 	50    	3792.18	2372  	5294.4
981 	50    	3779.16	2273.6	6467.2
982 	50    	4037.16	2722.4	5636.4
983 	50    	3812.34	2712.4	5698.8
984 	50    	3772.28	2204.8	5660.4
985 	50    	3934.52	2738  	5900.8
986 	50    	3926.43	2782.4	5780  
987 	50    	3689.69	2417.2	5235.6
988 	50    	3975.5 	2422.8	5436.4
989 	50    	3897.55	2500.4	5620.8
990 	50    	3846.82	2643.2	5716.4
991 	50    	3899.13	2365.6	5933.6
992 	50    	4021.66	2692.4	5224.8
993 	50    	4092.1 	2688  	5624.4
994 	50    	3928.42	2052  	5912  
995 	50    	4147.23	2740  	6322.8
996 	50    	3881.62	2159.2	5196.8
997 	50    	3876.15	2316.4	5306.8
998 	50    	3832.24	2033.2	5414.4
999 	50    	3852.3 	2413.2	6862.8
1000	50    	3799.74	2700  	4959.6
1001	50    	3761.16	2282.8	5720.8
1002	50    	3936.3 	2303.6	5897.2
1003	50    	3973.79	2602.4	5239.6
1004	50    	3693.98	2356  	5117.2
1005	50    	3735.22	2210.8	5759.6
1006	50    	3817.86	2354.4	5562  
1007	50    	3780.28	2005.6	5665.6
1008	50    	3725.64	2454.8	5586  
1009	50    	3803.46	2156.4	5180.8
1010	50    	4005.76	2681.2	5505.2
1011	50    	3743.96	2488.4	6924.8
1012	50    	3825.98	2199.6	5606.4
1013	50    	3785.98	2400  	5309.2
1014	50    	3741   	2262  	6291.6
1015	50    	3787.2 	2590.4	5063.6
1016	50    	4194.31	2881.2	6011.6
1017	50    	3898.86	2766.8	5249.6
1018	50    	3682.15	1686  	5650.8
1019	50    	4014.05	1984.8	5834.8
1020	50    	3916.7 	2228.8	5337.6
1021	50    	3942.83	2663.6	6350.4
1022	50    	3989.33	2129.6	6188  
1023	50    	4033.65	2549.6	6044.8
1024	50    	3758.23	2239.2	5804  
1025	50    	3778.42	1981.2	5274  
1026	50    	3959.02	2310  	5642.8
1027	50    	3771.86	1860.4	5217.2
1028	50    	3980.97	2760  	5404  
1029	50    	3854.7 	2279.2	5298.4
1030	50    	3919.69	2250  	5341.6
1031	50    	3970.31	2570  	5321.6
1032	50    	3834.39	2113.2	5682.8
1033	50    	3740.03	2388.4	5376  
1034	50    	3824.94	2266  	5463.2
1035	50    	3741.1 	1878.8	5019.2
1036	50    	3549.42	2380  	4800.4
1037	50    	3802.59	2610.4	5446.4
1038	50    	3779.21	2527.2	5969.6
1039	50    	3805.53	2714  	6011.2
1040	50    	3804.3 	2492.4	5864  
1041	50    	3765.09	2576  	5554  
1042	50    	3632.77	2114.4	5313.6
1043	50    	3789.93	2419.2	5962.8
1044	50    	3475.22	2033.2	4987.6
1045	50    	3619.91	2431.6	5658.8
1046	50    	3637.18	2427.6	5558.8
1047	50    	3458.06	1996.8	4885.6
1048	50    	3790.99	2164  	5389.6
1049	50    	3992.6 	2357.6	5322.4
1050	50    	3917.46	2372  	5174.4
1051	50    	3805.14	2243.6	5203.2
1052	50    	3862.29	2293.6	5743.6
1053	50    	3705.02	2080.8	5852.8
1054	50    	3782.81	2464  	5612  
1055	50    	3825.98	2642.4	5922.4
1056	50    	3744.01	1883.2	5801.6
1057	50    	3665.86	2286  	6350.4
1058	50    	3823.58	1549.6	5433.2
1059	50    	3665.97	2475.6	5579.6
1060	50    	3652.65	2070  	5636.8
1061	50    	3580.44	1755.6	5003.2
1062	50    	3529.81	2277.6	5159.6
1063	50    	3830.26	2541.6	5519.6
1064	50    	3819.14	2043.6	5545.6
1065	50    	3676.82	2405.2	4924  
1066	50    	3703.2 	2436.8	5005.6
1067	50    	3664.99	2738  	5453.2
1068	50    	3626.69	2028  	5750.8
1069	50    	3530.98	2104  	5474.8
1070	50    	3689.59	2044.8	5276  
1071	50    	3695.7 	2040.4	5798.8
1072	50    	3842.82	2474.4	5147.6
1073	50    	3522.16	1576.8	5046.4
1074	50    	3608.37	2252.4	5971.6
1075	50    	3575.28	2502  	5357.6
1076	50    	3495.9 	2256.4	4833.2
1077	50    	3610.62	2636.8	5873.2
1078	50    	3705.73	2488.4	5094.8
1079	50    	3722.85	2175.6	5172  
1080	50    	3645.02	2119.2	5274  
1081	50    	3531.24	2206.8	5915.2
1082	50    	3681.07	2081.2	5285.6
1083	50    	4010.22	2212.4	5993.6
1084	50    	3581.3 	1760  	5568  
1085	50    	3641.68	2157.2	5361.6
1086	50    	3812.73	2523.6	4884.8
1087	50    	3719.23	2388  	5381.6
1088	50    	3797.18	2477.6	5135.2
1089	50    	3806.89	1864.8	5257.6
1090	50    	3726.78	2706  	5061.6
1091	50    	3804.12	2049.2	5393.6
1092	50    	3668.26	2514  	5921.2
1093	50    	3712.47	2336  	4818.4
1094	50    	3766.3 	1901.2	4995.2
1095	50    	3640.05	2109.6	5427.2
1096	50    	3756.91	2420.8	5444.8
1097	50    	3617.82	2522  	4748.8
1098	50    	3677.77	2285.2	6229.2
1099	50    	3806.82	2513.6	5774.8
1100	50    	3699.13	2390  	5206  
1101	50    	3573.45	1820.4	4705.2
1102	50    	3736.31	2555.2	4839.6
1103	50    	3787.2 	2657.2	5958.8
1104	50    	3797.54	2313.2	5849.2
1105	50    	3773.66	1966  	5323.6
1106	50    	3746.86	1783.6	5145.2
1107	50    	3721.38	2378  	5318  
1108	50    	3756.98	2204  	5280.8
1109	50    	3766.54	2318.4	5462  
1110	50    	3687.21	2136  	5036  
1111	50    	3757.35	2355.6	5446.8
1112	50    	3579.99	2425.2	5553.6
1113	50    	3713.93	1919.2	5828.4
1114	50    	3655.1 	2522  	5186.8
1115	50    	3625.01	2437.2	5033.2
1116	50    	3711.74	2481.2	5076.8
1117	50    	3603.96	2246  	6290.4
1118	50    	3845.18	2639.2	5231.6
1119	50    	3888.02	2462.4	5298.4
1120	50    	3779.23	2391.6	5367.2
1121	50    	3873.38	2361.6	5480  
1122	50    	3905.03	2165.2	4813.2
1123	50    	3535.76	2386  	5118.4
1124	50    	3812.35	2508.8	5085.6
1125	50    	3631.38	2129.2	5005.2
1126	50    	3712.82	1988  	5609.6
1127	50    	3886.8 	2250  	5962  
1128	50    	3755.74	2028.4	6081.6
1129	50    	3802.78	1973.6	5406.4
1130	50    	3816.67	2295.2	5195.2
1131	50    	3700.78	2152.4	5355.2
1132	50    	3661.53	1977.6	4740.4
1133	50    	3749.78	2707.6	5142.8
1134	50    	3731.23	2119.6	5548.8
1135	50    	3640.74	2366.8	4890.8
1136	50    	3743.56	2076.8	6001.6
1137	50    	3526.27	1890.8	6222.8
1138	50    	3850.27	2434.4	5306.4
1139	50    	3542.67	2011.6	4880.8
1140	50    	3614.56	2299.2	5530.8
1141	50    	3457.71	2557.6	4370.8
1142	50    	3678.33	1972.4	5591.6
1143	50    	3823.48	2527.6	5151.6
1144	50    	3468.21	2186  	5585.2
1145	50    	3752.37	2442.4	5828.4
1146	50    	3617.92	2213.6	5182  
1147	50    	3609.56	2010.4	5556.8
1148	50    	3816.38	2370.8	5379.2
1149	50    	3717.69	2270  	5094.8
1150	50    	3832.16	1719.6	4754  
1151	50    	3638.22	2526  	5028.4
1152	50    	3796.58	2541.6	5279.6
1153	50    	3899.55	1748.8	5755.2
1154	50    	3738.24	2517.6	5314  
1155	50    	3511.46	2285.6	5399.2
1156	50    	3549.09	1266.4	5088  
1157	50    	3865.27	2336.8	5188.4
1158	50    	3611.09	2112  	4800.8
1159	50    	3761.02	2332.8	5500.4
1160	50    	3795.7 	2565.6	4818  
1161	50    	3626.28	2326.4	4982.8
1162	50    	3714.29	2203.2	5466.4
1163	50    	3785.33	2108.8	5340.8
1164	50    	3840.4 	2799.2	5267.6
1165	50    	3566.05	2098.4	5799.2
1166	50    	3868.21	2566  	6048  
1167	50    	3574.24	2527.2	4698.4
1168	50    	3771.9 	2484.8	5117.6
1169	50    	3659.46	2550.8	5632.8
1170	50    	3870.38	2243.6	5722.4
1171	50    	3651.85	2033.2	4847.2
1172	50    	3801.66	2364.4	5677.6
1173	50    	3686.21	2297.2	5498.8
1174	50    	3793.46	1876.4	5568.4
1175	50    	3775.85	2571.2	5106  
1176	50    	3895.14	2631.2	5762  
1177	50    	3741.82	2338.4	5259.2
1178	50    	3846.44	2063.2	6016.8
1179	50    	3670.75	2181.6	4890.4
1180	50    	3724.32	2680.4	5042  
1181	50    	3765.9 	2172  	4853.6
1182	50    	3707.58	2331.2	5112  
1183	50    	3801.5 	2141.6	5541.6
1184	50    	3741.86	2632.8	5051.2
1185	50    	3855.37	2152.8	5867.6
1186	50    	3814.6 	2631.2	6092.8
1187	50    	3820.2 	2116.4	5239.6
1188	50    	3918.34	2477.6	5490.4
1189	50    	3717.82	2466.4	5590.8
1190	50    	3582.8 	2261.2	4714  
1191	50    	3724.4 	2513.6	5245.2
1192	50    	3622.38	2098.4	4711.6
1193	50    	3841.01	2672  	5826.8
1194	50    	3766.7 	2459.2	5644.8
1195	50    	3847.91	2042.4	6636.4
1196	50    	3789.53	2540  	5466  
1197	50    	3991.06	2519.2	5826  
1198	50    	3909.57	2360.8	6518.4
1199	50    	3703.8 	1526.4	5482  
1200	50    	3630.44	2538  	5641.6
1201	50    	3721.82	1994  	5283.2
1202	50    	3788.88	2259.6	5353.6
1203	50    	3740.09	1795.2	5049.2
1204	50    	3645.1 	2080.4	5287.6
1205	50    	3726.98	2058.8	4950.8
1206	50    	3626.58	1952.8	5759.2
1207	50    	3844.19	2388  	5376.4
1208	50    	3578.54	2460  	5223.2
1209	50    	3838.89	1720  	5432  
1210	50    	3720.13	1940  	5553.2
1211	50    	3616.41	2258.8	4998.8
1212	50    	3777.42	2268  	5764  
1213	50    	3696.42	2472.8	5190.8
1214	50    	3769.95	2463.6	4906.8
1215	50    	3799.03	2509.2	5428.4
1216	50    	3694.76	2250.8	5937.6
1217	50    	3720.86	2323.2	5204  
1218	50    	3802.94	2599.6	5021.6
1219	50    	3672.52	2314  	6202.4
1220	50    	3800.99	2479.6	5680  
1221	50    	3696.22	2500.8	5467.6
1222	50    	3708.9 	2122.8	6069.6
1223	50    	3819.39	2345.2	5716  
1224	50    	3846.47	2272.8	5690.4
1225	50    	3614.74	1781.6	4952.4
1226	50    	3785.62	2155.6	5191.2
1227	50    	3990.42	2800.4	5436.8
1228	50    	3839.27	2564.4	5416  
1229	50    	3682.51	2028  	4755.2
1230	50    	3724.71	2048.8	5381.6
1231	50    	3706.61	2399.2	5116.8
1232	50    	3650.6 	2365.2	4890  
1233	50    	3825.9 	2624  	5293.2
1234	50    	3833.22	2538.8	5410.8
1235	50    	3889.85	2329.6	5337.2
1236	50    	4019.78	2614.8	5515.2
1237	50    	3812.94	2286.4	5350.8
1238	50    	3799.31	1555.2	5849.2
1239	50    	3902.68	2299.6	5276.4
1240	50    	3864.34	2508.8	5531.6
1241	50    	3701.06	2140.8	5685.6
1242	50    	3792.77	2529.6	5319.6
1243	50    	3980.26	2714.8	5958  
1244	50    	3784.92	2526  	5826.8
1245	50    	3736.39	2218  	5256.4
1246	50    	3856.84	2385.6	5422.8
1247	50    	3678.5 	1856.8	6086  
1248	50    	3910.58	2705.2	5454  
1249	50    	3739.99	2444.8	5788.8
1250	50    	3786.59	2251.2	5376  
1251	50    	3890.8 	2299.6	5205.2
1252	50    	3719.82	2158.8	5319.2
1253	50    	3731.57	2318.8	5023.6
1254	50    	3800.18	2044.4	5016.4
1255	50    	3697.18	2227.6	5812.4
1256	50    	3860.88	2524.4	5655.2
1257	50    	3803.27	2206.4	5627.6
1258	50    	3873.84	2169.6	5071.2
1259	50    	3890.31	2632.8	5328  
1260	50    	3763.58	2577.6	5654.8
1261	50    	3834.63	2121.2	5638.4
1262	50    	3679.1 	2134.8	5498.8
1263	50    	3989.16	2860  	5363.6
1264	50    	3896.26	2340  	5059.2
1265	50    	3849.27	2835.2	5642.8
1266	50    	3894.41	2371.6	5512  
1267	50    	3946.68	2832.8	5058.8
1268	50    	3700.84	2328.4	5192.8
1269	50    	3817.34	2404.4	5210.4
1270	50    	3813.42	2374  	5488  
1271	50    	3791.73	2300.4	5724  
1272	50    	3636.12	2146.8	5001.2
1273	50    	3885.86	2646  	5488  
1274	50    	3826.1 	2730.4	5009.2
1275	50    	3839.81	2273.6	5457.2
1276	50    	3696.23	2312.8	5276  
1277	50    	3874.62	2395.6	5223.2
1278	50    	3865.67	2780  	5258  
1279	50    	3735.23	2499.6	4875.6
1280	50    	3875.18	2642.8	5835.2
1281	50    	3849.37	2621.2	5360.4
1282	50    	3637.28	2314  	5798.8
1283	50    	3621.63	2110.8	5339.6
1284	50    	3791.74	2406.4	5832.4
1285	50    	3813.93	2320.4	5251.6
1286	50    	3775.67	2510.8	5608.8
1287	50    	3712.82	2620.8	5125.2
1288	50    	3639.09	2689.6	4674  
1289	50    	3716.48	2070.8	5306.4
1290	50    	3822.63	2648.4	4862  
1291	50    	3822.98	2430  	6105.6
1292	50    	3645.24	1946.4	5453.6
1293	50    	3612.84	2610.8	5408.4
1294	50    	3791.22	1942.4	5657.6
1295	50    	3840.93	2450.8	5322.8
1296	50    	3590.99	2601.2	4714.8
1297	50    	3665.82	2146  	4975.2
1298	50    	3764.31	2475.6	4935.2
1299	50    	3593.22	2224.8	5199.6
1300	50    	3707.62	2216.8	5172.4
1301	50    	3762.51	2570.4	5063.2
1302	50    	3570.97	2055.2	4544  
1303	50    	3836.39	2184.8	5416  
1304	50    	3796.42	2724.8	5279.6
1305	50    	3692.25	2491.2	4923.6
1306	50    	3941.5 	2255.2	5008  
1307	50    	3704.39	2481.6	4925.2
1308	50    	3742.98	2542.8	5139.2
1309	50    	3686.65	2474  	5447.6
1310	50    	3691.24	2421.6	5390.4
1311	50    	3635.75	2421.6	5044  
1312	50    	3490.45	1982.4	5536  
1313	50    	3770.5 	2526.8	5220  
1314	50    	3667.43	2053.6	5420.8
1315	50    	3690.31	2420.4	5612.8
1316	50    	3598.76	2027.2	4755.2
1317	50    	3770.42	2538.8	5028.4
1318	50    	3759.66	2393.6	5225.6
1319	50    	3778.08	2369.2	5501.6
1320	50    	3696.01	2287.2	5164.4
1321	50    	3709.13	2678.4	5006.8
1322	50    	3804.71	2102  	5482  
1323	50    	3641.09	1866  	5596.8
1324	50    	3664.91	2154.8	5286.8
1325	50    	3648.55	2063.6	5411.6
1326	50    	3699.75	2688.4	4889.6
1327	50    	3685.18	2230  	5177.2
1328	50    	3658.31	2058.8	5424  
1329	50    	3944.57	1866  	5474.8
1330	50    	3697.61	1918  	4863.6
1331	50    	3818.23	2285.6	5448.8
1332	50    	3617.84	2089.6	4906  
1333	50    	3633.3 	2214.8	6166.8
1334	50    	3657.38	2630.8	5261.2
1335	50    	3642.86	2597.2	5400.8
1336	50    	3655.33	2602.4	5536.8
1337	50    	3490.73	2132.4	4961.6
1338	50    	3474.72	2281.6	4719.2
1339	50    	3816.25	2074  	5480.4
1340	50    	3616.68	2316  	5056.8
1341	50    	3547.04	2186.4	4996.8
1342	50    	3636.73	2443.6	4954.4
1343	50    	3577.51	2130.8	5064.8
1344	50    	3658.12	1978.4	5267.6
1345	50    	3636.3 	2096  	4942  
1346	50    	3510.06	2310  	4610.8
1347	50    	3623.17	2484  	5151.6
1348	50    	3745.74	2808.8	5020.4
1349	50    	3863.06	2926  	4964  
1350	50    	3690.06	2651.2	4794.4
1351	50    	3755.52	2181.2	6027.2
1352	50    	3686.5 	2396.8	5040.4
1353	50    	3734.56	2023.6	5472.4
1354	50    	3721.9 	2418.8	5923.2
1355	50    	3799.74	2108.4	5156.8
1356	50    	3706.22	2437.6	6218  
1357	50    	3664.18	1836  	5368.4
1358	50    	3696.78	2140.8	5196.8
1359	50    	3714.75	2552.8	4753.6
1360	50    	3787.06	2636.4	5206.4
1361	50    	3856.28	2241.2	5190  
1362	50    	3760.52	2474.4	5408.4
1363	50    	3533.58	2246.8	5046.8
1364	50    	3648.42	2464.8	4711.6
1365	50    	3847.32	2526.8	5488  
1366	50    	3662.38	2472.8	5265.2
1367	50    	3670.64	2040  	4974.8
1368	50    	3589.25	2541.2	4837.6
1369	50    	3822.5 	2204.4	4913.6
1370	50    	3608.76	2407.2	4972.8
1371	50    	3754.16	2555.6	4894.4
1372	50    	3738.24	2286.8	5503.2
1373	50    	3671.13	1921.2	4810.4
1374	50    	3739.55	2200.4	4959.6
1375	50    	3818.51	2447.2	5530.4
1376	50    	3556.08	2248  	4805.6
1377	50    	3673.77	2362.4	5240.4
1378	50    	3702.74	2506  	5008.8
1379	50    	3805.33	2267.6	5193.2
1380	50    	3605.86	2058.8	5018.8
1381	50    	3726.7 	2366  	5530.8
1382	50    	3803.04	2490.4	5128  
1383	50    	3655.43	1942.8	4976.8
1384	50    	3901.75	2264.4	5825.6
1385	50    	3770.05	2470  	5504.4
1386	50    	3740.63	2758.4	5842  
1387	50    	3795.32	2731.2	6458.4
1388	50    	3714.21	2616  	5578  
1389	50    	3640.58	2303.2	5879.6
1390	50    	3588.58	2017.2	5074.4
1391	50    	3782.96	1934.4	5053.2
1392	50    	3636.76	2253.6	5610.4
1393	50    	3754.82	2673.6	4822.8
1394	50    	3788.54	2381.6	5578.8
1395	50    	3870.91	2125.2	4967.6
1396	50    	3580.02	1931.2	5376.8
1397	50    	3793.06	2302  	5570.4
1398	50    	3786.04	2394.8	5436.4
1399	50    	3920.56	2678.8	5188.8
1400	50    	3958.88	2693.6	5829.6
1401	50    	3592.52	2316  	4555.2
1402	50    	3854.2 	2512  	5665.2
1403	50    	3817.53	2730  	5462.8
1404	50    	3816.39	2455.6	5368.8
1405	50    	3838.02	1912.8	5310.8
1406	50    	3885.63	2522.8	5708.8
1407	50    	3895.71	2183.2	5247.2
1408	50    	3760.96	2399.6	5129.2
1409	50    	3781.96	2568  	5181.6
1410	50    	3917.83	2716.4	5542.8
1411	50    	3772.42	2169.6	5267.6
1412	50    	3710.77	2088  	5335.6
1413	50    	3606.18	2005.2	5123.6
1414	50    	3814.39	2524  	5733.2
1415	50    	3767.8 	1847.6	5461.6
1416	50    	3723.56	2137.2	5123.6
1417	50    	3822.35	2332.4	5187.2
1418	50    	3918.82	2369.6	5686.4
1419	50    	3602.74	2008  	4934.4
1420	50    	3761.18	2684.4	5631.6
1421	50    	3610.14	2166.8	4860  
1422	50    	3659.91	2210  	5064  
1423	50    	3729.86	2564.4	5212.4
1424	50    	3715.06	2540  	5343.2
1425	50    	3670.28	2424.4	5365.2
1426	50    	3578.96	2300.4	5222  
1427	50    	3653.75	2302.4	5413.6
1428	50    	3622.79	2320  	4988  
1429	50    	3710.79	2129.6	5116  
1430	50    	3692.77	2207.6	4944.8
1431	50    	3767.67	2189.2	6430.4
1432	50    	3594.62	2361.6	5554.8
1433	50    	3599.03	2218.8	4805.2
1434	50    	3810.86	2625.2	5904.8
1435	50    	3731.58	2170.8	5610  
1436	50    	3726.98	2172.8	5667.6
1437	50    	3809.34	2517.2	5447.2
1438	50    	3760.97	2778.8	5324.8
1439	50    	3760.88	2583.6	5199.6
1440	50    	3753.3 	2411.6	5161.2
1441	50    	3775.96	1775.6	5321.6
1442	50    	3789.58	2466  	5166.8
1443	50    	3763.16	2485.6	4906.8
1444	50    	3793.69	2084  	5105.6
1445	50    	3863.22	2247.2	5278.4
1446	50    	3729.12	2372.8	5446.4
1447	50    	3593.27	2460.4	6053.6
1448	50    	3900.74	2018.8	5898.4
1449	50    	3693.53	2720.8	4744.8
1450	50    	3784.34	2215.2	5341.2
1451	50    	3755.61	2257.2	5321.6
1452	50    	3718.63	1990.8	5162.8
1453	50    	3785.05	2510.8	5811.6
1454	50    	3732.22	2869.2	5297.2
1455	50    	3711.38	2064.4	5612.8
1456	50    	3681.67	2631.2	5040.4
1457	50    	3655.93	2496.8	4950  
1458	50    	3803.68	2823.6	5242  
1459	50    	3737.96	2449.6	5215.6
1460	50    	3688.95	2728  	5464  
1461	50    	3500.55	2091.6	5593.2
1462	50    	3745.13	2176  	5542.4
1463	50    	3667.29	2190.4	5203.2
1464	50    	3645.52	1942.8	5496.4
1465	50    	3713.94	2553.6	5357.6
1466	50    	3784.86	2271.2	6198  
1467	50    	3703.29	2250.4	5040.8
1468	50    	3716.1 	2478  	4847.2
1469	50    	3488.02	1958.4	4952.8
1470	50    	3536.98	2307.2	5771.6
1471	50    	3665.02	2594  	5358.4
1472	50    	3695.06	2632.4	4900.8
1473	50    	3657.9 	2025.6	5073.2
1474	50    	3581.13	2342.8	4944.8
1475	50    	3691.73	2596  	5276.8
1476	50    	3566.4 	2218.8	4952.8
1477	50    	3560.42	2244.8	5376.8
1478	50    	3821.7 	2310  	5659.6
1479	50    	3837.95	2536.4	5572  
1480	50    	3718.91	2055.2	5814  
1481	50    	3580.38	2250.8	5642  
1482	50    	3792.84	2331.2	5602.4
1483	50    	3619.86	2351.2	5434.4
1484	50    	3607.35	2276.8	5688.4
1485	50    	3861.1 	2914.8	4877.6
1486	50    	3764.22	2087.6	5318  
1487	50    	3481.15	2054.4	5025.6
1488	50    	3720.35	2402.8	5000.8
1489	50    	3749.78	2330.8	5258.4
1490	50    	3965.22	2497.6	7001.6
1491	50    	3879.66	2570.4	5772.8
1492	50    	3808.98	2605.6	5947.6
1493	50    	3700.62	2288.4	5092  
1494	50    	3791.02	2686  	5399.6
1495	50    	3757.22	2620.4	5797.2
1496	50    	3710.32	2633.6	5346.8
1497	50    	3889.87	2072.8	5931.2
1498	50    	3906.77	2285.6	5297.2
1499	50    	3733.68	2144  	5314.8
1500	50    	3704.13	2572.4	5280.4
1501	50    	3765.17	1766  	5023.6
1502	50    	3654.86	2208  	5341.6
1503	50    	3694.2 	1947.6	5244  
1504	50    	3720   	2580  	5814  
1505	50    	3627.64	1909.6	4769.2
1506	50    	3744.87	2148.4	5417.6
1507	50    	3800.5 	2475.2	6054.4
1508	50    	3510.94	2260  	5272  
1509	50    	3611.2 	2320  	5258.8
1510	50    	3632.55	2177.6	5357.6