gen	nevals	avg      	min      	max      
1  	25    	0.0147188	0        	0.0632813
2  	25    	0.0514062	0        	0.192188 
3  	25    	0.0755312	0.0015625	0.182812 
4  	25    	0.101281 	0.040625 	0.159375 
5  	25    	0.092875 	0.0296875	0.179688 
6  	25    	0.114063 	0.0398437	0.18125  
7  	25    	0.117844 	0.015625 	0.248437 
8  	25    	0.126781 	0.021875 	0.208594 
9  	25    	0.146312 	0.0625   	0.217969 
10 	25    	0.149    	0.0671875	0.264844 
11 	25    	0.174094 	0.0132813	0.276563 
12 	25    	0.171375 	0.0773437	0.24375  
13 	25    	0.198187 	0.0015625	0.4      
14 	25    	0.191031 	0.0875   	0.351562 
15 	25    	0.200719 	0.084375 	0.323438 
16 	25    	0.200656 	0.05625  	0.285937 
17 	25    	0.199562 	0.119531 	0.292969 
18 	25    	0.216312 	0.0289063	0.321094 
19 	25    	0.228187 	0.0921875	0.314844 
20 	25    	0.211375 	0.140625 	0.361719 
21 	25    	0.222062 	0.0765625	0.314844 
22 	25    	0.237312 	0.139844 	0.370313 
23 	25    	0.251812 	0.0992187	0.345313 
24 	25    	0.248531 	0.128125 	0.35     
25 	25    	0.249437 	0.142188 	0.340625 
26 	25    	0.250406 	0.140625 	0.36875  
27 	25    	0.245688 	0.169531 	0.3375   
28 	25    	0.256906 	0.178125 	0.43125  
29 	25    	0.259844 	0.160156 	0.496875 
30 	25    	0.241125 	0.132031 	0.408594 
31 	25    	0.294719 	0.163281 	0.482812 
32 	25    	0.308187 	0.197656 	0.489844 
33 	25    	0.273937 	0.158594 	0.382812 
34 	25    	0.330844 	0.158594 	0.497656 
35 	25    	0.298719 	0.198437 	0.43125  
36 	25    	0.2565   	0.183594 	0.366406 
37 	25    	0.282875 	0.0867188	0.428125 
38 	25    	0.290188 	0.110937 	0.435156 
39 	25    	0.285031 	0.178125 	0.464844 
40 	25    	0.299969 	0.207031 	0.405469 
41 	25    	0.289625 	0.182812 	0.408594 
42 	25    	0.281906 	0.1875   	0.389844 
43 	25    	0.309438 	0.203906 	0.472656 
44 	25    	0.274375 	0.190625 	0.395312 
45 	25    	0.276094 	0.184375 	0.442969 
46 	25    	0.275562 	0.16875  	0.425781 
47 	25    	0.287219 	0.203125 	0.39375  
48 	25    	0.281562 	0.125781 	0.489844 
49 	25    	0.281937 	0.178906 	0.408594 
50 	25    	0.282594 	0.169531 	0.446875 
51 	25    	0.294719 	0.190625 	0.41875  
52 	25    	0.292094 	0.203906 	0.389062 
53 	25    	0.275875 	0.18125  	0.371875 
54 	25    	0.303625 	0.151562 	0.399219 
55 	25    	0.297937 	0.200781 	0.398438 
56 	25    	0.288125 	0.1875   	0.464844 
57 	25    	0.317344 	0.225781 	0.426562 
58 	25    	0.29825  	0.182031 	0.522656 
59 	25    	0.291594 	0.189844 	0.396094 
60 	25    	0.297781 	0.18125  	0.373437 
61 	25    	0.308031 	0.174219 	0.466406 
62 	25    	0.288312 	0.1875   	0.475781 
63 	25    	0.298219 	0.171875 	0.428906 
64 	25    	0.291312 	0.198437 	0.38125  
65 	25    	0.306031 	0.207813 	0.428125 
66 	25    	0.301906 	0.189063 	0.423438 
67 	25    	0.298844 	0.186719 	0.378906 
68 	25    	0.292437 	0.192969 	0.365625 
69 	25    	0.303031 	0.147656 	0.503906 
70 	25    	0.302062 	0.128125 	0.446094 
71 	25    	0.325687 	0.228125 	0.442187 
72 	25    	0.315656 	0.122656 	0.489844 
73 	25    	0.340031 	0.185156 	0.665625 
74 	25    	0.333187 	0.208594 	0.540625 
75 	25    	0.2865   	0.199219 	0.388281 
76 	25    	0.34175  	0.258594 	0.499219 
77 	25    	0.318094 	0.222656 	0.414062 
78 	25    	0.331281 	0.253906 	0.439063 
79 	25    	0.298094 	0.14375  	0.38125  
80 	25    	0.307125 	0.171875 	0.438281 
81 	25    	0.330844 	0.203125 	0.502344 
82 	25    	0.301281 	0.180469 	0.453125 
83 	25    	0.3115   	0.189844 	0.476562 
84 	25    	0.334219 	0.223438 	0.45625  
85 	25    	0.323656 	0.194531 	0.415625 
86 	25    	0.328969 	0.21875  	0.463281 
87 	25    	0.333594 	0.221094 	0.494531 
88 	25    	0.307469 	0.184375 	0.434375 
89 	25    	0.317438 	0.214844 	0.428906 
90 	25    	0.315281 	0.196094 	0.440625 
91 	25    	0.3055   	0.233594 	0.467187 
92 	25    	0.327719 	0.189844 	0.473437 
93 	25    	0.305938 	0.172656 	0.434375 
94 	25    	0.302656 	0.205469 	0.449219 
95 	25    	0.327406 	0.23125  	0.471094 
96 	25    	0.354    	0.205469 	0.50625  
97 	25    	0.3335   	0.235156 	0.478125 
98 	25    	0.317969 	0.19375  	0.454688 
99 	25    	0.33675  	0.209375 	0.4125   
100	25    	0.317094 	0.228906 	0.507031 
101	25    	0.331969 	0.192969 	0.500781 
102	25    	0.328031 	0.195312 	0.430469 
103	25    	0.316344 	0.20625  	0.503906 
104	25    	0.356875 	0.267188 	0.571875 
105	25    	0.344656 	0.227344 	0.442187 
106	25    	0.327562 	0.241406 	0.4125   
107	25    	0.350937 	0.221875 	0.478125 
108	25    	0.327219 	0.217187 	0.432031 
109	25    	0.341    	0.179688 	0.521875 
110	25    	0.328063 	0.207813 	0.428906 
111	25    	0.329    	0.196875 	0.453125 
112	25    	0.354187 	0.203906 	0.640625 
113	25    	0.336906 	0.214062 	0.5125   
114	25    	0.321437 	0.240625 	0.440625 
115	25    	0.320938 	0.226562 	0.438281 
116	25    	0.32125  	0.183594 	0.439844 
117	25    	0.317281 	0.175    	0.442187 
118	25    	0.322875 	0.219531 	0.484375 
119	25    	0.332063 	0.2      	0.424219 
120	25    	0.341844 	0.232812 	0.525781 
121	25    	0.374063 	0.239844 	0.567187 
122	25    	0.327375 	0.203906 	0.497656 
123	25    	0.356219 	0.189063 	0.475    
124	25    	0.339031 	0.179688 	0.497656 
125	25    	0.312375 	0.179688 	0.433594 
126	25    	0.340469 	0.209375 	0.504687 
127	25    	0.311562 	0.210156 	0.463281 
128	25    	0.303625 	0.228906 	0.422656 
129	25    	0.319625 	0.207813 	0.592188 
130	25    	0.308344 	0.229687 	0.497656 
131	25    	0.308312 	0.210156 	0.471875 
132	25    	0.332531 	0.188281 	0.489062 
133	25    	0.331188 	0.229687 	0.466406 
134	25    	0.330719 	0.199219 	0.516406 
135	25    	0.328312 	0.220313 	0.497656 
136	25    	0.318031 	0.202344 	0.414062 
137	25    	0.354187 	0.222656 	0.494531 
138	25    	0.330813 	0.182031 	0.507031 
139	25    	0.318531 	0.216406 	0.473437 
140	25    	0.344281 	0.217969 	0.465625 
141	25    	0.336781 	0.224219 	0.478125 
142	25    	0.339125 	0.213281 	0.460938 
143	25    	0.36     	0.246875 	0.501562 
144	25    	0.370219 	0.249219 	0.474219 
145	25    	0.332344 	0.190625 	0.532031 
146	25    	0.368125 	0.278906 	0.465625 
147	25    	0.328688 	0.176563 	0.482031 
148	25    	0.323656 	0.228125 	0.426562 
149	25    	0.323562 	0.207031 	0.498437 
150	25    	0.320406 	0.200781 	0.438281 
151	25    	0.342656 	0.265625 	0.469531 
152	25    	0.335156 	0.175781 	0.482812 
153	25    	0.345187 	0.245312 	0.446094 
154	25    	0.329    	0.211719 	0.45625  
155	25    	0.365219 	0.219531 	0.565625 
156	25    	0.34275  	0.210938 	0.483594 
157	25    	0.330438 	0.249219 	0.460156 
158	25    	0.340594 	0.244531 	0.549219 
159	25    	0.324469 	0.242188 	0.395312 
160	25    	0.346844 	0.236719 	0.489062 
161	25    	0.354969 	0.246875 	0.4625   
162	25    	0.333313 	0.210938 	0.440625 
163	25    	0.3425   	0.222656 	0.497656 
164	25    	0.3335   	0.213281 	0.472656 
165	25    	0.332969 	0.199219 	0.541406 
166	25    	0.361437 	0.2625   	0.488281 
167	25    	0.335656 	0.221875 	0.459375 
168	25    	0.332094 	0.228125 	0.502344 
169	25    	0.346719 	0.235938 	0.484375 
170	25    	0.351313 	0.203125 	0.541406 
171	25    	0.351219 	0.242188 	0.476562 
172	25    	0.363937 	0.247656 	0.51875  
173	25    	0.3605   	0.294531 	0.51875  
174	25    	0.329656 	0.240625 	0.454688 
175	25    	0.345    	0.224219 	0.450781 
176	25    	0.342281 	0.21875  	0.459375 
177	25    	0.33325  	0.257031 	0.4625   
178	25    	0.370812 	0.292969 	0.554688 
179	25    	0.332875 	0.208594 	0.415625 
180	25    	0.376219 	0.234375 	0.589844 
181	25    	0.353625 	0.177344 	0.5125   
182	25    	0.340781 	0.233594 	0.574219 
183	25    	0.347906 	0.182031 	0.529688 
184	25    	0.336719 	0.189844 	0.488281 
185	25    	0.341156 	0.226562 	0.544531 
186	25    	0.347188 	0.220313 	0.476562 
187	25    	0.36825  	0.253906 	0.482812 
188	25    	0.356719 	0.253906 	0.524219 
189	25    	0.358719 	0.257812 	0.452344 
190	25    	0.350906 	0.220313 	0.459375 
191	25    	0.372125 	0.242188 	0.566406 
192	25    	0.358406 	0.217187 	0.482031 
193	25    	0.3395   	0.213281 	0.489062 
194	25    	0.338406 	0.196875 	0.558594 
195	25    	0.352375 	0.183594 	0.578906 
196	25    	0.366781 	0.239844 	0.570312 
197	25    	0.373469 	0.273438 	0.621094 
198	25    	0.366656 	0.217969 	0.578125 
199	25    	0.369969 	0.229687 	0.525781 
200	25    	0.372688 	0.217969 	0.532812 
201	25    	0.33475  	0.196094 	0.553906 
202	25    	0.368969 	0.203906 	0.590625 
203	25    	0.373125 	0.225781 	0.535156 
204	25    	0.356156 	0.221875 	0.496875 
205	25    	0.352312 	0.269531 	0.630469 
206	25    	0.374656 	0.24375  	0.600781 
207	25    	0.341781 	0.235938 	0.510938 
208	25    	0.319406 	0.228906 	0.399219 
209	25    	0.356219 	0.251563 	0.532812 
210	25    	0.362469 	0.242969 	0.517969 
211	25    	0.343594 	0.214062 	0.571094 
212	25    	0.373375 	0.278125 	0.497656 
213	25    	0.351219 	0.26875  	0.507031 
214	25    	0.36425  	0.15625  	0.515625 
215	25    	0.379594 	0.267188 	0.630469 
216	25    	0.362531 	0.250781 	0.514844 
217	25    	0.3565   	0.196875 	0.497656 
218	25    	0.367875 	0.251563 	0.488281 
219	25    	0.368906 	0.278125 	0.489062 
220	25    	0.343719 	0.190625 	0.478906 
221	25    	0.344156 	0.227344 	0.474219 
222	25    	0.384563 	0.245312 	0.499219 
223	25    	0.326156 	0.240625 	0.442969 
224	25    	0.353844 	0.192188 	0.486719 
225	25    	0.350469 	0.198437 	0.514063 
226	25    	0.366563 	0.2375   	0.56875  
227	25    	0.329156 	0.182031 	0.458594 
228	25    	0.349281 	0.233594 	0.532031 
229	25    	0.363156 	0.239063 	0.517187 
230	25    	0.35625  	0.242188 	0.46875  
231	25    	0.338219 	0.211719 	0.466406 
232	25    	0.358656 	0.217969 	0.514063 
233	25    	0.372281 	0.217969 	0.523438 
234	25    	0.356563 	0.242188 	0.594531 
235	25    	0.361812 	0.251563 	0.46875  
236	25    	0.355906 	0.216406 	0.51875  
237	25    	0.34725  	0.202344 	0.50625  
238	25    	0.344969 	0.191406 	0.478125 
239	25    	0.338344 	0.2125   	0.489844 
240	25    	0.355219 	0.221094 	0.514063 
241	25    	0.335562 	0.190625 	0.459375 
242	25    	0.348031 	0.175    	0.545313 
243	25    	0.336031 	0.16875  	0.499219 
244	25    	0.359312 	0.232031 	0.53125  
245	25    	0.352625 	0.232031 	0.586719 
246	25    	0.304688 	0.207031 	0.423438 
247	25    	0.369969 	0.228906 	0.510938 
248	25    	0.345562 	0.2      	0.497656 
249	25    	0.369656 	0.286719 	0.503906 
250	25    	0.332844 	0.245312 	0.489062 
251	25    	0.345875 	0.228906 	0.550781 
252	25    	0.320781 	0.207813 	0.488281 
253	25    	0.335531 	0.199219 	0.477344 
254	25    	0.350344 	0.226562 	0.471875 
255	25    	0.351937 	0.223438 	0.486719 
256	25    	0.342344 	0.233594 	0.485156 
257	25    	0.321094 	0.190625 	0.459375 
258	25    	0.361687 	0.25     	0.503125 
259	25    	0.353031 	0.253125 	0.521094 
260	25    	0.354844 	0.189063 	0.525    
261	25    	0.385531 	0.264062 	0.645312 
262	25    	0.336531 	0.2      	0.470313 
263	25    	0.350281 	0.221875 	0.501562 
264	25    	0.370312 	0.252344 	0.559375 
265	25    	0.375188 	0.234375 	0.554688 
266	25    	0.369812 	0.244531 	0.535156 
267	25    	0.368844 	0.25625  	0.545313 
268	25    	0.34975  	0.205469 	0.557031 
269	25    	0.3755   	0.236719 	0.507812 
270	25    	0.374656 	0.24375  	0.567187 
271	25    	0.388125 	0.1875   	0.59375  
272	25    	0.365406 	0.222656 	0.54375  
273	25    	0.35075  	0.221094 	0.542188 
274	25    	0.390562 	0.245312 	0.607031 
275	25    	0.372875 	0.253906 	0.640625 
276	25    	0.357063 	0.227344 	0.538281 
277	25    	0.35975  	0.238281 	0.517969 
278	25    	0.357469 	0.267188 	0.475    
279	25    	0.346656 	0.264844 	0.441406 
280	25    	0.371313 	0.271094 	0.521875 
281	25    	0.352312 	0.201562 	0.55625  
282	25    	0.352219 	0.230469 	0.617188 
283	25    	0.356594 	0.217187 	0.516406 
284	25    	0.380563 	0.242969 	0.634375 
285	25    	0.379281 	0.28125  	0.535156 
286	25    	0.346781 	0.214844 	0.450781 
287	25    	0.346969 	0.240625 	0.58125  
288	25    	0.347781 	0.185156 	0.532031 
289	25    	0.376219 	0.228906 	0.553125 
290	25    	0.379219 	0.24375  	0.502344 
291	25    	0.361125 	0.25625  	0.560938 
292	25    	0.354687 	0.214844 	0.472656 
293	25    	0.35475  	0.207813 	0.528906 
294	25    	0.374844 	0.270312 	0.540625 
295	25    	0.349562 	0.232031 	0.498437 
296	25    	0.331437 	0.210938 	0.532812 
297	25    	0.362    	0.238281 	0.563281 
298	25    	0.338156 	0.228906 	0.471875 
299	25    	0.348438 	0.203906 	0.409375 
300	25    	0.349938 	0.253125 	0.53125  
301	25    	0.33275  	0.196094 	0.545313 
302	25    	0.345406 	0.214844 	0.502344 
303	25    	0.339687 	0.214062 	0.458594 
304	25    	0.361406 	0.290625 	0.586719 
305	25    	0.346625 	0.214844 	0.54375  
306	25    	0.310594 	0.225    	0.471875 
307	25    	0.374062 	0.258594 	0.680469 
308	25    	0.341062 	0.239063 	0.478906 
309	25    	0.379219 	0.25625  	0.557813 
310	25    	0.359969 	0.226562 	0.535156 
311	25    	0.366625 	0.223438 	0.5375   
312	25    	0.365875 	0.192188 	0.585156 
313	25    	0.341687 	0.20625  	0.466406 
314	25    	0.347188 	0.221094 	0.528906 
315	25    	0.346938 	0.253906 	0.584375 
316	25    	0.383156 	0.253906 	0.523438 
317	25    	0.351125 	0.251563 	0.492969 
318	25    	0.333937 	0.171094 	0.498437 
319	25    	0.360969 	0.259375 	0.502344 
320	25    	0.358469 	0.163281 	0.572656 
321	25    	0.366875 	0.214844 	0.629687 
322	25    	0.354531 	0.238281 	0.571875 
323	25    	0.3475   	0.204688 	0.522656 
324	25    	0.352344 	0.175    	0.597656 
325	25    	0.360781 	0.209375 	0.526563 
326	25    	0.348625 	0.146875 	0.496094 
327	25    	0.390719 	0.258594 	0.507812 
328	25    	0.352969 	0.219531 	0.528125 
329	25    	0.361125 	0.257031 	0.475    
330	25    	0.349281 	0.185937 	0.467187 
331	25    	0.386719 	0.217969 	0.555469 
332	25    	0.358094 	0.210938 	0.489844 
333	25    	0.334063 	0.167187 	0.459375 
334	25    	0.345688 	0.253125 	0.467187 
335	25    	0.35575  	0.239063 	0.524219 
336	25    	0.38925  	0.28125  	0.573438 
337	25    	0.366656 	0.278906 	0.521875 
338	25    	0.359562 	0.274219 	0.516406 
339	25    	0.338656 	0.207813 	0.475781 
340	25    	0.366594 	0.207813 	0.532812 
341	25    	0.357375 	0.213281 	0.527344 
342	25    	0.355781 	0.210156 	0.539062 
343	25    	0.329062 	0.179688 	0.4375   
344	25    	0.357156 	0.234375 	0.583594 
345	25    	0.345125 	0.211719 	0.529688 
346	25    	0.35825  	0.173438 	0.676562 
347	25    	0.354063 	0.244531 	0.496875 
348	25    	0.338094 	0.173438 	0.460156 
349	25    	0.34275  	0.220313 	0.486719 
350	25    	0.364063 	0.221094 	0.511719 
351	25    	0.352563 	0.167969 	0.517187 
352	25    	0.365688 	0.219531 	0.539844 
353	25    	0.338656 	0.221094 	0.536719 
354	25    	0.376625 	0.2375   	0.492969 
355	25    	0.353813 	0.189844 	0.592188 
356	25    	0.381375 	0.23125  	0.595312 
357	25    	0.348469 	0.161719 	0.561719 
358	25    	0.354969 	0.194531 	0.482812 
359	25    	0.3365   	0.176563 	0.539062 
360	25    	0.31975  	0.186719 	0.5125   
361	25    	0.345063 	0.248437 	0.482031 
362	25    	0.356    	0.217969 	0.517187 
363	25    	0.329031 	0.170312 	0.505469 
364	25    	0.357813 	0.207813 	0.46875  
365	25    	0.341813 	0.186719 	0.473437 
366	25    	0.378938 	0.241406 	0.565625 
367	25    	0.325531 	0.221875 	0.488281 
368	25    	0.331781 	0.211719 	0.470313 
369	25    	0.346125 	0.175    	0.485938 
370	25    	0.338219 	0.182812 	0.515625 
371	25    	0.324625 	0.201562 	0.407813 
372	25    	0.379375 	0.259375 	0.578906 
373	25    	0.355875 	0.25     	0.461719 
374	25    	0.34625  	0.235156 	0.463281 
375	25    	0.331781 	0.216406 	0.510156 
376	25    	0.318687 	0.194531 	0.460938 
377	25    	0.349594 	0.226562 	0.490625 
378	25    	0.329719 	0.228906 	0.438281 
379	25    	0.340594 	0.2125   	0.519531 
380	25    	0.347187 	0.229687 	0.4625   
381	25    	0.32325  	0.2125   	0.521094 
382	25    	0.342875 	0.227344 	0.457812 
383	25    	0.321406 	0.216406 	0.464063 
384	25    	0.349375 	0.222656 	0.572656 
385	25    	0.340906 	0.213281 	0.475    
386	25    	0.329125 	0.196094 	0.466406 
387	25    	0.345094 	0.189063 	0.563281 
388	25    	0.344875 	0.20625  	0.474219 
389	25    	0.346125 	0.208594 	0.542188 
390	25    	0.352844 	0.217969 	0.558594 
391	25    	0.35175  	0.23125  	0.49375  
392	25    	0.342531 	0.195312 	0.5      
393	25    	0.342281 	0.260938 	0.475781 
394	25    	0.317344 	0.190625 	0.533594 
395	25    	0.351156 	0.214844 	0.600781 
396	25    	0.360625 	0.210938 	0.561719 
397	25    	0.332375 	0.190625 	0.425781 
398	25    	0.340813 	0.242188 	0.464063 
399	25    	0.353063 	0.188281 	0.553125 
400	25    	0.35775  	0.253125 	0.538281 
401	25    	0.328281 	0.210938 	0.499219 
402	25    	0.353438 	0.174219 	0.547656 
403	25    	0.332594 	0.197656 	0.4625   
404	25    	0.355063 	0.204688 	0.524219 
405	25    	0.333781 	0.203906 	0.495313 
406	25    	0.366688 	0.217969 	0.528125 
407	25    	0.332688 	0.157813 	0.504687 
408	25    	0.358719 	0.2125   	0.532031 
409	25    	0.338844 	0.228906 	0.479688 
410	25    	0.350625 	0.189844 	0.584375 
411	25    	0.323375 	0.207813 	0.565625 
412	25    	0.354344 	0.214844 	0.453906 
413	25    	0.3695   	0.228125 	0.533594 
414	25    	0.335844 	0.210156 	0.496875 
415	25    	0.328875 	0.214062 	0.521094 
416	25    	0.341562 	0.217969 	0.489844 
417	25    	0.35225  	0.253906 	0.511719 
418	25    	0.350875 	0.172656 	0.589844 
419	25    	0.322313 	0.178906 	0.514063 
420	25    	0.361844 	0.238281 	0.485938 
421	25    	0.335219 	0.135937 	0.498437 
422	25    	0.335688 	0.182812 	0.564844 
423	25    	0.328344 	0.246094 	0.429688 
424	25    	0.32725  	0.196875 	0.525781 
425	25    	0.355844 	0.240625 	0.495313 
426	25    	0.322344 	0.213281 	0.469531 
427	25    	0.327656 	0.171875 	0.467969 
428	25    	0.350938 	0.232031 	0.507031 
429	25    	0.346312 	0.236719 	0.582031 
430	25    	0.326969 	0.188281 	0.428125 
431	25    	0.3285   	0.166406 	0.560156 
432	25    	0.330469 	0.217969 	0.507031 
433	25    	0.324281 	0.229687 	0.516406 
434	25    	0.360594 	0.226562 	0.482812 
435	25    	0.336594 	0.229687 	0.478125 
436	25    	0.345375 	0.215625 	0.521094 
437	25    	0.326    	0.207031 	0.490625 
438	25    	0.332031 	0.185937 	0.575    
439	25    	0.361125 	0.278125 	0.528125 
440	25    	0.321812 	0.184375 	0.442187 
441	25    	0.317875 	0.20625  	0.484375 
442	25    	0.329688 	0.211719 	0.5      
443	25    	0.347906 	0.1375   	0.548437 
444	25    	0.341469 	0.192969 	0.445312 
445	25    	0.332969 	0.192188 	0.500781 
446	25    	0.319094 	0.188281 	0.414062 
447	25    	0.321125 	0.210156 	0.423438 
448	25    	0.346562 	0.200781 	0.51875  
449	25    	0.345969 	0.179688 	0.575    
450	25    	0.353125 	0.211719 	0.494531 
451	25    	0.344188 	0.219531 	0.492188 
452	25    	0.355313 	0.180469 	0.517969 
453	25    	0.348406 	0.238281 	0.466406 
454	25    	0.355719 	0.261719 	0.505469 
455	25    	0.336688 	0.172656 	0.417969 
456	25    	0.326406 	0.203906 	0.49375  
457	25    	0.336625 	0.227344 	0.453906 
458	25    	0.337812 	0.204688 	0.440625 
459	25    	0.338375 	0.152344 	0.489844 
460	25    	0.382219 	0.241406 	0.532031 
461	25    	0.3445   	0.210938 	0.597656 
462	25    	0.353844 	0.2125   	0.527344 
463	25    	0.3455   	0.238281 	0.474219 
464	25    	0.345406 	0.129688 	0.524219 
465	25    	0.3675   	0.238281 	0.530469 
466	25    	0.338875 	0.191406 	0.486719 
467	25    	0.350406 	0.247656 	0.45625  
468	25    	0.356844 	0.2125   	0.642187 
469	25    	0.334375 	0.210938 	0.559375 
470	25    	0.353625 	0.250781 	0.621875 
471	25    	0.362063 	0.255469 	0.474219 
472	25    	0.330187 	0.234375 	0.521094 
473	25    	0.328656 	0.21875  	0.461719 
474	25    	0.347625 	0.240625 	0.525    
475	25    	0.309062 	0.195312 	0.408594 
476	25    	0.332656 	0.201562 	0.48125  
477	25    	0.351281 	0.260938 	0.448438 
478	25    	0.338031 	0.238281 	0.440625 
479	25    	0.343031 	0.213281 	0.546875 
480	25    	0.337125 	0.207813 	0.5375   
481	25    	0.318469 	0.189844 	0.454688 
482	25    	0.339406 	0.178125 	0.492188 
483	25    	0.337406 	0.2375   	0.51875  
484	25    	0.319313 	0.214844 	0.483594 
485	25    	0.324312 	0.182031 	0.515625 
486	25    	0.307969 	0.16875  	0.421875 
487	25    	0.3305   	0.178125 	0.516406 
488	25    	0.320125 	0.234375 	0.415625 
489	25    	0.328875 	0.173438 	0.508594 
490	25    	0.335875 	0.240625 	0.471875 
491	25    	0.328313 	0.178906 	0.459375 
492	25    	0.320562 	0.209375 	0.439844 
493	25    	0.297969 	0.164062 	0.399219 
494	25    	0.343063 	0.207031 	0.528906 
495	25    	0.329156 	0.253125 	0.480469 
496	25    	0.329031 	0.210938 	0.417969 
497	25    	0.330156 	0.217187 	0.511719 
498	25    	0.322937 	0.174219 	0.467969 
499	25    	0.319344 	0.210156 	0.521875 
500	25    	0.333344 	0.167969 	0.45     
501	25    	0.330156 	0.21875  	0.490625 
502	25    	0.336281 	0.15625  	0.514844 
503	25    	0.3285   	0.236719 	0.507812 
504	25    	0.349188 	0.25625  	0.464844 
505	25    	0.342375 	0.241406 	0.444531 
506	25    	0.335063 	0.200781 	0.508594 
507	25    	0.347594 	0.207031 	0.488281 
508	25    	0.31225  	0.222656 	0.46875  
509	25    	0.370531 	0.192969 	0.611719 
510	25    	0.33625  	0.188281 	0.470313 
511	25    	0.357813 	0.248437 	0.530469 
512	25    	0.345375 	0.239844 	0.526563 
513	25    	0.339469 	0.211719 	0.489844 
514	25    	0.323344 	0.235156 	0.489062 
515	25    	0.346656 	0.203906 	0.464844 
516	25    	0.329906 	0.195312 	0.453125 
517	25    	0.347312 	0.219531 	0.525    
518	25    	0.350188 	0.235938 	0.524219 
519	25    	0.345031 	0.208594 	0.532031 
520	25    	0.360031 	0.204688 	0.532031 
521	25    	0.320312 	0.1875   	0.433594 
522	25    	0.343281 	0.146875 	0.532031 
523	25    	0.354906 	0.207813 	0.54375  
524	25    	0.353813 	0.233594 	0.507812 
525	25    	0.340281 	0.153906 	0.517187 
526	25    	0.336437 	0.185156 	0.498437 
527	25    	0.366594 	0.248437 	0.484375 
528	25    	0.36775  	0.260156 	0.535156 
529	25    	0.366469 	0.230469 	0.485156 
530	25    	0.345844 	0.203906 	0.475    
531	25    	0.327688 	0.18125  	0.464063 
532	25    	0.368719 	0.210938 	0.467187 
533	25    	0.341    	0.207813 	0.454688 
534	25    	0.352094 	0.217187 	0.492188 
535	25    	0.346906 	0.2125   	0.464844 
536	25    	0.349781 	0.242969 	0.50625  
537	25    	0.343938 	0.200781 	0.464844 
538	25    	0.350281 	0.235156 	0.466406 
539	25    	0.333688 	0.214844 	0.5      
540	25    	0.333281 	0.197656 	0.460938 
541	25    	0.35375  	0.194531 	0.566406 
542	25    	0.368187 	0.23125  	0.557031 
543	25    	0.358844 	0.242188 	0.571094 
544	25    	0.372313 	0.235938 	0.59375  
545	25    	0.383531 	0.230469 	0.59375  
546	25    	0.375406 	0.263281 	0.5875   
547	25    	0.367469 	0.260156 	0.496875 
548	25    	0.340281 	0.226562 	0.515625 
549	25    	0.386813 	0.235156 	0.696875 
550	25    	0.338344 	0.189063 	0.466406 
551	25    	0.359437 	0.20625  	0.525781 
552	25    	0.354656 	0.260156 	0.453906 
553	25    	0.358688 	0.223438 	0.586719 
554	25    	0.349906 	0.255469 	0.463281 
555	25    	0.338687 	0.163281 	0.44375  
556	25    	0.354063 	0.242188 	0.535156 
557	25    	0.351344 	0.235156 	0.567969 
558	25    	0.351063 	0.235156 	0.534375 
559	25    	0.321563 	0.192969 	0.479688 
560	25    	0.331094 	0.215625 	0.451562 
561	25    	0.376125 	0.225    	0.559375 
562	25    	0.338969 	0.189844 	0.583594 
563	25    	0.368031 	0.175781 	0.544531 
564	25    	0.352469 	0.264844 	0.497656 
565	25    	0.352781 	0.202344 	0.532812 
566	25    	0.390469 	0.253906 	0.609375 
567	25    	0.376187 	0.252344 	0.513281 
568	25    	0.368156 	0.24375  	0.599219 
569	25    	0.375594 	0.270312 	0.582031 
570	25    	0.346375 	0.25     	0.48125  
571	25    	0.362063 	0.246875 	0.498437 
572	25    	0.365125 	0.2      	0.614844 
573	25    	0.352656 	0.207813 	0.469531 
574	25    	0.358    	0.261719 	0.5125   
575	25    	0.364469 	0.169531 	0.513281 
576	25    	0.364437 	0.232812 	0.478906 
577	25    	0.357406 	0.165625 	0.583594 
578	25    	0.344438 	0.2125   	0.502344 
579	25    	0.355187 	0.225781 	0.470313 
580	25    	0.348062 	0.16875  	0.529688 
581	25    	0.337563 	0.210156 	0.558594 
582	25    	0.341063 	0.228906 	0.49375  
583	25    	0.36425  	0.222656 	0.511719 
584	25    	0.3375   	0.19375  	0.488281 
585	25    	0.357438 	0.214062 	0.532812 
586	25    	0.359719 	0.233594 	0.489844 
587	25    	0.360562 	0.258594 	0.551562 
588	25    	0.361563 	0.228125 	0.7625   
589	25    	0.370906 	0.257812 	0.532812 
590	25    	0.347219 	0.215625 	0.489062 
591	25    	0.341531 	0.223438 	0.497656 
592	25    	0.370344 	0.224219 	0.55     
593	25    	0.360688 	0.242969 	0.549219 
594	25    	0.348875 	0.257031 	0.503125 
595	25    	0.371844 	0.241406 	0.50625  
596	25    	0.341562 	0.221875 	0.496094 
597	25    	0.357969 	0.220313 	0.509375 
598	25    	0.37925  	0.257031 	0.524219 
599	25    	0.362094 	0.154687 	0.511719 
600	25    	0.367062 	0.185156 	0.51875  
601	25    	0.348094 	0.219531 	0.580469 
602	25    	0.364875 	0.266406 	0.514063 
603	25    	0.382844 	0.264062 	0.585938 
604	25    	0.375938 	0.203906 	0.498437 
605	25    	0.339187 	0.235938 	0.641406 
606	25    	0.347531 	0.242188 	0.496094 
607	25    	0.363812 	0.2375   	0.55625  
608	25    	0.371875 	0.267188 	0.528906 
609	25    	0.363594 	0.21875  	0.610156 
610	25    	0.367625 	0.21875  	0.557031 
611	25    	0.341219 	0.20625  	0.514844 
612	25    	0.374125 	0.225    	0.551562 
613	25    	0.365    	0.217187 	0.486719 
614	25    	0.373844 	0.200781 	0.539062 
615	25    	0.334875 	0.208594 	0.472656 
616	25    	0.361375 	0.225    	0.471875 
617	25    	0.349406 	0.192188 	0.557813 
618	25    	0.352188 	0.23125  	0.469531 
619	25    	0.361781 	0.259375 	0.582031 
620	25    	0.344406 	0.182031 	0.484375 
621	25    	0.3505   	0.210938 	0.535937 
622	25    	0.351188 	0.200781 	0.485156 
623	25    	0.384219 	0.225781 	0.607031 
624	25    	0.319469 	0.203906 	0.407031 
625	25    	0.376281 	0.251563 	0.539062 
626	25    	0.381656 	0.217187 	0.582812 
627	25    	0.365031 	0.225    	0.516406 
628	25    	0.3335   	0.119531 	0.477344 
629	25    	0.363563 	0.221094 	0.574219 
630	25    	0.347813 	0.232031 	0.545313 
631	25    	0.352125 	0.216406 	0.482031 
632	25    	0.351156 	0.221094 	0.442187 
633	25    	0.338281 	0.225781 	0.440625 
634	25    	0.36375  	0.264844 	0.515625 
635	25    	0.343562 	0.2375   	0.517969 
636	25    	0.373781 	0.225    	0.55     
637	25    	0.350969 	0.204688 	0.514063 
638	25    	0.358594 	0.140625 	0.534375 
639	25    	0.365031 	0.25625  	0.46875  
640	25    	0.347906 	0.227344 	0.496875 
641	25    	0.3415   	0.221094 	0.460156 
642	25    	0.371125 	0.228125 	0.533594 
643	25    	0.322438 	0.214844 	0.417969 
644	25    	0.359437 	0.202344 	0.546094 
645	25    	0.343344 	0.207031 	0.471094 
646	25    	0.379531 	0.214844 	0.550781 
647	25    	0.356344 	0.264062 	0.5      
648	25    	0.353125 	0.224219 	0.546875 
649	25    	0.365781 	0.245312 	0.507812 
650	25    	0.360406 	0.242188 	0.453125 
651	25    	0.331969 	0.248437 	0.466406 
652	25    	0.36975  	0.246875 	0.576563 
653	25    	0.330188 	0.184375 	0.482812 
654	25    	0.364594 	0.253906 	0.575    
655	25    	0.377687 	0.203906 	0.511719 
656	25    	0.352219 	0.1625   	0.605469 
657	25    	0.352812 	0.257812 	0.515625 
658	25    	0.340469 	0.1625   	0.578125 
659	25    	0.383812 	0.253906 	0.679688 
660	25    	0.340781 	0.214844 	0.48125  
661	25    	0.357344 	0.255469 	0.574219 
662	25    	0.358531 	0.282031 	0.479688 
663	25    	0.362312 	0.270312 	0.466406 
664	25    	0.35425  	0.250781 	0.485156 
665	25    	0.353125 	0.169531 	0.533594 
666	25    	0.308937 	0.159375 	0.564844 
667	25    	0.331938 	0.20625  	0.535156 
668	25    	0.314406 	0.203906 	0.44375  
669	25    	0.344812 	0.239844 	0.513281 
670	25    	0.341781 	0.221094 	0.467187 
671	25    	0.336844 	0.184375 	0.471094 
672	25    	0.360688 	0.208594 	0.496875 
673	25    	0.38     	0.288281 	0.510156 
674	25    	0.342969 	0.246875 	0.489844 
675	25    	0.352063 	0.221875 	0.4875   
676	25    	0.383    	0.254687 	0.605469 
677	25    	0.345688 	0.203125 	0.494531 
678	25    	0.369125 	0.236719 	0.605469 
679	25    	0.354719 	0.198437 	0.49375  
680	25    	0.34925  	0.241406 	0.448438 
681	25    	0.374219 	0.290625 	0.452344 
682	25    	0.387125 	0.209375 	0.532812 
683	25    	0.364    	0.215625 	0.507812 
684	25    	0.350344 	0.189844 	0.507812 
685	25    	0.351125 	0.225    	0.426562 
686	25    	0.342063 	0.213281 	0.482031 
687	25    	0.37875  	0.202344 	0.5125   
688	25    	0.354969 	0.160938 	0.540625 
689	25    	0.3445   	0.203125 	0.560938 
690	25    	0.354563 	0.230469 	0.509375 
691	25    	0.360969 	0.224219 	0.521875 
692	25    	0.371844 	0.264844 	0.578125 
693	25    	0.330812 	0.233594 	0.503906 
694	25    	0.338562 	0.186719 	0.442187 
695	25    	0.374531 	0.246875 	0.558594 
696	25    	0.365938 	0.23125  	0.564844 
697	25    	0.351813 	0.198437 	0.530469 
698	25    	0.368125 	0.241406 	0.525    
699	25    	0.347875 	0.185156 	0.485938 
700	25    	0.373375 	0.202344 	0.58125  
701	25    	0.362813 	0.207813 	0.507812 
702	25    	0.349219 	0.2      	0.516406 
703	25    	0.371594 	0.2375   	0.56875  
704	25    	0.332063 	0.151562 	0.545313 
705	25    	0.328094 	0.202344 	0.457031 
706	25    	0.359844 	0.219531 	0.469531 
707	25    	0.348438 	0.199219 	0.56875  
708	25    	0.392344 	0.267969 	0.542188 
709	25    	0.3345   	0.223438 	0.461719 
710	25    	0.34925  	0.223438 	0.503125 
711	25    	0.339781 	0.21875  	0.465625 
712	25    	0.352562 	0.227344 	0.449219 
713	25    	0.38225  	0.273438 	0.555469 
714	25    	0.346687 	0.176563 	0.509375 
715	25    	0.364906 	0.271094 	0.538281 
716	25    	0.332469 	0.211719 	0.454688 
717	25    	0.359344 	0.217969 	0.561719 
718	25    	0.355031 	0.182031 	0.525    
719	25    	0.345281 	0.235938 	0.621094 
720	25    	0.336219 	0.217187 	0.4875   
721	25    	0.331219 	0.228906 	0.474219 
722	25    	0.363219 	0.232812 	0.514844 
723	25    	0.349688 	0.186719 	0.532031 
724	25    	0.33875  	0.236719 	0.514844 
725	25    	0.346125 	0.209375 	0.521875 
726	25    	0.348719 	0.217187 	0.492969 
727	25    	0.333219 	0.173438 	0.414844 
728	25    	0.340844 	0.2125   	0.48125  
729	25    	0.383188 	0.217187 	0.524219 
730	25    	0.350406 	0.23125  	0.600781 
731	25    	0.381625 	0.251563 	0.535937 
732	25    	0.369031 	0.232812 	0.485938 
733	25    	0.362937 	0.203125 	0.601562 
734	25    	0.364406 	0.264062 	0.55625  
735	25    	0.375844 	0.249219 	0.516406 
736	25    	0.337281 	0.204688 	0.460938 
737	25    	0.367938 	0.239844 	0.544531 
738	25    	0.355469 	0.227344 	0.589844 
739	25    	0.346531 	0.242969 	0.607813 
740	25    	0.367094 	0.236719 	0.602344 
741	25    	0.355281 	0.234375 	0.482812 
742	25    	0.358156 	0.233594 	0.442187 
743	25    	0.359875 	0.239844 	0.539844 
744	25    	0.3505   	0.257031 	0.559375 
745	25    	0.337594 	0.227344 	0.46875  
746	25    	0.383094 	0.280469 	0.549219 
747	25    	0.357656 	0.192969 	0.435156 
748	25    	0.351625 	0.238281 	0.575781 
749	25    	0.373437 	0.203125 	0.567969 
750	25    	0.368719 	0.224219 	0.542188 