gen 	nevals	avg    	min   	max   
0   	25    	1384.26	798.8 	2561.6
1   	25    	1739.6 	679.6 	2727.6
2   	25    	1898.06	687.6 	2907.2
3   	25    	2221.02	1488.4	2837.6
4   	25    	2181.44	1138  	3059.2
5   	25    	2345.31	769.2 	3036  
6   	25    	2295.84	1120.8	3386.8
7   	25    	2391.12	1404.8	3432.8
8   	25    	2487.49	1853.2	3494.8
9   	25    	2437.73	909.2 	3216.4
10  	25    	2563.52	1856  	3279.6
11  	25    	2573.68	1856.8	3120.4
12  	25    	2523.94	1531.2	3383.2
13  	25    	2446.72	1799.6	3600.8
14  	25    	2692.4 	1572.4	3582  
15  	25    	2616.3 	1418  	3279.2
16  	25    	2460.56	1736.8	3428  
17  	25    	2426.69	1952.4	3167.6
18  	25    	2435.17	1646.8	3278.4
19  	25    	2573.97	1966  	2978.4
20  	25    	2546.91	799.6 	3607.2
21  	25    	2595.87	1870  	3504  
22  	25    	2528.66	1896.8	3104.8
23  	25    	2558.7 	1867.6	3168.8
24  	25    	2472.53	1812  	3324.8
25  	25    	2600.53	2004  	3237.2
26  	25    	2759.1 	1955.6	3637.6
27  	25    	2636.3 	1978.8	3669.2
28  	25    	2590.34	2022.4	3227.6
29  	25    	2585.23	1949.6	3672.8
30  	25    	2590.11	2064.4	3164  
31  	25    	2606.67	1877.6	3376  
32  	25    	2600.88	1834.4	3578.8
33  	25    	2494.11	1373.2	3620  
34  	25    	2365.84	1080.8	3232.8
35  	25    	2462.43	1930.4	2883.2
36  	25    	2527.3 	2040.4	3232  
37  	25    	2477.94	1633.6	3113.6
38  	25    	2660.64	2021.6	3518.8
39  	25    	2529.58	1829.6	3381.2
40  	25    	2498.11	1728.4	3513.2
41  	25    	2708.18	590   	3621.2
42  	25    	2493.63	1796  	3048  
43  	25    	2811.7 	2090.4	3490.8
44  	25    	2682.35	2160.4	3303.6
45  	25    	2590.14	1833.2	3796.8
46  	25    	2746.14	1874.4	3740  
47  	25    	2627.5 	1951.6	3241.6
48  	25    	2493.26	1806.8	3134  
49  	25    	2585.46	2000.8	3357.2
50  	25    	2574.14	1856.4	3590  
51  	25    	2593.6 	2125.6	3462.8
52  	25    	2551.52	1718.4	3526.4
53  	25    	2717.22	2307.2	3525.2
54  	25    	2767.74	2121.2	3476.8
55  	25    	2602.78	1855.2	3349.6
56  	25    	2692.9 	2122.4	3725.6
57  	25    	2588.29	1785.2	3389.2
58  	25    	2714.38	2059.2	3811.6
59  	25    	2700.14	1954.4	3545.2
60  	25    	2597.71	1982  	3418  
61  	25    	2615.17	1859.6	3488.8
62  	25    	2766.03	2172  	3386.8
63  	25    	2563.22	1681.2	3460  
64  	25    	2626.48	2023.2	3756.8
65  	25    	2532.64	1753.6	3140.4
66  	25    	2543.73	1853.2	3140  
67  	25    	2691.28	2088.4	3416  
68  	25    	2533.6 	1572.4	3404.8
69  	25    	2568.53	1782  	3644  
70  	25    	2652.24	1280.4	3791.6
71  	25    	2518.96	719.2 	3232.8
72  	25    	2415.1 	687.2 	3317.2
73  	25    	2585.6 	1896  	3377.6
74  	25    	2591.82	2047.2	3540  
75  	25    	2715.36	1927.6	3341.6
76  	25    	2617.49	1849.2	3471.6
77  	25    	2671.98	2106.8	3871.2
78  	25    	2436.78	1518.4	3708.4
79  	25    	2581.94	940.4 	3243.6
80  	25    	2378.48	944.4 	3404.4
81  	25    	2597.1 	2038.4	3214  
82  	25    	2492.67	1882.8	3289.2
83  	25    	2514.5 	1943.6	3275.2
84  	25    	2543.82	1755.2	3650  
85  	25    	2605.06	1846  	3370  
86  	25    	2664.88	1822.4	3446  
87  	25    	2485.74	1551.2	3332.4
88  	25    	2613.71	1991.2	3656.8
89  	25    	2473.97	1671.2	3439.6
90  	25    	2429.42	1695.2	3066.4
91  	25    	2426.62	1780.8	3254  
92  	25    	2593.54	1847.6	3690.4
93  	25    	2707.22	1846.8	3649.6
94  	25    	2616.64	1936.8	3388.4
95  	25    	2671.46	2124.8	3515.2
96  	25    	2565.63	1833.2	3290.8
97  	25    	2499.25	1645.6	3313.6
98  	25    	2516.48	1660  	3760.4
99  	25    	2659.34	1979.6	3390.4
100 	25    	2571.73	1896.4	3521.2
101 	25    	2568.43	1997.2	3353.2
102 	25    	2521.42	1851.2	3385.2
103 	25    	2698.4 	1722.8	3159.6
104 	25    	2631.52	2002.8	3419.2
105 	25    	2515.17	1547.2	3232.4
106 	25    	2495.74	1795.2	3175.6
107 	25    	2558.16	1744.4	3395.2
108 	25    	2480.48	1696.4	3073.6
109 	25    	2545.06	1918.4	3252  
110 	25    	2662.19	2158.8	3403.2
111 	25    	2589.87	658.4 	3399.6
112 	25    	2473.42	824.8 	3316  
113 	25    	2512.82	840   	3078.8
114 	25    	2769.68	1981.6	3238  
115 	25    	2542.61	1580.4	3228.4
116 	25    	2567.01	1973.6	3297.6
117 	25    	2445.44	1839.2	3364.8
118 	25    	2684.74	2017.2	3664.4
119 	25    	2507.41	1907.6	3332  
120 	25    	2630.14	932.8 	3423.6
121 	25    	2610.06	1900.8	3274.4
122 	25    	2563.2 	1197.2	3270.4
123 	25    	2583.97	1917.6	3404.4
124 	25    	2584.4 	1805.2	3585.2
125 	25    	2488.27	1232.8	3534  
126 	25    	2733.55	2303.6	3306  
127 	25    	2613.44	1854  	3197.2
128 	25    	2617.57	1845.6	3446.8
129 	25    	2590.45	1394.4	3372.8
130 	25    	2776.48	1891.6	3377.2
131 	25    	2622.48	1810  	3638.4
132 	25    	2785.1 	745.6 	4007.2
133 	25    	2541.25	1075.2	3312.8
134 	25    	2625.76	818.8 	3632.8
135 	25    	2502.56	1889.2	3139.6
136 	25    	2467.36	620   	3056  
137 	25    	2699.36	1851.6	3518  
138 	25    	2617.34	1396.4	3761.2
139 	25    	2808.42	2060.8	3340.4
140 	25    	2678.4 	2138.8	3210  
141 	25    	2651.68	2143.6	3470.8
142 	25    	2769.73	1861.6	3972  
143 	25    	2568.26	1471.6	3986  
144 	25    	2775.97	1956.8	3569.6
145 	25    	2723.2 	1832.8	3604  
146 	25    	2736.4 	2157.2	3656  
147 	25    	2738.43	2044.4	3652  
148 	25    	2804.48	1650.8	3656  
149 	25    	2810.56	2275.6	3584  
150 	25    	2892.26	2180  	3948.4
151 	25    	2627.06	1094  	3682  
152 	25    	2568.99	1644.4	3731.6
153 	25    	2532.02	1716.8	3646.8
154 	25    	2724.54	1856.8	3778  
155 	25    	2764.46	945.6 	3472.4
156 	25    	2700.67	2182.8	4064.8
157 	25    	2678.9 	2048  	3494.4
158 	25    	2685.2 	2124.8	3314.4
159 	25    	2697.78	1756.8	3753.2
160 	25    	2575.89	1033.6	3317.6
161 	25    	2691.89	1910.4	3396.8
162 	25    	2588.88	1152  	3230.4
163 	25    	2704   	899.2 	3949.2
164 	25    	2612.77	2100.4	3759.2
165 	25    	2622.14	2039.6	3467.6
166 	25    	2597.89	834.8 	3430.8
167 	25    	2732.06	837.2 	4058.4
168 	25    	2766.05	1375.6	3817.6
169 	25    	2710.19	2097.6	3583.6
170 	25    	2724.45	1726.4	3515.2
171 	25    	2698.62	1751.6	3560.8
172 	25    	2699.38	1936.8	3476.8
173 	25    	2663.36	1970.8	3662.8
174 	25    	2601.78	2093.6	3213.6
175 	25    	2664.38	1862  	3491.2
176 	25    	2493.92	1826.8	3336  
177 	25    	2576.24	1626  	3657.6
178 	25    	2573.73	1801.2	3457.6
179 	25    	2586.56	1725.2	3302.4
180 	25    	2587.07	2061.2	3427.2
181 	25    	2783.41	2022.8	3590  
182 	25    	2539.71	1645.6	3442.4
183 	25    	2597.63	1615.2	4081.6
184 	25    	2595.54	1704.4	3770.8
185 	25    	2634.18	2087.2	3477.2
186 	25    	2765.34	1760  	3526.8
187 	25    	2823.42	1937.6	3949.6
188 	25    	2806.86	2101.6	3957.2
189 	25    	2824.9 	1935.2	3748.8
190 	25    	2708.03	1238.8	3875.6
191 	25    	2925.76	1990.4	4550.4
192 	25    	3092.61	1979.2	4258.4
193 	25    	2938.83	2084.4	3956  
194 	25    	3160.08	2444  	5073.6
195 	25    	2915.95	2062  	3890  
196 	25    	2962.99	1665.6	3919.6
197 	25    	2821.1 	1736  	4293.2
198 	25    	2843.2 	2070.4	3647.2
199 	25    	2863.71	1039.6	4039.6
200 	25    	2943.95	2074.4	4022.4
201 	25    	3008.42	1918.4	4818.8
202 	25    	3111.71	2048  	4078  
203 	25    	2935.9 	1394.4	4699.2
204 	25    	3076.82	2306.4	4514.8
205 	25    	2838.45	1698.4	4177.2
206 	25    	2982.83	1984.8	4291.6
207 	25    	2826.19	1065.6	3836  
208 	25    	2920.66	2104  	3867.2
209 	25    	3027.68	2104  	3775.2
210 	25    	3134.69	2154.4	4558.4
211 	25    	3183.14	2114.8	4121.6
212 	25    	3174.05	2142.8	4312  
213 	25    	3161.52	2159.6	4567.2
214 	25    	3195.33	1802.4	4099.6
215 	25    	3088.86	2186.8	4233.2
216 	25    	3024.93	2090.8	4610  
217 	25    	2961.74	1330.8	4361.6
218 	25    	3223.84	2330.4	4906.8
219 	25    	3083.79	1732.4	4267.6
220 	25    	3060.02	2312.4	3802.8
221 	25    	3123.46	1977.2	4098.8
222 	25    	2845.01	1150.4	4782.4
223 	25    	3015.31	1956.8	4102.4
224 	25    	2951.9 	1390  	4462.8
225 	25    	2915.65	1830.4	4154.4
226 	25    	2957.98	1907.2	4703.2
227 	25    	3005.6 	2181.6	3740  
228 	25    	2867.34	709.2 	3737.6
229 	25    	3115.76	2195.2	4229.6
230 	25    	2917.28	1142.4	4478  
231 	25    	2978.61	1534.8	3820.4
232 	25    	3069.46	2340.8	4000  
233 	25    	3088.53	2145.6	4602  
234 	25    	3206.35	2493.2	4228.4
235 	25    	3000.32	1920.4	4424.8
236 	25    	2992.7 	1561.2	3776.4
237 	25    	2960.88	2127.2	3619.6
238 	25    	2907.63	2045.6	4122  
239 	25    	3102.99	2031.6	4548  
240 	25    	3041.78	1976  	4122.4
241 	25    	2898.51	1967.6	4332  
242 	25    	2900.99	980   	3948.8
243 	25    	3024.05	2187.2	3850.4
244 	25    	2628.94	1496.4	3664.4
245 	25    	2752.11	1554.8	3893.2
246 	25    	2860.42	1729.2	3960.8
247 	25    	2871.78	1722.4	3996.8
248 	25    	2986.7 	1874.4	4481.6
249 	25    	2938.82	2060.8	3956.4
250 	25    	2876.53	998.4 	3750  
251 	25    	3040.83	2140.4	4100.8
252 	25    	2866.77	2034.8	4009.2
253 	25    	2973.15	2243.2	3674.8
254 	25    	2923.95	1851.2	3910.8
255 	25    	3021.09	2174  	3962.4
256 	25    	3022.75	1730  	3720.8
257 	25    	2898.91	2140.8	4022.8
258 	25    	3030.18	2461.2	3590  
259 	25    	2911.28	1455.6	4405.6
260 	25    	2849.84	2059.2	3676.8
261 	25    	3269.06	2497.2	4450.8
262 	25    	3209.12	2315.6	4328  
263 	25    	3065.65	2165.2	4428.4
264 	25    	3107.98	1722.8	3995.2
265 	25    	3040.48	2027.6	4210.4
266 	25    	3077.38	2338.4	4134.8
267 	25    	3055.39	2250.4	4561.6
268 	25    	3163.78	2463.2	4461.2
269 	25    	3242.43	2272.4	5313.2
270 	25    	3104.99	1832.4	4119.2
271 	25    	3075.79	2168.8	4866  
272 	25    	3034.93	1135.2	4078.8
273 	25    	3100.38	2310.8	4018.8
274 	25    	3224.26	2126.8	4312  
275 	25    	3032.8 	1965.2	4448.8
276 	25    	3352.03	2369.6	4438.8
277 	25    	3248.4 	2096  	4613.2
278 	25    	3105.18	2394  	3832.4
279 	25    	3239.7 	2001.2	4192  
280 	25    	3115.73	2062.4	4666.4
281 	25    	3341.84	2498.8	4382.4
282 	25    	3149.81	2406.8	4025.2
283 	25    	3208.94	675.2 	4406.8
284 	25    	3121.74	1972.4	5221.2
285 	25    	3291.81	2202.4	4508.4
286 	25    	3016.02	2214  	4584  
287 	25    	3075.52	1943.6	4759.6
288 	25    	3231.42	1831.2	4309.6
289 	25    	3344.94	1865.6	4876.8
290 	25    	3263.86	2368.4	4659.2
291 	25    	3390.74	2571.6	4872.8
292 	25    	3333.68	2033.6	4651.2
293 	25    	3018.08	2140.8	4207.6
294 	25    	3115.34	2355.6	4068.8
295 	25    	3062.05	1988.4	4058  
296 	25    	2898.34	1192  	4298  
297 	25    	3216.19	2131.6	4596.8
298 	25    	2962.64	1315.6	4318.4
299 	25    	3227.97	2269.6	4567.2
300 	25    	3235.78	2220.4	4225.6
301 	25    	3086.86	2171.2	4806.8
302 	25    	3012.67	1798.8	4704.4
303 	25    	3099.28	2096.4	4161.6
304 	25    	3126.35	1647.6	4942.8
305 	25    	3046.88	2099.6	4495.6
306 	25    	3297.46	2670  	5009.6
307 	25    	3091.09	1806.4	4251.6
308 	25    	3162.99	1934  	3941.6
309 	25    	3004.32	2004.4	3870  
310 	25    	3127.17	2113.6	4284.8
311 	25    	3121.62	2273.2	3944  
312 	25    	3154.59	2265.6	4641.2
313 	25    	3271.82	812.4 	4654.8
314 	25    	2869.55	1769.6	4140  
315 	25    	3090.66	1918  	4202.4
316 	25    	3344.45	2450.4	4743.6
317 	25    	3326.11	2214.8	5215.2
318 	25    	3253.86	2217.6	4356.4
319 	25    	3571.78	2346  	5577.2
320 	25    	3180.11	2153.2	4368.4
321 	25    	3364.43	2212.8	4547.6
322 	25    	3511.71	2050.4	4410.4
323 	25    	3435.36	2323.6	4273.2
324 	25    	3401.76	1824  	4650.4
325 	25    	3316.7 	1977.2	4280  
326 	25    	3409.68	1512  	5026  
327 	25    	3197.39	1748  	4189.6
328 	25    	3301.79	1730  	4375.2
329 	25    	3413.06	2093.2	4305.6
330 	25    	3269.38	2046.4	4563.6
331 	25    	3381.18	2298.8	4774.4
332 	25    	3310.83	1979.6	4441.2
333 	25    	3246.03	2068  	4341.6
334 	25    	3504.3 	2775.2	4368.8
335 	25    	3298.27	1737.2	4672.4
336 	25    	3234.34	1672  	4951.2
337 	25    	3257.78	2229.2	4967.6
338 	25    	3541.95	2789.6	4700.8
339 	25    	3600   	2114.4	4970.8
340 	25    	3328.18	2480.4	4532  
341 	25    	3399.86	2407.2	4588.8
342 	25    	3452.11	2611.6	4557.6
343 	25    	3355.9 	2178.8	4994.8
344 	25    	3510.74	2416.4	5370  
345 	25    	3244.86	1664.4	4142.4
346 	25    	3097.34	2032.4	4208  
347 	25    	3341.71	1390.8	4685.6
348 	25    	3140.4 	2520  	4173.2
349 	25    	3283.94	2266  	4736.8
350 	25    	3144.8 	2261.6	4643.2
351 	25    	3065.25	793.6 	4643.2
352 	25    	3271.02	2291.2	4633.6
353 	25    	3368.4 	2346.4	4440.4
354 	25    	3306.06	2371.2	4703.2
355 	25    	3274.02	2435.6	4808.8
356 	25    	3125.3 	1914.8	5250.8
357 	25    	3309.62	2355.6	4153.6
358 	25    	3389.55	2063.2	5142  
359 	25    	3450.58	2543.6	5166.8
360 	25    	3168.53	1998.4	4411.2
361 	25    	3386.61	2088  	4213.2
362 	25    	3301.02	2070  	4600  
363 	25    	3519.68	2314.4	4634.8
364 	25    	3426.26	2506  	4955.6
365 	25    	3257.33	700.4 	4486  
366 	25    	3435.76	2464.4	4327.6
367 	25    	3261.1 	2327.6	4914.8
368 	25    	3345.97	2390  	4564.8
369 	25    	3338.85	705.2 	4488.4
370 	25    	3212.13	2151.6	4564  
371 	25    	3274.77	2486.8	3926.4
372 	25    	3306.5 	2523.6	4871.2
373 	25    	3544.93	2604  	5480.4
374 	25    	3341.54	1850.8	4566  
375 	25    	3207.71	1874  	4727.2
376 	25    	3594.64	2480.4	4504.4
377 	25    	3332.06	2426.4	4398.4
378 	25    	3504.69	2251.2	4976  
379 	25    	3316.94	2025.2	5134  
380 	25    	3201.79	2102  	4058.8
381 	25    	3235.41	928   	4592.4
382 	25    	3279.17	2356  	3963.6
383 	25    	3502.96	2186  	5012.8
384 	25    	3423.97	741.6 	4607.6
385 	25    	3460.42	1986.4	4626  
386 	25    	3323.39	2531.2	4776.8
387 	25    	3309.25	1824.4	5150  
388 	25    	3375.97	2333.6	4616.4
389 	25    	3305.26	2239.2	4407.6
390 	25    	3404.86	2367.6	4306.4
391 	25    	3242.29	2420.4	4592  
392 	25    	3362.83	1478.8	4707.6
393 	25    	3478.94	1601.2	4788.8
394 	25    	3575.5 	2322.4	5572.8
395 	25    	3349.26	2526.8	5590  
396 	25    	3545.09	2549.2	4751.2
397 	25    	3360.26	2471.2	5209.2
398 	25    	3287.89	1952.8	5036  
399 	25    	3373.34	2355.6	4194  
400 	25    	3351.84	2112  	5589.2
401 	25    	3308.93	2148  	4271.2
402 	25    	3436.08	1983.2	4615.6
403 	25    	3232.9 	1884.4	4287.2
404 	25    	3280.29	1487.6	4946.4
405 	25    	3302.74	1801.2	4572.8
406 	25    	3375.3 	924.8 	4426.4
407 	25    	3498.29	2579.6	5684  
408 	25    	3211.52	2364  	4555.6
409 	25    	3511.12	2060  	4429.2
410 	25    	3556.16	2446.4	6021.2
411 	25    	3545.71	1488  	5130.8
412 	25    	3461.17	2353.2	5110.4
413 	25    	3451.5 	1782.4	5105.2
414 	25    	3293.73	2516.4	5073.2
415 	25    	3296.72	1905.2	4303.6
416 	25    	3304.53	2073.6	4267.6
417 	25    	3347.06	1827.6	4298.8
418 	25    	3219.17	2086.8	4794.8
419 	25    	3413.55	2012  	4688.8
420 	25    	3269.26	2298.4	4380.8
421 	25    	3208.45	1540.8	4425.2
422 	25    	3211.98	1763.6	4025.2
423 	25    	3360.14	2217.2	4812.4
424 	25    	3331.39	2162.4	4592.8
425 	25    	3319.07	1642.8	4300.4
426 	25    	3443.54	2029.2	4768  
427 	25    	3378.96	1820.4	5006.4
428 	25    	3391.62	2600  	4051.6
429 	25    	3478.69	1965.2	4724.8
430 	25    	3568.3 	2358.8	4882.4
431 	25    	3393.02	2377.6	4412.8
432 	25    	3607.41	2582.4	4942  
433 	25    	3212.08	1220.4	4938.8
434 	25    	3219.73	2306  	4686.4
435 	25    	3509.12	2591.2	4990  
436 	25    	3517.41	2168.8	4922  
437 	25    	3506.43	1666.4	4715.6
438 	25    	3200.83	1879.6	4528.8
439 	25    	3568.96	2544.4	5278.4
440 	25    	3364.88	2208.8	4534.8
441 	25    	3574.99	2105.2	4699.6
442 	25    	3706.1 	2488.8	5207.6
443 	25    	3642.46	2580  	5243.6
444 	25    	3131.84	1067.6	4129.2
445 	25    	3462.82	2429.2	4708.8
446 	25    	3429.36	2169.6	5208  
447 	25    	3559.66	1788  	5211.2
448 	25    	3220.37	1107.6	4823.6
449 	25    	3283.09	1758.8	4553.2
450 	25    	3195.01	1240.4	4318.8
451 	25    	3115.55	574.8 	4510.8
452 	25    	3069.6 	1964.4	4510.4
453 	25    	3201.68	2058.4	4794.8
454 	25    	3491.68	2470  	5458  
455 	25    	3520.05	2328  	4443.2
456 	25    	3262.48	1362.4	5095.6
457 	25    	3356.86	1921.6	4342  
458 	25    	3340.42	2455.2	5023.6
459 	25    	3337.18	2400.4	4672  
460 	25    	3547.9 	2436.8	4753.2
461 	25    	3374.93	2450.8	4748  
462 	25    	3363.14	2539.2	5013.2
463 	25    	3194.72	2232.4	4401.2
464 	25    	3385.94	1836.8	4337.6
465 	25    	3384.98	2456.4	4640.4
466 	25    	3469.3 	1417.6	4733.6
467 	25    	3348.37	2100.8	4871.2
468 	25    	3602.83	2534.4	4958  
469 	25    	3353.47	1720  	4766  
470 	25    	3102.96	1105.2	3982  
471 	25    	3361.26	2039.6	4422.4
472 	25    	3239.86	2334  	4398.4
473 	25    	3380.38	1555.6	4487.6
474 	25    	3311.68	1993.2	4450  
475 	25    	3115.44	1862.8	4294  
476 	25    	3275.97	1740.4	4269.2
477 	25    	3242.61	2431.2	4756  
478 	25    	3498.5 	2396.8	4516.8
479 	25    	3172.48	1960.8	4855.2
480 	25    	3526.74	2238.4	5064.4
481 	25    	3313.52	1919.2	5062  
482 	25    	3230.8 	1902.8	4399.2
483 	25    	3452.86	822.8 	5042.8
484 	25    	3418.3 	2350  	4442.4
485 	25    	3332.38	863.2 	4442.8
486 	25    	3225.42	1508.4	4805.6
487 	25    	3557.62	1418  	4764.4
488 	25    	3477.86	2082.4	4473.6
489 	25    	3696.93	2661.6	4727.2
490 	25    	3475.71	2059.2	4904  
491 	25    	3446.16	2352  	5034.8
492 	25    	3778.13	2052.4	5105.6
493 	25    	3300.7 	1017.6	4784.8
494 	25    	3410.22	985.6 	4397.6
495 	25    	3300.24	2101.2	4983.2
496 	25    	3406.42	2172.8	4602  
497 	25    	3317.63	2247.6	5472.4
498 	25    	3646.77	2518  	5470.4
499 	25    	3495.76	1758  	5064.8
500 	25    	3323.9 	1931.6	5190.8
501 	25    	3494.56	2025.6	5572.8
502 	25    	3392.08	969.2 	4640  
503 	25    	3502.59	2110.4	4805.2
504 	25    	3331.7 	2343.6	4367.2
505 	25    	3450.88	2394.8	5147.2
506 	25    	3417.92	2252  	4818  
507 	25    	3556.53	2243.2	4597.2
508 	25    	3131.1 	858.4 	4148.4
509 	25    	3282.14	2260.8	5156  
510 	25    	3586.24	2521.2	5157.6
511 	25    	3545.34	2397.6	5078  
512 	25    	3751.95	2302  	4915.2
513 	25    	3337.89	2339.2	4518.8
514 	25    	3839.76	2581.6	5139.6
515 	25    	3399.55	2171.2	4635.2
516 	25    	3453.47	2119.2	5061.2
517 	25    	3504.24	2295.2	4635.6
518 	25    	3602.7 	2152  	4716.4
519 	25    	3442   	2078  	4384.4
520 	25    	3313.02	2501.6	4279.2
521 	25    	3153.28	1726.8	4526  
522 	25    	3610.94	1162.8	5016.4
523 	25    	3206.72	1892.8	4586.8
524 	25    	3535.54	2472  	4630.8
525 	25    	3375.18	2252.8	5475.2
526 	25    	3563.44	1803.2	5353.2
527 	25    	3698.88	2553.6	5002.8
528 	25    	3555.3 	2734  	4412.8
529 	25    	3575.28	2221.2	4603.6
530 	25    	3602.53	2227.6	4896.4
531 	25    	3594.16	2446.4	4640.8
532 	25    	3529.18	2134.8	4970.8
533 	25    	3548.98	2060  	4432.4
534 	25    	3678.51	2294.4	5672.8
535 	25    	3401.84	2253.2	4583.2
536 	25    	3489.34	2092.8	4486.8
537 	25    	3374.72	2337.2	4872  
538 	25    	3214.53	822.8 	5046.8
539 	25    	3414.88	2514.4	4720.8
540 	25    	3190.51	1343.6	4453.2
541 	25    	3416.86	1976.4	4985.2
542 	25    	3327.55	1721.6	4771.6
543 	25    	3406.62	2271.2	4534.8
544 	25    	3283.17	1869.2	4883.6
545 	25    	3607.39	2359.6	5095.2
546 	25    	3631.52	2673.6	4969.2
547 	25    	3540.88	1430  	4913.6
548 	25    	3406.83	2051.2	4469.6
549 	25    	3581.54	1766.8	5356  
550 	25    	3353.36	2144.8	4736.4
551 	25    	3373.86	2296.4	4684  
552 	25    	3384.02	2179.6	4898  
553 	25    	3508.72	2390  	4296.4
554 	25    	3455.73	2699.2	4744  
555 	25    	3379.22	2692  	4293.6
556 	25    	3411.5 	2236.8	4796.4
557 	25    	3405.52	2450.8	4352  
558 	25    	3683.34	2464.4	4785.6
559 	25    	3487.7 	2012.8	5136  
560 	25    	3284.06	2041.6	4409.6
561 	25    	3490.18	1784.8	4903.6
562 	25    	3546.45	2178  	4844  
563 	25    	3231.98	1640  	4544  
564 	25    	3329.2 	2195.6	4274.4
565 	25    	3151.46	2096.8	4363.2
566 	25    	3466.45	1600.4	4546  
567 	25    	3143.06	1681.6	4529.6
568 	25    	3331.98	1820.8	4890.8
569 	25    	3169.9 	1970.4	4232  
570 	25    	3318.46	1936  	4481.6
571 	25    	3458.08	1980.4	4781.6
572 	25    	3358.7 	1813.2	4748  
573 	25    	3478.54	1130.8	5053.2
574 	25    	3183.86	1598.8	4328.8
575 	25    	3486.77	1845.2	4584.4
576 	25    	3462.64	2224.4	4648.8
577 	25    	3344.26	1974  	4496.4
578 	25    	3289.97	2172.4	5446  
579 	25    	3304.21	1266  	4462.8
580 	25    	3372.9 	2464  	4566.4
581 	25    	3549.6 	2450  	4705.2
582 	25    	3129.49	1797.6	4246.4
583 	25    	3502.69	2154.4	4563.6
584 	25    	3377.09	2004.8	4440  
585 	25    	3350.78	1141.2	4694  
586 	25    	3431.6 	2216.8	5021.2
587 	25    	3416.62	2543.2	4787.2
588 	25    	3504.29	2223.2	5765.6
589 	25    	3605.89	2235.2	4806  
590 	25    	3598.77	2430.8	4684.4
591 	25    	3374.06	1525.2	4171.2
592 	25    	3585.73	1770.4	5515.2
593 	25    	3268.93	2190  	4141.6
594 	25    	3359.65	2266.8	4424  
595 	25    	3594.61	2082  	4468  
596 	25    	3489.86	2346.4	4767.2
597 	25    	3241.25	980   	4441.6
598 	25    	3298.85	1877.6	4278  
599 	25    	3614.69	2425.6	4840.8
600 	25    	3647.14	2400.4	4665.2
601 	25    	3671.47	2726.8	4560  
602 	25    	3266.4 	2149.2	4314.4
603 	25    	3518.16	2731.6	4668  
604 	25    	3350.42	2226.4	4883.6
605 	25    	3491.01	1143.6	4347.6
606 	25    	3747.86	1952.4	5449.6
607 	25    	3452.26	2120.4	4791.6
608 	25    	3439.84	2547.2	4399.2
609 	25    	3599.04	2300.8	4598.8
610 	25    	3445.55	966.4 	4459.6
611 	25    	3668.11	1692.4	5005.6
612 	25    	3551.65	2492.4	4487.6
613 	25    	3750.93	2509.2	4728  
614 	25    	3525.9 	1653.6	4534.8
615 	25    	3498.46	2190.8	4568.4
616 	25    	3483.12	2389.2	5106.8
617 	25    	3627.66	2448.8	4515.2
618 	25    	3329.62	2382.8	4549.6
619 	25    	3600.3 	2231.2	5234.4
620 	25    	3636.13	2502.4	4605.6
621 	25    	3528.99	2179.6	4772.4
622 	25    	3432.66	2510.4	4503.2
623 	25    	3603.47	2196.8	5145.6
624 	25    	3484.96	2370.4	4386  
625 	25    	3514.43	2148  	4760.4
626 	25    	3458.83	2213.6	4673.2
627 	25    	3465.57	2461.2	4261.6
628 	25    	3233.55	2258.8	4840.8
629 	25    	3545.02	2707.6	6071.6
630 	25    	3448.02	1855.2	4886.4
631 	25    	3458.77	2384  	5244.4
632 	25    	3362.69	2246.4	4610.8
633 	25    	3227.14	1422  	4190  
634 	25    	3438.34	2238.8	4772.4
635 	25    	3443.73	1823.2	5152  
636 	25    	3492.99	2506.8	5226  
637 	25    	3412.94	2384.4	4874  
638 	25    	3534.46	1466.4	5038.4
639 	25    	3328.1 	2064  	4303.2
640 	25    	3246.85	1969.6	4242  
641 	25    	3796.42	2784.4	4930.4
642 	25    	3489.42	1616.4	4324.4
643 	25    	3746.21	2535.6	5218.8
644 	25    	3525.42	2598.4	4449.6
645 	25    	3579.25	2155.6	4503.2
646 	25    	3750.8 	2608.8	5572  
647 	25    	3751.66	2733.2	5151.6
648 	25    	3485.82	1735.2	4211.6
649 	25    	3400.67	1915.6	4743.6
650 	25    	3624.19	2447.6	5070.4
651 	25    	3669.78	2477.6	5013.2
652 	25    	3517.09	2433.6	4822  
653 	25    	3543.04	1895.6	5760.4
654 	25    	3406.78	2127.6	4642.4
655 	25    	3568.46	2200.8	4551.6
656 	25    	3395.97	2032.8	5232.4
657 	25    	3729.01	2552.4	5694.8
658 	25    	3505.14	2428  	4878.8
659 	25    	3564.67	2287.6	5054.8
660 	25    	3550.61	1176  	4913.2
661 	25    	3458.42	1471.2	4590  
662 	25    	3315.57	629.6 	5154  
663 	25    	3477.97	2476  	4653.6
664 	25    	3581.1 	2522.8	4719.6
665 	25    	3389.62	2333.6	4815.2
666 	25    	3329.78	2801.2	4150.4
667 	25    	3672.74	2925.6	4844  
668 	25    	3705.62	1978.4	5217.6
669 	25    	3469.65	2122.8	4992.4
670 	25    	3557.65	2548.4	4725.2
671 	25    	3471.18	1928.4	4684.4
672 	25    	3758.54	3076.4	4766.8
673 	25    	3506   	1914.8	4826.8
674 	25    	3596.62	2101.2	6486.8
675 	25    	3487.14	2045.6	5182.4
676 	25    	3596.02	2503.6	4983.6
677 	25    	3558.67	2198.8	4552.4
678 	25    	3469.18	2420  	4936.8
679 	25    	3386.22	2400.8	4852.4
680 	25    	3381.58	2668  	4476.4
681 	25    	3446.02	2598.4	4788  
682 	25    	3436.5 	985.2 	5319.6
683 	25    	3476.99	2772.8	4708  
684 	25    	3836.46	2740  	5982.8
685 	25    	3441.2 	2598  	5479.2
686 	25    	3514.48	2188  	5039.6
687 	25    	3584.72	1877.2	5473.2
688 	25    	3599.65	2328.4	4848.8
689 	25    	3630.45	1678.8	5009.6
690 	25    	3354.7 	2373.6	4901.2
691 	25    	3316.75	2066  	5413.2
692 	25    	3538.11	1303.6	5036.8
693 	25    	3603.06	2121.2	5047.6
694 	25    	3448.21	2457.6	4652  
695 	25    	3635.01	2088  	5211.2
696 	25    	3569.17	2429.6	4729.2
697 	25    	3457.31	2588  	4459.2
698 	25    	3566.96	2507.2	4946.4
699 	25    	3366.48	1058  	5227.6
700 	25    	3423.58	2434.4	4823.2
701 	25    	3548.51	2663.2	4953.2
702 	25    	3685.42	2050.8	5903.2
703 	25    	3521.76	2723.2	4369.6
704 	25    	3648.18	2800.8	4661.2
705 	25    	3487.15	1872.8	4865.2
706 	25    	3263.22	997.2 	5550  
707 	25    	3493.47	2411.6	5054  
708 	25    	3760.53	2794.8	5436.4
709 	25    	3502.83	2375.2	4498.8
710 	25    	3596.86	2432  	5315.6
711 	25    	3577.14	2298.4	4825.6
712 	25    	3387.07	2198.8	4876.8
713 	25    	3327.36	2569.2	4070.8
714 	25    	3430.1 	1587.2	4983.2
715 	25    	3502.19	1583.6	5200.4
716 	25    	3494.46	988   	4860.8
717 	25    	3469.63	1596  	4824.4
718 	25    	3683.71	2468  	5098.4
719 	25    	3642.02	2288  	5601.2
720 	25    	3437.55	2535.2	4974  
721 	25    	3698.16	1968  	4900.8
722 	25    	3583.47	2541.2	5480  
723 	25    	3612.88	2595.2	5063.2
724 	25    	3644.88	2646.4	5168.4
725 	25    	3525.3 	1818  	5215.6
726 	25    	3742.26	2545.6	5408.4
727 	25    	3647.36	2268.8	5716.4
728 	25    	3910.56	2969.6	5428.8
729 	25    	3609.04	2222.8	5012.8
730 	25    	3519.39	1154.8	4972.4
731 	25    	3869.3 	1634  	5054  
732 	25    	3464.56	1525.2	4869.2
733 	25    	3854.42	2776  	5494.4
734 	25    	3742.88	2055.6	4916.8
735 	25    	3731.87	1824.8	5715.6
736 	25    	3508.62	904   	5496.4
737 	25    	3577.65	991.6 	5295.2
738 	25    	3429.87	2430.8	5210.4
739 	25    	3606   	2452.4	5178  
740 	25    	3737.18	1136.4	5460.4
741 	25    	3527.9 	1734  	4874.4
742 	25    	3659.46	2294.4	4769.2
743 	25    	3612.35	2466  	5188.8
744 	25    	3782.11	2688.4	4815.6
745 	25    	3777.62	2906  	5560  
746 	25    	3719.63	2105.6	4928  
747 	25    	3778.82	1850.8	5550.8
748 	25    	3680.03	2239.2	5131.6
749 	25    	3599.66	1782.4	5433.2
750 	25    	3492.82	1972  	4518.8
751 	25    	3625.49	1944.8	4727.2
752 	25    	3635.42	2448.8	4623.2
753 	25    	3578.91	1308.8	5279.6
754 	25    	3525.66	2509.6	4696  
755 	25    	3535.1 	2515.2	4860.8
756 	25    	3632.18	2509.2	4788.4
757 	25    	3558.94	703.2 	5020.8
758 	25    	3617.3 	2332.8	4718  
759 	25    	3387.34	2055.6	5020  
760 	25    	3780.72	2416.8	5036.8
761 	25    	3522.94	2804  	4845.2
762 	25    	3655.39	2114.4	5080.8
763 	25    	3478.48	901.6 	5537.6
764 	25    	3813.38	2894.4	5998.4
765 	25    	3678.61	2682.4	4758.4
766 	25    	3492.62	972   	4685.2
767 	25    	3446.26	2503.6	4701.2
768 	25    	3546.48	2161.6	5337.6
769 	25    	3558.91	2269.6	4868.8
770 	25    	3467.31	1778.8	4802.8
771 	25    	3589.81	2513.2	5238  
772 	25    	3707.01	2394.8	4869.6
773 	25    	3767.9 	2776.4	5249.2
774 	25    	3363.2 	1699.2	4705.2
775 	25    	3850.16	2153.6	5683.2
776 	25    	3505.36	1541.6	4830.4
777 	25    	3578.61	2678  	4295.2
778 	25    	3961.2 	2392.4	5852.8
779 	25    	3688.29	2394.4	5683.6
780 	25    	3742.24	2490.8	6331.2
781 	25    	3657.25	2464.4	4804.4
782 	25    	3661.44	1589.6	5066.8
783 	25    	3693.14	1066  	5442.4
784 	25    	3651.98	2684.4	5084.4
785 	25    	3563.44	2222.4	5485.2
786 	25    	3521.36	1740  	4775.2
787 	25    	3674.22	913.2 	5473.2
788 	25    	3376.51	934.8 	4489.6
789 	25    	3787.36	1317.6	5258  
790 	25    	3872.26	2739.2	5901.6
791 	25    	3391.12	2263.6	4660  
792 	25    	3943.89	3016.8	5823.6
793 	25    	3659.3 	2498.4	5084.8
794 	25    	3759.65	2333.2	5323.2
795 	25    	3768.32	1492.8	6316  
796 	25    	3590.8 	2272.8	4824.8
797 	25    	3588.72	2063.2	4999.6
798 	25    	3712.34	2655.6	5787.2
799 	25    	3913.58	2293.2	6760.8
800 	25    	3565.07	2330.4	5299.2
801 	25    	3374.74	1743.2	5028.4
802 	25    	3627.5 	2437.2	4326.8
803 	25    	3766.5 	2730.4	4639.6
804 	25    	3687.15	2141.2	5070.4
805 	25    	3565.5 	1032.4	5404.4
806 	25    	3614.38	2605.6	5088.8
807 	25    	3578.24	840   	5508  
808 	25    	3529.09	2536  	4672.4
809 	25    	3659.97	2626.4	5124.8
810 	25    	3421.23	2070.8	4618.8
811 	25    	3715.41	2056.4	5106.8
812 	25    	3519.01	2362.8	5265.2
813 	25    	3530.93	1843.6	4645.2
814 	25    	3813.02	2930  	5275.2
815 	25    	3764.72	2887.6	5218.8
816 	25    	3549.97	2232  	5226.4
817 	25    	3583.76	2161.6	5088.8
818 	25    	3662.69	2326.8	5140  
819 	25    	3604.03	992   	5983.6
820 	25    	3468.75	2236  	5014.4
821 	25    	3693.66	1169.2	5280  
822 	25    	3574.02	2484.4	5003.6
823 	25    	3667.89	2364.8	5580.4
824 	25    	3712.83	2404.4	5626.4
825 	25    	3675.73	2482  	5890  
826 	25    	3855.76	2202  	5124.4
827 	25    	3884.99	2096.4	6496  
828 	25    	3921.76	2696.8	5689.2
829 	25    	3725.78	1932.4	5539.2
830 	25    	3613.5 	2452.4	4832.4
831 	25    	3860   	2550  	5892  
832 	25    	3546.96	1579.2	5164.4
833 	25    	3558.78	1700.4	5096.4
834 	25    	3493.62	2405.2	4628.4
835 	25    	3875.86	1822.4	5614.4
836 	25    	3653.62	2430  	5209.6
837 	25    	3602.54	2096  	5445.2
838 	25    	3800.61	2442.8	5592.4
839 	25    	3877.76	2701.2	5413.6
840 	25    	3578.9 	2642.4	5039.2
841 	25    	4015.36	2992  	5375.2
842 	25    	3958.19	2316.4	5216  
843 	25    	4332.16	3323.6	5798  
844 	25    	4056.77	2924  	5359.6
845 	25    	3965.17	1857.2	5443.6
846 	25    	3784.66	1965.6	5846.8
847 	25    	4137.82	2955.2	5627.2
848 	25    	3973.95	2589.2	5485.2
849 	25    	4065.74	2101.2	5867.6
850 	25    	3926.32	2405.6	5723.6
851 	25    	3926.27	2621.6	5743.2
852 	25    	4109.18	2329.6	5431.2
853 	25    	4260.93	2460  	5814  
854 	25    	3796.42	2690  	4948  
855 	25    	3992.53	2840.4	5479.6
856 	25    	3825.62	2791.2	5619.2
857 	25    	3884.26	2580  	5964.8
858 	25    	3658.58	1144  	6588.4
859 	25    	3929.09	2446.8	5633.2
860 	25    	3821.55	2018  	6006.8
861 	25    	3754.8 	2618  	5709.6
862 	25    	3981.07	2854  	5232  
863 	25    	4115.41	2458.8	5828.8
864 	25    	3596.26	1878  	5202.4
865 	25    	4081.14	2953.6	5163.6
866 	25    	3705.58	2544.4	5422.8
867 	25    	3903.3 	2043.6	5788.8
868 	25    	4018.88	2663.6	5464  
869 	25    	3908.32	2788.8	5300.8
870 	25    	3573.54	1124.8	6656.4
871 	25    	3884.11	2428  	6239.2
872 	25    	3590.56	2058.8	4835.6
873 	25    	4047.1 	2623.6	5323.2
874 	25    	4136.64	2790.4	5836.8
875 	25    	3828.06	2811.6	5754.8
876 	25    	3799.84	2318.8	5272  
877 	25    	3656.27	1582  	5697.6
878 	25    	3921.7 	2645.6	5959.6
879 	25    	3725.17	2861.6	4926.8
880 	25    	3599.34	1166.4	4640.8
881 	25    	3847.79	2707.6	4970.4
882 	25    	3826.5 	2590.8	5147.6
883 	25    	3648.67	2090.4	4698.8
884 	25    	3815.55	2831.2	5078  
885 	25    	3831.73	2285.6	5534.4
886 	25    	3839.34	2850.4	5485.6
887 	25    	3947.71	2613.6	5203.6
888 	25    	3891.26	2401.2	5643.2
889 	25    	3597.68	1044  	4890.4
890 	25    	4052.8 	2852  	5624  
891 	25    	4176.56	2909.6	5734  
892 	25    	3934.5 	2865.2	5065.6
893 	25    	4020.22	2278.4	5805.6
894 	25    	3952.43	2050  	5703.2
895 	25    	3804.42	1336  	5044.8
896 	25    	4091.42	2960.4	5539.6
897 	25    	3960.5 	2702.8	5632  
898 	25    	3896.05	2744.8	5083.2
899 	25    	3651.95	2712  	4941.6
900 	25    	3580.45	2136  	4699.6
901 	25    	3569.01	1704  	5353.6
902 	25    	3717.38	2543.2	5313.6
903 	25    	4064.42	2361.2	5901.6
904 	25    	3996.85	2670.8	5258.8
905 	25    	3726.29	2591.2	4752.4
906 	25    	3826.9 	2029.2	5017.2
907 	25    	3660.58	1212.8	4959.2
908 	25    	4002   	2827.6	5357.2
909 	25    	3947.73	2911.2	5632.4
910 	25    	3799.26	2839.2	5407.6
911 	25    	4081.02	3010  	5074.8
912 	25    	3828.75	2912  	4890.4
913 	25    	3875.44	2682  	5458.4
914 	25    	3692.7 	1194  	5108  
915 	25    	3815.6 	2957.2	4845.6
916 	25    	3997.04	3120.8	5998  
917 	25    	3753.28	2550.4	5424.4
918 	25    	4004.37	2910.4	5542.8
919 	25    	4102.67	832   	5788.8
920 	25    	3822.05	2270.4	5188  
921 	25    	3911.76	1154.8	5812  
922 	25    	3851.79	2157.2	5391.2
923 	25    	3950.24	2341.6	5207.2
924 	25    	4078.58	2868.8	5795.6
925 	25    	3857.31	2313.6	6452.8
926 	25    	3980.21	2347.2	5311.2
927 	25    	3899.26	2398.4	5570.4
928 	25    	3585.5 	1981.2	5333.6
929 	25    	3853.04	2894.4	5717.6
930 	25    	3696.22	2170.4	4814.4
931 	25    	4106.21	2869.6	5208.8
932 	25    	3914.9 	2760.4	5658  
933 	25    	3587.54	501.6 	4865.6
934 	25    	3808.58	2616.4	5100.4
935 	25    	3796.37	1887.6	4987.6
936 	25    	3786.1 	1999.6	5619.2
937 	25    	4214.29	3167.6	5577.6
938 	25    	3739.18	2458  	5204.4
939 	25    	3818.24	2364.4	5137.6
940 	25    	3677.9 	2287.2	5542.8
941 	25    	3624.35	1305.6	4657.2
942 	25    	4056.37	2713.2	6067.2
943 	25    	3870.05	2176.8	5735.6
944 	25    	3698.86	1554.4	4988.8
945 	25    	4011.52	2802.4	5455.2
946 	25    	3684.51	2617.2	5064  
947 	25    	3829.78	2637.6	5515.6
948 	25    	3864.86	2598.4	4911.6
949 	25    	3722.21	2063.6	5348.4
950 	25    	3602.91	2413.6	5047.2
951 	25    	3575.14	2626.8	4444  
952 	25    	3563.55	2770.4	4993.2
953 	25    	3710.53	2384  	6218.8
954 	25    	3633.01	1236.8	5294  
955 	25    	3758.58	2018.4	5756  
956 	25    	3550.11	2247.6	5084  
957 	25    	3703.66	2550.8	4992  
958 	25    	3562.51	2629.6	5040.8
959 	25    	3977.17	2678.4	4728.4
960 	25    	3654.43	2691.6	4700.4
961 	25    	3505.66	2131.6	4678.4
962 	25    	3646.45	1822.8	4687.2
963 	25    	3628.86	2968.8	4298.4
964 	25    	3801.23	2400.4	5460  
965 	25    	3832.67	2747.2	5441.6
966 	25    	3550.67	1003.2	4562.4
967 	25    	3630.96	2064.4	5552.4
968 	25    	3409.12	2282.4	4594  
969 	25    	3741.62	2518.8	4727.6
970 	25    	3787.44	1159.6	5440  
971 	25    	3949.63	2578.4	5724.4
972 	25    	3767.97	1644.8	4852.8
973 	25    	3813.97	2271.6	5010.8
974 	25    	3651.2 	2127.2	5300  
975 	25    	3530.32	2208.4	4830  
976 	25    	3631.46	2659.6	4952.4
977 	25    	3522.26	1134.4	5036.4
978 	25    	3662.05	1583.6	6130.4
979 	25    	3836.16	2535.2	5093.6
980 	25    	3592.26	2366.8	5171.2
981 	25    	3455.73	2011.6	4782.4
982 	25    	3787.1 	2254  	5563.6
983 	25    	3661.55	2691.6	4669.2
984 	25    	3758.59	2680  	5274.8
985 	25    	3876.4 	2241.2	5200  
986 	25    	3551.17	1920.8	5136.8
987 	25    	3799.36	2447.6	5086  
988 	25    	3844.67	2338.4	5977.6
989 	25    	3665.49	1482.8	5828.4
990 	25    	3808.35	2386  	5538  
991 	25    	3523.81	2363.2	4680  
992 	25    	3625.26	2477.6	5285.6
993 	25    	3793.07	2558  	4980  
994 	25    	3330.88	2386  	4449.6
995 	25    	3497.44	1119.2	5562.8
996 	25    	3719.63	2466.8	4820.4
997 	25    	3846.83	958   	5806.4
998 	25    	3819.62	2004.8	5527.2
999 	25    	3748.61	2566.4	4830  
1000	25    	3702.22	972   	5098.4
1001	25    	3547.28	2405.2	4349.2
1002	25    	3451.28	2369.2	4692.4
1003	25    	3769.84	2530  	6899.6
1004	25    	3688.42	2280.8	4794.8
1005	25    	3878.34	2650.8	4813.6
1006	25    	3594.32	2298.8	5363.2
1007	25    	3999.81	1565.6	6165.6
1008	25    	3915.66	2669.2	5030  
1009	25    	3720.18	2349.6	5920.4
1010	25    	3560.83	2413.6	4968.4
1011	25    	4102.74	2397.2	5040.4
1012	25    	3992.64	2497.6	5422.4
1013	25    	3589.9 	2256.4	4750.4
1014	25    	3657.04	2802  	4875.2
1015	25    	3755.2 	2388.4	4874  
1016	25    	3764.06	1603.6	4940.4
1017	25    	3777.98	2718  	5353.2
1018	25    	3857.3 	2526  	5037.6
1019	25    	3380.45	2033.6	4326.4
1020	25    	3779.33	2453.2	5472  
1021	25    	3680.66	2509.6	5655.2
1022	25    	3673.09	2541.2	5485.6
1023	25    	3651.41	2514.8	4746.4
1024	25    	3609.25	2242.8	4701.2
1025	25    	3458.02	1022.4	5344  
1026	25    	3266.32	1474.4	4717.2
1027	25    	3463.92	2477.2	4980.8
1028	25    	3598.32	2240.8	4930.4
1029	25    	3528.35	2268.8	5612  
1030	25    	3844.05	2376  	5312.8
1031	25    	3826.74	2517.6	4751.2
1032	25    	3543.44	1370.8	5591.2
1033	25    	3490.13	900.8 	4633.2
1034	25    	3719.06	2204  	5218.8
1035	25    	3459.7 	1536.4	4775.6
1036	25    	3839.98	2006.8	5562.4
1037	25    	3865.15	2397.6	5368  
1038	25    	3611.14	2047.6	5129.2
1039	25    	3735.87	2264.8	6328.8
1040	25    	3376.64	690.4 	4785.2
1041	25    	3890.69	2939.2	4621.6
1042	25    	3836.08	2383.6	4908.8
1043	25    	3601.41	2634.8	4694.4
1044	25    	3762.62	2659.6	5489.2
1045	25    	3705.58	1826  	5620  
1046	25    	3718.43	1295.6	5414  
1047	25    	3773.9 	1912.8	5179.2
1048	25    	3507.26	638   	5206  
1049	25    	3671.47	2617.2	5020  
1050	25    	3572.62	1682.4	4884  
1051	25    	3634.14	2410.8	5260.8
1052	25    	3699.95	1161.2	4898.4
1053	25    	3808.48	2242.8	4846.4
1054	25    	3533.87	970   	4612.4
1055	25    	3837.95	802.8 	5360  
1056	25    	3530.27	2352.4	5672  
1057	25    	3601.34	1953.6	5242.4
1058	25    	3785.44	2545.2	5516  
1059	25    	3880.26	2864.4	5216.4
1060	25    	3639.62	2743.2	4974  
1061	25    	3595.46	2570.8	5350.4
1062	25    	3589.6 	2462.4	4652  
1063	25    	3649.34	2818  	4504.8
1064	25    	3733.92	2748  	5020.8
1065	25    	3516.16	2680  	4320.4
1066	25    	3720.38	2452.4	4886  
1067	25    	3962.34	2777.6	5142  
1068	25    	3800.93	2819.6	5086.8
1069	25    	3516.21	2259.6	4984  
1070	25    	3598.21	951.2 	5051.6
1071	25    	3714.11	1580.8	5939.6
1072	25    	3760.05	2642.4	5224.8
1073	25    	3797.33	1902.8	5345.2
1074	25    	3756.08	1296  	5907.2
1075	25    	3826.75	2222.8	4779.2
1076	25    	3991.58	3035.6	5372.8
1077	25    	3712.35	1856.4	4964.8
1078	25    	3656.48	2658  	5234  
1079	25    	3574.58	673.6 	5532.8
1080	25    	3461.04	1646  	4911.2
1081	25    	3607.55	1201.6	5466.4
1082	25    	3617.5 	2604  	4745.2
1083	25    	3711.95	2813.2	5043.6
1084	25    	3605.63	1101.6	4944  
1085	25    	3840.48	2792.4	5037.6
1086	25    	3718.51	1981.6	5493.6
1087	25    	3763.44	2062.4	5479.6
1088	25    	3679.39	1083.2	5241.6
1089	25    	3577.71	1878.4	5063.6
1090	25    	3651.09	2114.8	5008.8
1091	25    	3543.78	2136  	4875.2
1092	25    	3508.94	2270.4	4865.6
1093	25    	3470.32	2535.2	4700  
1094	25    	3271.46	1710  	4366.8
1095	25    	3732.51	2389.2	5071.6
1096	25    	3413.41	1569.2	4766.8
1097	25    	3432.46	2302.4	5031.6
1098	25    	3778.54	2167.6	5868.4
1099	25    	3671.01	2817.2	4950.8
1100	25    	3458.06	2288.4	5274.8
1101	25    	3746.13	2834.4	5679.2
1102	25    	3604.98	1499.2	5422  
1103	25    	3516.18	842.4 	4716.4
1104	25    	3857.78	3166  	4870  
1105	25    	3818.77	2508  	5668.8
1106	25    	3622.34	1471.6	5562.4
1107	25    	3639.98	1908  	5329.2
1108	25    	3610.66	2689.2	5234.8
1109	25    	3741.66	2256  	4724  
1110	25    	3593.14	2471.2	4709.2
1111	25    	3563.28	2614  	4815.2
1112	25    	3802.34	2714.4	5185.6
1113	25    	3574.32	1480  	4978.8
1114	25    	3765.17	2784  	4655.6
1115	25    	3583.76	1784  	5340.4
1116	25    	3793.06	2683.2	5318  
1117	25    	3624.48	926   	5001.6
1118	25    	3927.02	2993.6	6111.6
1119	25    	3841.73	2584.8	4790.4
1120	25    	3584.42	2489.2	5323.2
1121	25    	3471.57	2044.8	4701.2
1122	25    	3643.9 	1384  	5399.6
1123	25    	3874.74	2724.4	5326.4
1124	25    	3775.34	2485.6	4769.6
1125	25    	3807.14	2198.8	5538  
1126	25    	3901.66	2727.2	6125.6
1127	25    	3787.94	2302.8	5056.8
1128	25    	3838.85	2106.4	5049.6
1129	25    	3749.66	1150.8	5256.8
1130	25    	3721.14	2499.2	6025.2
1131	25    	3799.25	2466.4	5392  
1132	25    	4150.75	2356.4	5065.6
1133	25    	3715.38	2590.4	5535.2
1134	25    	3625.31	1128.8	5063.2
1135	25    	3757.41	2807.6	4851.2
1136	25    	3719.44	2908.8	5043.6
1137	25    	3556.59	1199.6	4880  
1138	25    	3825.84	2549.2	5354.8
1139	25    	3620.86	1881.2	5542  
1140	25    	3657.04	2578.4	5048.8
1141	25    	3836.13	2083.6	5332.4
1142	25    	3971.47	2283.2	5785.2
1143	25    	3806.08	2418.8	5349.6
1144	25    	3940.4 	2678.4	4904.4
1145	25    	3602.59	2024  	5393.6
1146	25    	3874.98	2010.4	6045.2
1147	25    	3973.54	2578.4	4853.6
1148	25    	3786.77	2441.6	5274.4
1149	25    	3730.58	2165.6	4800  
1150	25    	3555.42	2121.2	5314.8
1151	25    	3757.63	2431.6	4906.4
1152	25    	3770.37	2105.6	5782.8
1153	25    	3739.52	1893.6	5054.4
1154	25    	3884   	2535.6	5192  
1155	25    	3989.42	3000.8	5355.2
1156	25    	3719.31	2353.2	4799.2
1157	25    	3720.72	2629.6	5292.4
1158	25    	3879.71	2993.6	4789.6
1159	25    	3987.02	2612  	5603.6
1160	25    	3927.22	2572.8	5055.2
1161	25    	3805.54	2503.2	5276.4
1162	25    	3642.16	1137.2	4880.4
1163	25    	3858.22	2702.4	5325.6
1164	25    	3777.89	1760.4	5594.8
1165	25    	4123.58	2516.4	5591.6
1166	25    	4127.28	2504  	5782  
1167	25    	3657.94	2342  	5127.6
1168	25    	3625.84	2736.8	4487.6
1169	25    	3421.6 	2464.4	5246.4
1170	25    	3762.14	2866.8	5266.4
1171	25    	3673.97	2564  	4858.8
1172	25    	3841.52	2587.2	4959.6
1173	25    	3730.27	2690  	5679.2
1174	25    	3623.22	1450  	4771.6
1175	25    	3802.46	2216.8	5435.2
1176	25    	4123.44	2842.8	5096  
1177	25    	3816.98	1496.4	5611.6
1178	25    	3849.92	2813.2	5329.6
1179	25    	3732.83	2587.6	4638.8
1180	25    	3884.58	2658.8	5040.4
1181	25    	3711.18	2311.6	5428  
1182	25    	3986.42	2467.6	5788  
1183	25    	3655.46	2155.6	5345.2
1184	25    	3646.4 	2716.4	5508.4
1185	25    	3659.1 	2581.6	4746.4
1186	25    	3933.34	3192.8	5167.2
1187	25    	3793.46	2731.2	4878.8
1188	25    	3742.53	1616.4	4612  
1189	25    	3760.8 	2748.8	4946.8
1190	25    	3606.93	1312.4	4928.8
1191	25    	3725.98	2280.8	5437.2
1192	25    	3775.36	2018  	4691.6
1193	25    	3850.94	2360.8	5268  
1194	25    	3775.74	2673.6	5587.2
1195	25    	4156.27	2190.4	6428.4
1196	25    	3769.2 	1932  	5530.4
1197	25    	3972.91	2403.6	5221.6
1198	25    	3836.26	2507.2	4844.4
1199	25    	3762.24	2740  	4874.4
1200	25    	3580.32	2246.8	4541.2
1201	25    	3669.25	2577.6	4553.2
1202	25    	3657.81	2094.8	4828  
1203	25    	3786   	2694  	4854.4
1204	25    	3844.66	2004  	5150.4
1205	25    	3898.74	2516  	5592.8
1206	25    	3835.57	2806  	5408.4
1207	25    	3723.5 	945.2 	5056.8
1208	25    	3553.3 	2239.2	5194  
1209	25    	3590.05	2570.8	5577.2
1210	25    	3929.07	2659.6	5203.2
1211	25    	3690.29	2188.4	5081.2
1212	25    	3741.26	1997.6	6036.4
1213	25    	3919.55	2686.4	5154.8
1214	25    	3802.11	2468  	5592.4
1215	25    	3889.73	2986  	4946  
1216	25    	3822.45	2674  	5159.2
1217	25    	3877.22	2991.6	5762.4
1218	25    	3790.48	2643.2	5170.8
1219	25    	3696.14	2577.2	5546.4
1220	25    	3749.3 	2615.2	4558.4
1221	25    	3697.3 	2608.8	4847.2
1222	25    	3770.43	1588  	5352  
1223	25    	3730.21	1007.6	4939.2
1224	25    	3722.4 	2631.6	5327.6
1225	25    	3538.77	1153.6	5458  
1226	25    	3750.99	2622  	5373.6
1227	25    	3399.26	1985.6	5010.8
1228	25    	3701.38	2673.2	4929.2
1229	25    	3645.95	938.4 	6709.2
1230	25    	3560.27	2458  	4748.4
1231	25    	3650.75	2748.4	5605.6
1232	25    	3763.66	2130  	5352  
1233	25    	3607.95	1547.6	4822  
1234	25    	3594.86	760.8 	4857.6
1235	25    	3790.45	2662.4	5448.8
1236	25    	3546.54	1735.6	4658.4
1237	25    	3564.05	2462.4	4633.6
1238	25    	3661.07	2201.2	4993.2
1239	25    	3574.13	1304.8	5345.6
1240	25    	3499.41	1807.6	5590.4
1241	25    	3566.24	2356.8	4605.2
1242	25    	3645.58	2838.8	4941.6
1243	25    	3724.75	1776.8	4848  
1244	25    	3479.81	2843.6	4764  
1245	25    	3693.98	2046.8	6171.6
1246	25    	3395.89	1448.8	4649.2
1247	25    	3660.54	2472  	5304.8
1248	25    	3675.79	2623.2	5681.2
1249	25    	3624.21	2090.8	5341.2
1250	25    	3848.83	2258.8	5717.6
1251	25    	3600.53	1912  	5008  
1252	25    	3713.34	2371.6	5344.8
1253	25    	3599.31	1860.4	5018.4
1254	25    	3650.77	2295.6	5298.4
1255	25    	3779.6 	2496.4	5106  
1256	25    	3723.89	2269.2	5565.2
1257	25    	3653.3 	1833.2	5234.4
1258	25    	3791.54	2224.4	5090  
1259	25    	3935.74	2716.4	5846.4
1260	25    	3547.23	2612.8	4682.4
1261	25    	3894.54	2728  	5126.4
1262	25    	3609.7 	2658.4	4705.6
1263	25    	3689.9 	2414  	4854  
1264	25    	3690.48	2094  	6048.4
1265	25    	3982.19	3210.4	5436  
1266	25    	3434.35	2187.6	4765.2
1267	25    	3596.69	2408  	5082.4
1268	25    	3562.8 	650.4 	4889.6
1269	25    	3645.2 	2280.8	5268  
1270	25    	3657.97	2545.6	5208  
1271	25    	3795.25	2376.8	4870.8
1272	25    	3812.86	1474  	5571.2
1273	25    	3393.86	1410  	4995.2
1274	25    	3698.26	959.2 	5430  
1275	25    	3658.24	2604  	4949.2
1276	25    	3371.49	1072  	5184.4
1277	25    	3517.14	1792.4	4872.8
1278	25    	3575.68	1928.4	4865.2
1279	25    	3780.42	1892.4	6568.4
1280	25    	3764.16	2391.6	5933.2
1281	25    	3644.11	2526  	5362.4
1282	25    	3817.36	2500.8	5422.8
1283	25    	3814.83	2448.4	5151.6
1284	25    	3788.7 	3050.4	4723.2
1285	25    	3472.34	1578  	5085.6
1286	25    	3691.07	2859.6	4567.2
1287	25    	3895.12	2567.2	5212.8
1288	25    	3741.14	2487.6	5076.4
1289	25    	3914.35	2584.8	5888.8
1290	25    	3614.59	1745.6	5060  
1291	25    	3757.44	3002.8	5397.6
1292	25    	3461.31	2044  	4767.2
1293	25    	3641.41	2638  	4385.2
1294	25    	3590.72	2292.8	6503.6
1295	25    	3742.22	2120  	4408  
1296	25    	3883.94	2616.8	5627.6
1297	25    	3737.15	1369.2	5316.4
1298	25    	3623.86	2861.2	4398.8
1299	25    	3309.44	833.6 	5438.8
1300	25    	3695.06	2169.2	4949.2
1301	25    	3684.78	2716.8	5272.8
1302	25    	3310.94	998.8 	4799.6
1303	25    	3484.77	800   	4626.8
1304	25    	3612.18	2186.8	5227.2
1305	25    	3616.18	842.4 	5116  
1306	25    	3566.22	1760.8	4948.8
1307	25    	3744.56	2626.8	5660  
1308	25    	3444.18	1969.2	4137.2
1309	25    	3795.92	2834.4	4700.8
1310	25    	3738   	2305.6	4979.6
1311	25    	3588.99	2535.2	4890.4
1312	25    	3373.33	2604  	4406.8
1313	25    	3839.14	2410  	5375.2
1314	25    	3740.64	2927.2	6000.8
1315	25    	3616.67	848   	5034.8
1316	25    	3822.05	2988.4	5341.2
1317	25    	3644.34	1888  	4890.4
1318	25    	3717.38	2686  	5518.4
1319	25    	3598.5 	2581.6	5660.8
1320	25    	3369.71	2216  	4262  
1321	25    	3541.63	2264.4	4601.2
1322	25    	3515.76	2554.8	4510.8
1323	25    	3921.23	2944.4	5809.6
1324	25    	3752.7 	2227.2	5426  
1325	25    	3504.75	1242.8	4918.8
1326	25    	3527.52	671.2 	5011.6
1327	25    	3849.07	1070.8	5937.6
1328	25    	3632.59	2134.4	4764.4
1329	25    	3629.65	2454  	5198  
1330	25    	3697.68	2602.4	5464  
1331	25    	3619.12	1191.2	4855.2
1332	25    	3542.13	2143.6	4804.8
1333	25    	3466.06	1740.8	4774  
1334	25    	3523.46	2294  	4316  
1335	25    	3741.65	2692  	5301.2
1336	25    	3730.58	2276.8	5078.8
1337	25    	3536.53	1765.2	4798.4
1338	25    	3696.19	2477.6	5136.8
1339	25    	3636.82	628.4 	4870  
1340	25    	3576.5 	2680.4	4916.8
1341	25    	3854.35	2002  	5268  
1342	25    	3517.79	1979.6	4634.8
1343	25    	3954.24	2414.4	5108  
1344	25    	3815.63	2184.8	5196  
1345	25    	3841.15	3076  	4778  
1346	25    	3724.67	2297.6	4740  
1347	25    	3710.51	2440.4	5640  
1348	25    	3690.22	2007.6	4904.4
1349	25    	3525.39	2378  	5002.8
1350	25    	3754.43	2796.4	5651.2
1351	25    	3910.29	2926  	5079.2
1352	25    	3705.95	1872.8	6028.8
1353	25    	3584.78	2688.8	4720.8
1354	25    	3721.68	2440.8	5115.2
1355	25    	3706.62	2281.2	5183.6
1356	25    	3921.9 	2795.6	5415.2
1357	25    	3728.88	2454.4	5070.4
1358	25    	3610.69	2359.2	4700  
1359	25    	4013.39	2812  	6088.4
1360	25    	3560.29	2636  	5304  
1361	25    	3866.46	2497.6	5359.6
1362	25    	3880.46	2601.6	5388.4
1363	25    	3652.86	2164.4	4788  
1364	25    	3825.79	810.8 	5336.4
1365	25    	3825.63	1708.8	4726  
1366	25    	3754.3 	2769.2	4950.8
1367	25    	3829.2 	2189.2	5337.2
1368	25    	3923.3 	2683.6	5660.4
1369	25    	3562.86	2472  	5020.4
1370	25    	3596.45	1586.8	5306  
1371	25    	3939.66	2493.6	6443.6
1372	25    	3702.16	2277.2	4529.6
1373	25    	3608.99	2100.4	5487.2
1374	25    	3859.06	2510.4	5584  
1375	25    	3455.68	2439.2	5306.4
1376	25    	3729.38	2444.4	5049.2
1377	25    	3511.5 	2189.2	5438.8
1378	25    	3631.47	1374.8	6034.8
1379	25    	3738.93	2962  	5254.4
1380	25    	3852.42	1905.6	5575.6
1381	25    	3437.7 	1085.2	5777.6
1382	25    	3607.62	1851.2	5287.6
1383	25    	3580.62	2102.8	5101.2
1384	25    	3812.83	2882.4	6116  
1385	25    	3665.34	2620.4	5440.4
1386	25    	3402.85	2074  	5048.4
1387	25    	3656.86	2337.2	5176.8
1388	25    	3880.45	2399.6	5131.6
1389	25    	3563.63	2651.6	4696  
1390	25    	3742.98	1780.4	5438  
1391	25    	3577.66	1936.4	5062  
1392	25    	3801.58	2655.6	5319.2
1393	25    	3571.87	2716.8	4879.6
1394	25    	3464.83	2392  	5462  
1395	25    	3482.64	2432  	5286  
1396	25    	3617.49	2534.4	5500.4
1397	25    	3640.35	2617.2	4620.8
1398	25    	3630.13	2165.6	5831.2
1399	25    	3620.03	1811.6	5786  
1400	25    	3987.2 	2279.6	5376.8
1401	25    	3511.73	1206  	4869.6
1402	25    	3783.87	2528.8	4952.4
1403	25    	3491.81	1490.8	4911.2
1404	25    	3512.78	2586  	5262.4
1405	25    	3725.34	2506  	4944.8
1406	25    	3398.24	2122.4	4995.6
1407	25    	3929.33	2812  	5031.6
1408	25    	3753.65	2742  	5819.6
1409	25    	3816.82	2532.8	5824  
1410	25    	3729.31	2682.8	5628.4
1411	25    	3647.55	1965.2	4687.2
1412	25    	3489.87	1474.4	5283.2
1413	25    	3769.23	2504.4	4968  
1414	25    	3791.26	2636.4	4967.2
1415	25    	3946   	2640  	5248.8
1416	25    	3853.86	2376  	5608  
1417	25    	3611.34	2329.2	4488  
1418	25    	3914.96	2926  	4921.6
1419	25    	3674.43	2516  	4874.8
1420	25    	3512.1 	1675.6	5140  
1421	25    	3632.9 	2131.2	5028.4
1422	25    	3658.61	2619.6	4985.6
1423	25    	3675.84	2399.6	5624  
1424	25    	3609.31	826.8 	4494.4
1425	25    	3832.46	2962.4	4980.8
1426	25    	3472.14	2161.2	5490.8
1427	25    	3576.53	2355.6	4966.4
1428	25    	3518.34	2113.6	5190  
1429	25    	3600.46	2669.2	4416.4
1430	25    	3535.94	2300.8	4592  
1431	25    	3596.4 	1412.4	5694  
1432	25    	3667.79	2356  	4928.4
1433	25    	3612.24	2550.8	4857.6
1434	25    	3527.5 	2367.2	5526.4
1435	25    	3612.85	2617.2	5646  
1436	25    	3516.35	2495.6	4462  
1437	25    	3487.5 	2048  	4919.6
1438	25    	3634.72	2342  	5234.4
1439	25    	3239.25	807.2 	4595.2
1440	25    	3561.94	2581.6	4775.2
1441	25    	3513.2 	2140.8	4890  
1442	25    	3550.27	1535.6	4521.2
1443	25    	3622.48	2264  	5018.4
1444	25    	3402.62	2236.4	4662  
1445	25    	3586.18	1684  	4641.6
1446	25    	3539.94	1644.4	4624.4
1447	25    	3739.71	1982  	5765.6
1448	25    	3404.32	794   	5267.2
1449	25    	3587.62	1906  	6676.8
1450	25    	3615.47	2368.4	4656.8
1451	25    	3374.74	2300  	4598.4
1452	25    	3697.3 	2645.6	5010  
1453	25    	3574.13	2099.2	5164.8
1454	25    	3589.3 	2269.6	5614.4
1455	25    	3460.43	1797.6	4754.4
1456	25    	3382.78	2461.2	4779.6
1457	25    	3326.03	1462.8	4350.8
1458	25    	3632.22	2664.8	5153.2
1459	25    	3768.56	2067.2	6440  
1460	25    	3708.48	2745.2	5172  
1461	25    	3392.14	1672  	5006  
1462	25    	3568.11	946.8 	4805.6
1463	25    	3595.14	2151.2	5045.2
1464	25    	3693.47	2262.8	4873.2
1465	25    	3668.61	1925.2	5947.2
1466	25    	3643.62	1686.4	5288  
1467	25    	3535.22	2226.4	4654.4
1468	25    	3669.02	2628.4	5303.6
1469	25    	3635.71	2509.6	4789.6
1470	25    	3507.86	1908.8	4734.8
1471	25    	3465.42	2648.4	5642  
1472	25    	3739.41	2689.6	4879.2
1473	25    	3707.01	2810.8	5471.6
1474	25    	3814.66	2387.2	4721.6
1475	25    	3657.65	1907.2	5088.4
1476	25    	3672.77	1617.2	4753.6
1477	25    	3534.32	2356.4	4758  
1478	25    	3834.42	2612  	5078.8
1479	25    	3653.66	2619.2	4869.6
1480	25    	3872.69	2562.4	5298.4
1481	25    	3692.48	2356.4	5268.4
1482	25    	3776.69	2442.8	5311.2
1483	25    	3613.62	1344.8	5109.6
1484	25    	3582.7 	2338.8	5236  
1485	25    	3528.69	1798  	4824.4
1486	25    	3592.46	2009.6	4776.8
1487	25    	3653.98	2033.2	4798.4
1488	25    	3673.63	2522  	5300.4
1489	25    	3950.66	2668.8	5009.6
1490	25    	3720.3 	1770.8	5522  
1491	25    	3642.14	2295.6	4976.8
1492	25    	3600.94	2258  	5509.2
1493	25    	3490.77	2008.8	5283.6
1494	25    	3466.18	2637.2	4906  
1495	25    	3532.5 	1749.2	4845.2
1496	25    	3630.61	2726.4	5180.4
1497	25    	3675.17	2785.2	5617.6
1498	25    	3560.42	2176.4	5096  
1499	25    	3515.73	2360.4	4851.6
1500	25    	3540.06	2078.4	4934  
1501	25    	3543.78	2286  	4904.4
1502	25    	3787.22	2144.4	5132.8
1503	25    	3663.52	2216.4	5464.4
1504	25    	3699.49	2633.2	5203.6
1505	25    	3670.75	2360.8	4935.2
1506	25    	3477.1 	2195.6	4884  
1507	25    	3828.03	2638.8	5239.6
1508	25    	3645.92	2128  	4917.6
1509	25    	3717.6 	2450.8	5121.2
1510	25    	3580.26	1084.8	5305.2
1511	25    	3490   	1104.4	4558.8
1512	25    	3555.54	2685.6	5511.6
1513	25    	3690.61	2744  	5275.2
1514	25    	3749.39	2440.8	5417.2
1515	25    	3839.31	2517.2	5612  
1516	25    	3566.5 	1009.6	5904  
1517	25    	3728.29	2718.8	6576  
1518	25    	3793.95	2216.8	5347.2
1519	25    	3489.15	2338.8	4582  
1520	25    	3793.81	2636.4	5455.6
1521	25    	3803.28	2548  	5206.4
1522	25    	3640.62	2320.8	5373.2
1523	25    	3547.14	2424  	4598  
1524	25    	3421.34	602.8 	5257.6
1525	25    	3711.52	2616.4	5152  
1526	25    	3756.35	2092.8	6498  
1527	25    	3428.67	2302.8	5062.4
1528	25    	3466.56	2186  	5091.6
1529	25    	3648.22	2499.6	4752.8
1530	25    	3659.34	1995.6	5039.2
1531	25    	3513.95	919.2 	5531.2
1532	25    	3612.22	2077.2	5292.4
1533	25    	3756.67	2752.4	5810  
1534	25    	3756.66	1093.6	4862.4
1535	25    	3846.37	2670  	5212.4
1536	25    	3683.5 	2218.4	4827.2
1537	25    	3391.52	1840.8	5374  
1538	25    	3580.88	1135.2	4941.2
1539	25    	3485.66	1933.6	5581.2
1540	25    	3815.9 	981.6 	5319.2
1541	25    	3736.13	1588  	5430  
1542	25    	3390.32	2223.2	5230.4
1543	25    	3503.68	1187.2	5267.2
1544	25    	3554.3 	2710.4	4561.6
1545	25    	3732.11	2257.6	4686.4
1546	25    	3558.85	1349.2	5969.2
1547	25    	3512.18	2342.4	5597.2
1548	25    	3785.55	2530.4	5292.4
1549	25    	3728.93	2488  	5058.4
1550	25    	3662.46	2520.4	4527.6
1551	25    	3588.7 	1623.6	4803.2
1552	25    	3661.31	2262  	4903.2
1553	25    	3798.7 	2191.2	5415.6
1554	25    	3753.23	2396.4	4861.2
1555	25    	3765.02	1673.6	5301.6
1556	25    	3544.85	1566  	4955.2
1557	25    	3601.49	2390.8	5714.4
1558	25    	3459.58	878.4 	5357.2
1559	25    	3439.34	1546.4	5543.2
1560	25    	3380.45	1964  	4946  
1561	25    	3730.61	1223.2	5182  
1562	25    	3519.23	1265.6	5012.8
1563	25    	3738.93	1936.8	5201.2
1564	25    	3851.76	2830.4	5504.8
1565	25    	3735.28	2460.4	5965.6
1566	25    	3948.62	2372  	5758.4
1567	25    	3848.05	1610.8	4980  
1568	25    	3534.13	2574.8	4436  
1569	25    	3740.24	2328.4	5431.2
1570	25    	3711.78	2232.4	6004  
1571	25    	3685.42	2103.2	5785.6
1572	25    	3877.87	2649.6	5344.8
1573	25    	3603.06	2405.6	4846.4
1574	25    	3805.02	2539.2	5354.4
1575	25    	3532.46	2376.8	6094  
1576	25    	3611.39	2117.6	5724.4
1577	25    	3483.06	1892.4	5000.4
1578	25    	3489.02	1409.6	4747.6
1579	25    	3739.87	2629.6	5885.2
1580	25    	3612.1 	876.4 	5350.8
1581	25    	3635.06	2675.6	4358.8
1582	25    	3517.92	2632  	4971.2
1583	25    	3724.74	2622.8	4954.8
1584	25    	3682.18	2176  	4816.8
1585	25    	3915.02	2825.6	5937.6
1586	25    	3173.92	2112  	4066  
1587	25    	3588.08	2048  	4793.2
1588	25    	3968.11	2380.4	5518  
1589	25    	3783.62	2016.8	5441.2
1590	25    	3528.51	2683.2	4633.6
1591	25    	3708.82	2182.8	5471.2
1592	25    	3450.18	630   	4449.2
1593	25    	3683.31	2361.6	5654.8
1594	25    	3533.2 	2220  	5376.4
1595	25    	3689.89	2751.6	4692  
1596	25    	3540   	2345.6	5228  
1597	25    	3527.34	1807.2	5068.4
1598	25    	3503.73	1012.4	4589.6
1599	25    	3569.63	2491.2	4964.8
1600	25    	3611.76	2460.8	5239.6
1601	25    	3833.97	2084  	5055.6
1602	25    	3490.96	1854.8	5432.8
1603	25    	3700.96	2544  	4970  
1604	25    	3530.83	2072  	5091.6
1605	25    	3520.86	2097.6	4750.4
1606	25    	3669.84	2257.6	5004.4
1607	25    	3912.02	3143.6	5076.8
1608	25    	3560.37	2706.4	4988.8
1609	25    	3651.58	2936.4	4755.2
1610	25    	3649.47	2334.4	5699.2
1611	25    	3825.82	2889.6	4874  
1612	25    	3613.42	2228  	4698  
1613	25    	3600.21	1770.8	4959.2
1614	25    	3810.35	2721.2	4979.2
1615	25    	3556.56	2126  	5870.8
1616	25    	3744.35	2742  	5094.8
1617	25    	3810.61	2540.8	5032.8
1618	25    	3602.56	2502  	4816.8
1619	25    	3721.18	2386.8	4486.4
1620	25    	3488.08	1983.2	5391.2
1621	25    	3789.74	1249.2	5079.2
1622	25    	3435.23	2424.8	4619.2
1623	25    	3540.8 	2201.6	5014.4
1624	25    	3773.71	2709.2	4632  
1625	25    	3578.8 	2752.8	4850.8
1626	25    	3495.57	889.6 	4958.8
1627	25    	3464.35	2320.4	4533.2
1628	25    	3640.1 	2530.4	5840.4
1629	25    	3621.7 	2332  	5679.2
1630	25    	3535.38	2371.6	4502.8
1631	25    	3777.9 	2376  	5024  
1632	25    	3473.87	2146.4	4943.6
1633	25    	3731.18	2257.2	5177.2
1634	25    	3779.38	2461.6	5517.6
1635	25    	3795.94	2492.4	4976.4
1636	25    	3470.99	1851.2	4447.6
1637	25    	3579.92	2706.8	4598.4
1638	25    	3502.93	2229.2	4764.4
1639	25    	3462.74	2150  	4643.6
1640	25    	3533.55	768   	5121.2
1641	25    	3514.8 	2184  	4740.8
1642	25    	3418.8 	2427.6	4849.2
1643	25    	3593.58	2425.6	4967.6
1644	25    	3851.36	2452  	5712.4
1645	25    	3549.38	2490  	4371.2
1646	25    	3610   	2524.8	4899.6
1647	25    	3656.96	2268.8	4831.2
1648	25    	3772.43	2652.4	5324  
1649	25    	3615.63	2120  	5491.2
1650	25    	3563.7 	2244  	5307.2
1651	25    	3366.96	2406  	4635.6
1652	25    	3617.86	2274.4	5127.6
1653	25    	3678.75	2231.6	4926.8
1654	25    	3675.47	614.4 	5173.6
1655	25    	3582.3 	1754  	4466.4
1656	25    	3418.67	2349.6	5019.6
1657	25    	3430.86	1658  	5289.2
1658	25    	3416.86	2322  	4278.4
1659	25    	3406.94	1217.6	4464.8
1660	25    	3488.05	2390.4	4978  
1661	25    	3543.3 	1313.6	5236.8
1662	25    	3765.39	1886.4	5702  
1663	25    	3642.66	2425.6	4834  
1664	25    	3679.12	2626.4	5300.8
1665	25    	3426.34	1531.6	5110.4
1666	25    	3489.41	560   	4906.8
1667	25    	3521.09	2476.4	5170.4
1668	25    	3544.3 	2520.8	5075.6
1669	25    	3502.83	2594  	5698  
1670	25    	3413.62	1278.4	4805.6
1671	25    	3740.7 	2569.2	4866.4
1672	25    	3553.02	2336  	4982  
1673	25    	3515.14	2259.2	4736  
1674	25    	3539.28	2544  	4488.8
1675	25    	3536.43	2319.6	4780.8
1676	25    	3585.87	2600.8	4658.4
1677	25    	3694.83	2430  	4980  
1678	25    	3531.17	2348.8	5311.2
1679	25    	3411.12	2552.8	5604  
1680	25    	3593.98	2306.4	5094.4
1681	25    	3436   	1977.6	4307.6
1682	25    	3693.73	2110.4	5299.2
1683	25    	3355.55	2116  	4822  
1684	25    	3365.18	1216.4	4412  
1685	25    	3617.41	2328.8	4647.6
1686	25    	3432.83	2426.4	4825.2
1687	25    	3767.1 	2003.6	4933.2
1688	25    	3307.79	1324  	4910.8
1689	25    	3526.34	2840.8	4347.2
1690	25    	3662.5 	2248.8	4829.6
1691	25    	3500.34	2447.2	4430  
1692	25    	3659.78	2536.8	5865.6
1693	25    	3437.26	1946.8	4953.6
1694	25    	3661.31	2248  	5076.4
1695	25    	3465.42	1820  	4956  
1696	25    	3774.93	1805.6	4910  
1697	25    	3370.69	1739.6	4264.4
1698	25    	3620.24	2369.6	5062  
1699	25    	3668.11	2648  	5390.4
1700	25    	3527.74	1735.6	4798  
1701	25    	3492.37	1902  	4816  
1702	25    	3166.74	1020  	4104.4
1703	25    	3674.75	2487.2	4875.2
1704	25    	3562.38	2333.6	5136.4
1705	25    	3748.37	2692.8	4727.2
1706	25    	3826.42	2510.8	5041.2
1707	25    	3385.22	2183.2	4894.4
1708	25    	3506.51	2941.6	4543.6
1709	25    	3699.81	2666.4	5525.6
1710	25    	3373.81	995.6 	4908.4
1711	25    	3456.7 	2233.2	4553.2
1712	25    	3526.45	2491.6	4484.4
1713	25    	3474.43	1408.4	4689.6
1714	25    	3511.78	2553.2	4762.8
1715	25    	3675.62	2354  	4795.2
1716	25    	3745.5 	2683.2	5748.8
1717	25    	3475.62	2207.6	4990  
1718	25    	3604.54	2184  	4931.6
1719	25    	3441.33	1044.4	4812  
1720	25    	3424.48	2230.8	4449.2
1721	25    	3389.71	2380.8	4832  
1722	25    	3830.13	2310.8	5209.6
1723	25    	3655.18	2468  	5184.8
1724	25    	3562.37	1876.4	5063.6
1725	25    	3526.69	2264  	4445.6
1726	25    	3726.5 	2739.2	5035.2
1727	25    	3633.81	2587.2	6039.2
1728	25    	3619.76	2195.6	5032.8
1729	25    	3469.28	2326  	5155.6
1730	25    	3425.38	2277.6	4945.6
1731	25    	3500.98	2758.4	4537.6
1732	25    	3885.63	2589.2	6222.4
1733	25    	3678.5 	2767.6	5348.8
1734	25    	3595.44	2224.8	5262  
1735	25    	3644.75	2909.6	5019.6
1736	25    	3591.98	2545.6	5844.4
1737	25    	3847.04	2630.4	6405.6
1738	25    	3605.6 	2537.2	4709.2
1739	25    	3755.74	2574  	4896  
1740	25    	3622   	2637.6	4791.6
1741	25    	3603.55	2056  	4674.4
1742	25    	3501.49	2562  	4683.6
1743	25    	3590.75	2023.6	5033.2
1744	25    	3261.33	1060.4	5175.2
1745	25    	3558.35	2474  	4598.4
1746	25    	3480.51	2432.4	4986.4
1747	25    	3609.46	2518  	5181.6
1748	25    	3370.88	1264.8	4727.6
1749	25    	3311.1 	2123.6	4288  
1750	25    	3564.94	2464.8	5382.4
1751	25    	3372.43	2301.2	4699.2
1752	25    	3266.45	2124  	4654.8
1753	25    	3463.81	1685.6	4795.2
1754	25    	3529.78	1700  	5212  
1755	25    	3543.31	2044.4	4567.6
1756	25    	3784.38	2088.4	5650  
1757	25    	3519.14	1962.4	5690.4
1758	25    	3443.23	2329.2	4820.4
1759	25    	3643.87	1770.4	5271.2
1760	25    	3713.82	2420.8	4843.6
1761	25    	3511.82	2576.4	4622.8
1762	25    	3649.7 	2330.8	4677.6
1763	25    	3679.98	2471.6	5347.2
1764	25    	3695.9 	2059.2	5569.2
1765	25    	3792.34	2270.8	4831.2
1766	25    	3688.96	2392.8	4775.6
1767	25    	3613.97	2429.2	5165.6
1768	25    	3421.14	515.2 	4881.2
1769	25    	3402.58	2544.4	4426.8
1770	25    	3505.39	2702  	5590  
1771	25    	3647.57	1684.4	6410.4
1772	25    	3586.88	1873.2	5666.4
1773	25    	3512.1 	2152.8	4739.2
1774	25    	3622.02	1652.8	5058  
1775	25    	3635.81	2114.4	5342  
1776	25    	3575.33	721.2 	5195.2
1777	25    	3991.15	2048.8	5774.8
1778	25    	3712.66	2432.4	5070.8
1779	25    	3719.71	1949.2	5014  
1780	25    	3691.3 	2182.4	5399.6
1781	25    	3862.53	3007.2	5167.6
1782	25    	3493.44	1312.8	5108.4
1783	25    	3614.4 	1705.2	4919.2
1784	25    	3836.42	2692  	4883.6
1785	25    	3682.59	2744.8	4811.2
1786	25    	3749.04	2538  	4828.4
1787	25    	3667.9 	1777.6	5102.8
1788	25    	3665.65	2908.4	4992.8
1789	25    	3460.11	2177.2	5001.2
1790	25    	3862.64	2781.2	5546.8
1791	25    	3592.05	2198  	5704.8
1792	25    	3549.54	2922  	5132.8
1793	25    	3602.58	2288  	4999.6
1794	25    	3545.28	1931.6	5132  
1795	25    	3779.68	2642  	5468.8
1796	25    	3699.12	915.2 	5420.4
1797	25    	3436.05	2464.4	4541.6
1798	25    	3400.59	2431.2	4899.2
1799	25    	3694.86	2213.2	4559.6
1800	25    	3483.63	2117.2	5288.8
1801	25    	3701.89	2622.8	5051.6
1802	25    	3786.5 	2738.8	5000  
1803	25    	3533.78	2142.4	5108  
1804	25    	3549.6 	1308.4	5137.6
1805	25    	3629.06	2605.6	4598.4
1806	25    	3884.67	2723.2	4973.6
1807	25    	3548.43	2196.8	4427.6
1808	25    	3745.17	2894.8	4929.6
1809	25    	3588.14	2656  	4609.6
1810	25    	3509.23	960.8 	5347.2
1811	25    	3654.96	1908  	5262.8
1812	25    	3628.02	2353.6	5367.6
1813	25    	3820.16	2354.8	4844.4
1814	25    	3459.94	1847.2	5098.8
1815	25    	3581.41	2038.4	4939.2
1816	25    	3703.42	2358.4	5239.2
1817	25    	3695.98	2140.8	5179.2
1818	25    	3559.94	2326.8	4749.2
1819	25    	3806.11	2776.4	5365.6
1820	25    	3548.54	2453.6	4319.2
1821	25    	3465.12	2124.8	5462.4
1822	25    	3470.82	1716  	4598  
1823	25    	3639.97	2084  	4804  
1824	25    	3717.22	2740.4	4936  
1825	25    	3661.89	2215.6	5683.2
1826	25    	3420.45	2258.8	4528  
1827	25    	3726.48	2582.4	4861.6
1828	25    	3632.3 	2595.2	4809.6
1829	25    	3603.09	2708.8	5146.4
1830	25    	3660.3 	2686.8	5019.2
1831	25    	3538.83	2520.8	4501.2
1832	25    	3839.73	3188.8	5666.8
1833	25    	3465.01	2423.2	4684.8
1834	25    	3766.56	2085.6	4998  
1835	25    	3745.94	2554.8	5585.6
1836	25    	3636.56	2807.6	4846  
1837	25    	3430.96	2227.6	4788.8
1838	25    	3646.75	2738  	4923.6
1839	25    	3473.18	2354.4	5265.2
1840	25    	3441.01	2154  	4630  
1841	25    	3530.77	2252.8	4749.6
1842	25    	3750.75	2472.8	4730  
1843	25    	3669.81	2620.4	4784.8
1844	25    	3663.6 	2658.8	5308  
1845	25    	3566.22	1528.8	4748.4
1846	25    	3672.37	1993.2	5734  
1847	25    	3664.19	2411.2	5269.2
1848	25    	3603.46	1726  	5313.2
1849	25    	3754.19	2316  	4786  
1850	25    	3941.15	2435.6	5098  
1851	25    	3743.41	1948.8	4999.6
1852	25    	3652.59	2648  	5013.6
1853	25    	3448.88	2410.4	5660.4
1854	25    	3664.96	2149.6	4942.4
1855	25    	3642.51	929.6 	5451.6
1856	25    	3559.1 	1001.2	5214.8
1857	25    	3691.66	2388  	5181.2
1858	25    	3743.15	2814.8	4515.2
1859	25    	3560.14	2408  	5235.2
1860	25    	3592.13	2034.4	4643.6
1861	25    	3775.66	2794.8	5162.4
1862	25    	3490.03	1936.8	4480  
1863	25    	3816.59	1928.8	5511.2
1864	25    	3554.9 	2180  	4657.2
1865	25    	3547.58	2137.2	4667.2
1866	25    	3643.6 	2173.6	5013.6
1867	25    	3698.74	2759.6	4947.6
1868	25    	3733.31	2707.2	5075.6
1869	25    	3279.12	1170  	4542  
1870	25    	3208.14	847.6 	4536.8
1871	25    	3590.61	2890.8	4432.4
1872	25    	3623.28	2661.2	4764.4
1873	25    	3597.3 	1983.2	5212  
1874	25    	3335.25	1946.4	4494.8
1875	25    	3466.02	2515.6	4882  
1876	25    	3669.33	2432  	5877.6
1877	25    	3595.1 	2764.8	4838.4
1878	25    	3293.38	2516.8	4270.8
1879	25    	3713.68	2557.6	4681.2
1880	25    	3629.55	2094.8	5014.4
1881	25    	3741.14	2470.8	5250.4
1882	25    	3746.35	2477.6	5310  
1883	25    	3827.26	2364.8	5118.4
1884	25    	3719.39	2398  	4874.4
1885	25    	3645.52	2593.6	4680  
1886	25    	3603.79	2733.2	4597.2
1887	25    	3764.61	2094  	5465.2
1888	25    	3823.68	2030.8	5018.4
1889	25    	3701.07	2438.4	4941.6
1890	25    	3700.46	2213.2	5354  
1891	25    	3566.03	1760.4	4918  
1892	25    	3632.26	1909.2	6149.6
1893	25    	3757.89	2802.4	5138.4
1894	25    	3920.75	2425.6	5522.8
1895	25    	3817.42	2142.8	5198.8
1896	25    	3784.19	2586.8	4909.2
1897	25    	3782.54	2355.6	5128.4
1898	25    	3914.14	2484  	4949.6
1899	25    	3898.58	2210.8	5066.8
1900	25    	3698.37	1636.4	4977.6
1901	25    	3407.01	2436  	4511.6
1902	25    	3582.58	1422.4	4907.2
1903	25    	3884.86	2560.8	5496  
1904	25    	3603.1 	1322.4	4905.2
1905	25    	3622.96	2360  	5081.2
1906	25    	3703.9 	2348  	4969.6
1907	25    	3741.6 	2582.4	4987.2
1908	25    	3678.4 	1092  	4706.8
1909	25    	3791.87	2387.2	5646  
1910	25    	3855.7 	2444  	5906.8
1911	25    	3662.18	2030.4	5141.2
1912	25    	3869.34	1853.6	5490.4
1913	25    	3824.91	2984.8	5259.6
1914	25    	3767.65	2037.6	4830.8
1915	25    	3938.9 	2785.2	5986.4
1916	25    	3761.44	1208.4	5915.2
1917	25    	3921.68	2712  	5352.4
1918	25    	3824.43	2392.4	6040.8
1919	25    	3749.95	1006  	5077.6
1920	25    	3567.82	1278  	5495.2
1921	25    	4048.99	2878  	6168.8
1922	25    	4008.98	2676  	5770.8
1923	25    	3795.79	2518.8	5371.2
1924	25    	3813.82	2720.4	4867.6
1925	25    	3832.34	2593.2	4571.6
1926	25    	4260.86	2495.2	7646.4
1927	25    	4025.41	2802.4	5614  
1928	25    	3798.38	2852.8	5083.6
1929	25    	3718.4 	2584.8	4515.2
1930	25    	3921.22	922.8 	4644  
1931	25    	3740.4 	1510  	5843.6
1932	25    	3788.37	2853.2	4882  
1933	25    	3774.14	2479.2	5800.8
1934	25    	3784.13	2682.4	5606.8
1935	25    	3841.76	2706  	5832  
1936	25    	3720.59	2302.8	5160.4
1937	25    	3557.31	1126.4	5105.2
1938	25    	3510.08	2095.6	4868.8
1939	25    	3865.65	2352.8	5506.4
1940	25    	3847.5 	2845.6	5523.6
1941	25    	3768.34	2467.2	5532  
1942	25    	3676.13	2171.6	4563.2
1943	25    	3946.35	2433.2	6177.2
1944	25    	3620.91	2154  	5169.6
1945	25    	3686.88	2331.2	4990.4
1946	25    	3994.74	2729.2	5210  
1947	25    	3912.06	2855.6	5157.2
1948	25    	3592.11	1609.6	4940.4
1949	25    	3831.81	2337.2	5417.6
1950	25    	3809.52	2860.4	5120.8
1951	25    	3802.9 	1568.8	4779.6
1952	25    	3826.5 	2575.2	6414  
1953	25    	3806.64	2185.6	5460  
1954	25    	3961.07	2627.6	5157.2
1955	25    	3928.56	2118.8	5978.8
1956	25    	3733.92	2290.4	5337.2
1957	25    	3708.18	841.6 	5762.8
1958	25    	4087.84	743.2 	6231.2
1959	25    	3699.31	2124.8	5573.6
1960	25    	3475.9 	2306  	5812  
1961	25    	3923.9 	2452.4	5048  
1962	25    	3541.6 	1351.6	5132  
1963	25    	3848.83	2586  	4878.8
1964	25    	3760.54	2512.8	5257.2
1965	25    	4018.03	2504.4	5330  
1966	25    	3857.38	1930.4	5197.6
1967	25    	3696.13	1168.4	5015.6
1968	25    	3738.93	2616  	6038.8
1969	25    	4029.6 	2941.2	5155.6
1970	25    	3848.35	2390.4	5619.2
1971	25    	3723.28	2854.4	4918  
1972	25    	3799.38	2794.8	5142.8
1973	25    	3740.66	2692.4	5626.8
1974	25    	3705.92	1446.8	5372.8
1975	25    	3760.9 	1621.2	5923.6
1976	25    	3663.97	2226.8	5641.6
1977	25    	3710.91	2545.6	5370  
1978	25    	3358.75	2318  	4253.2
1979	25    	3701.97	2552  	5276.4
1980	25    	3490.43	2464  	5385.2
1981	25    	3696.21	2475.6	6323.6
1982	25    	3602.59	1248.4	5420.8
1983	25    	3870.99	1922  	5133.6
1984	25    	3752   	2831.2	4988.8
1985	25    	3770.37	2828  	5144  
1986	25    	3515.18	1658.4	4867.2
1987	25    	3724.53	2498.8	4931.2
1988	25    	3586.67	2504.4	4680.8
1989	25    	3922.4 	2971.2	5835.6
1990	25    	3887.23	2870.4	5109.2
1991	25    	3954.22	2314.4	5724  
1992	25    	3750.74	2314  	4861.2
1993	25    	3690.91	2809.2	4630  
1994	25    	3825.89	2432.8	5694.4
1995	25    	3873.31	2524  	5434.8
1996	25    	3970.13	2712.8	5824.4
1997	25    	3722.42	1545.6	5817.2
1998	25    	3775.86	2515.6	5089.6
1999	25    	3673.02	2636.4	4790.8
2000	25    	3787.86	2837.6	5292  