gen	nevals	avg      	min       	max      
0  	25    	0.009    	0         	0.0804688
1  	25    	0.0208438	0         	0.0976562
2  	25    	0.0499375	0.0078125 	0.173438 
3  	25    	0.0970625	0.00546875	0.370313 
4  	25    	0.111781 	0.0078125 	0.554688 
5  	25    	0.193469 	0.0570313 	0.896875 
6  	25    	0.1615   	0.00859375	0.730469 
7  	25    	0.196375 	0.0078125 	0.852344 
8  	25    	0.243969 	0.0078125 	0.853125 
9  	25    	0.241125 	0.00859375	0.836719 
10 	25    	0.262344 	0.0078125 	0.808594 
11 	25    	0.279625 	0.00859375	0.792969 
12 	25    	0.346906 	0.0078125 	0.823438 
13 	25    	0.400219 	0.0078125 	0.9375   
14 	25    	0.467813 	0.0078125 	0.877344 
15 	25    	0.637906 	0.0078125 	0.860937 
16 	25    	0.585219 	0.00859375	0.878125 
17 	25    	0.615031 	0.0078125 	0.9      
18 	25    	0.59675  	0.0132813 	0.93125  
19 	25    	0.732938 	0.464063  	0.942969 
20 	25    	0.6895   	0.0078125 	0.982031 
21 	25    	0.699156 	0.0679687 	0.95     
22 	25    	0.704688 	0.5       	0.903906 
23 	25    	0.680813 	0.0078125 	0.870313 
24 	25    	0.688031 	0.0507812 	0.909375 
25 	25    	0.754531 	0.498437  	0.93125  
26 	25    	0.723437 	0.557813  	0.950781 
27 	25    	0.62075  	0.0078125 	0.978906 
28 	25    	0.644594 	0.0078125 	0.894531 
29 	25    	0.610187 	0.0101562 	0.964063 
30 	25    	0.635688 	0.0109375 	0.964063 
31 	25    	0.554969 	0.0078125 	0.903906 
32 	25    	0.668719 	0.0140625 	0.940625 
33 	25    	0.781375 	0.601562  	0.923437 
34 	25    	0.673406 	0.0078125 	0.924219 
35 	25    	0.673125 	0.0078125 	1        
36 	25    	0.670719 	0.0679687 	0.915625 
37 	25    	0.71575  	0.0078125 	0.955469 
38 	25    	0.602375 	0.0078125 	0.932031 
39 	25    	0.654688 	0.0078125 	0.954687 
40 	25    	0.653938 	0.0078125 	0.949219 
41 	25    	0.679812 	0.0078125 	0.973437 
42 	25    	0.598313 	0.0078125 	0.870313 
43 	25    	0.591    	0.009375  	0.93125  
44 	25    	0.664    	0.0078125 	0.894531 
45 	25    	0.600812 	0.0078125 	0.953125 
46 	25    	0.661937 	0.0867188 	0.88125  
47 	25    	0.758625 	0.0953125 	0.940625 
48 	25    	0.662531 	0.0078125 	0.946875 
49 	25    	0.660625 	0.0078125 	0.913281 
50 	25    	0.6175   	0.0078125 	0.907031 
51 	25    	0.691844 	0.111719  	0.953906 
52 	25    	0.747531 	0.465625  	0.915625 
53 	25    	0.648531 	0.0078125 	0.970312 
54 	25    	0.694375 	0.0078125 	0.985156 
55 	25    	0.705313 	0.105469  	0.930469 
56 	25    	0.658094 	0.0078125 	0.989062 
57 	25    	0.7325   	0.0078125 	0.936719 
58 	25    	0.697062 	0.0523437 	0.978125 
59 	25    	0.747281 	0.0078125 	0.98125  
60 	25    	0.606656 	0.0078125 	0.839063 
61 	25    	0.624156 	0.00859375	0.858594 
62 	25    	0.675781 	0.0078125 	0.892187 
63 	25    	0.730156 	0.0078125 	0.953125 
64 	25    	0.737437 	0.110937  	0.946094 
65 	25    	0.720469 	0.0335938 	0.967969 
66 	25    	0.741906 	0.0078125 	0.946875 
67 	25    	0.670375 	0.0078125 	0.964063 
68 	25    	0.7165   	0.0796875 	0.886719 
69 	25    	0.698    	0.0078125 	0.9625   
70 	25    	0.645969 	0.0625    	0.885156 
71 	25    	0.631562 	0.0078125 	0.940625 
72 	25    	0.690562 	0.0109375 	0.910937 
73 	25    	0.718531 	0.430469  	0.934375 
74 	25    	0.652906 	0.0078125 	0.994531 
75 	25    	0.679531 	0.0101562 	0.954687 
76 	25    	0.66075  	0.0132813 	0.907031 
77 	25    	0.732812 	0.505469  	0.929688 
78 	25    	0.646625 	0.0859375 	0.923437 
79 	25    	0.683812 	0.009375  	0.927344 
80 	25    	0.72925  	0.0078125 	0.984375 
81 	25    	0.698062 	0.0078125 	0.884375 
82 	25    	0.66125  	0.0320312 	0.860156 
83 	25    	0.666312 	0.06875   	0.991406 
84 	25    	0.683344 	0.0117188 	0.976562 
85 	25    	0.636125 	0.0171875 	0.914844 
86 	25    	0.68675  	0.0078125 	0.994531 
87 	25    	0.616969 	0.0078125 	0.957031 
88 	25    	0.732687 	0.459375  	0.920313 
89 	25    	0.698969 	0.0078125 	0.967188 
90 	25    	0.717938 	0.475781  	0.921094 
91 	25    	0.730281 	0.0078125 	0.964844 
92 	25    	0.649469 	0.0078125 	0.98125  
93 	25    	0.654719 	0.0109375 	0.971094 
94 	25    	0.651219 	0.0109375 	0.909375 
95 	25    	0.707    	0.00859375	0.969531 
96 	25    	0.677906 	0.0078125 	0.984375 
97 	25    	0.671656 	0.0078125 	0.916406 
98 	25    	0.700562 	0.0078125 	0.974219 
99 	25    	0.681531 	0.0078125 	0.978125 
100	25    	0.635813 	0.00859375	0.929688 
101	25    	0.654156 	0.0078125 	0.975781 
102	25    	0.669375 	0.0078125 	0.942187 
103	25    	0.726656 	0.0101562 	0.979688 
104	25    	0.640875 	0.0117188 	0.891406 
105	25    	0.622875 	0.0078125 	0.923437 
106	25    	0.625687 	0.0078125 	0.958594 
107	25    	0.727375 	0.544531  	0.972656 
108	25    	0.670156 	0.0921875 	0.871875 
109	25    	0.61825  	0.0078125 	0.928125 
110	25    	0.67625  	0.0078125 	0.95     
111	25    	0.701375 	0.0078125 	0.994531 
112	25    	0.738719 	0.486719  	0.973437 
113	25    	0.674188 	0.0703125 	0.979688 
114	25    	0.708625 	0.0835937 	0.880469 
115	25    	0.583938 	0.0078125 	0.865625 
116	25    	0.718562 	0.0914062 	0.942187 
117	25    	0.748719 	0.554688  	0.95     
118	25    	0.691375 	0.0078125 	0.971094 
119	25    	0.726906 	0.407813  	0.929688 
120	25    	0.682406 	0.0132813 	0.9625   
121	25    	0.712969 	0.482812  	0.925781 
122	25    	0.641937 	0.0101562 	0.921875 
123	25    	0.657656 	0.0078125 	0.902344 
124	25    	0.666812 	0.0078125 	0.892969 
125	25    	0.680187 	0.0078125 	0.974219 
126	25    	0.619625 	0.0078125 	0.857031 
127	25    	0.716719 	0.0265625 	0.899219 
128	25    	0.578812 	0.00859375	0.927344 
129	25    	0.709969 	0.0859375 	0.9875   
130	25    	0.666656 	0.0195312 	0.921875 
131	25    	0.635344 	0.0078125 	0.978906 
132	25    	0.741156 	0.478906  	0.896094 
133	25    	0.651375 	0.053125  	0.955469 
134	25    	0.685219 	0.0078125 	0.953125 
135	25    	0.59325  	0.0078125 	0.991406 
136	25    	0.609625 	0.009375  	0.936719 
137	25    	0.707969 	0.015625  	0.9875   
138	25    	0.668594 	0.021875  	0.951563 
139	25    	0.680344 	0.0078125 	0.919531 
140	25    	0.710969 	0.0078125 	0.905469 
141	25    	0.680531 	0.0546875 	0.920313 
142	25    	0.701219 	0.0679687 	0.9125   
143	25    	0.676562 	0.0078125 	0.8875   
144	25    	0.726469 	0.460938  	0.909375 
145	25    	0.702375 	0.0203125 	0.932031 
146	25    	0.560094 	0.0078125 	0.982031 
147	25    	0.643188 	0.0117188 	0.933594 
148	25    	0.687719 	0.0171875 	0.925    
149	25    	0.692062 	0.0078125 	0.930469 
150	25    	0.604406 	0.0078125 	0.989062 
151	25    	0.695125 	0.0078125 	0.939844 
152	25    	0.750031 	0.544531  	0.94375  
153	25    	0.702563 	0.0078125 	0.928125 
154	25    	0.607344 	0.0078125 	0.925781 
155	25    	0.690188 	0.0109375 	0.908594 
156	25    	0.767281 	0.564062  	0.953125 
157	25    	0.686813 	0.0078125 	0.942969 
158	25    	0.692187 	0.0117188 	0.971875 
159	25    	0.717594 	0.0375    	0.946875 
160	25    	0.658938 	0.0921875 	0.936719 
161	25    	0.740281 	0.059375  	0.950781 
162	25    	0.69625  	0.0734375 	0.864062 
163	25    	0.656156 	0.0078125 	0.982813 
164	25    	0.746406 	0.478906  	0.930469 
165	25    	0.661656 	0.0078125 	0.891406 
166	25    	0.781281 	0.602344  	0.942187 
167	25    	0.65975  	0.0078125 	0.93125  
168	25    	0.670719 	0.0109375 	0.921094 
169	25    	0.668094 	0.0078125 	0.976562 
170	25    	0.664875 	0.0078125 	0.901563 
171	25    	0.527344 	0.0117188 	0.878906 
172	25    	0.505844 	0.009375  	0.984375 
173	25    	0.681188 	0.0234375 	0.997656 
174	25    	0.664312 	0.0078125 	0.898438 
175	25    	0.646469 	0.0078125 	0.915625 
176	25    	0.635719 	0.08125   	0.990625 
177	25    	0.671813 	0.0078125 	0.951563 
178	25    	0.653375 	0.0078125 	0.971875 
179	25    	0.641719 	0.0078125 	1        
180	25    	0.637812 	0.071875  	0.919531 
181	25    	0.715313 	0.009375  	0.985156 
182	25    	0.607875 	0.0078125 	0.882031 
183	25    	0.676062 	0.0609375 	0.892969 
184	25    	0.6735   	0.0078125 	0.964844 
185	25    	0.720406 	0.0164062 	0.921094 
186	25    	0.750656 	0.521094  	0.9125   
187	25    	0.719594 	0.009375  	0.965625 
188	25    	0.666969 	0.0117188 	0.964844 
189	25    	0.585344 	0.0078125 	0.886719 
190	25    	0.703438 	0.0078125 	0.922656 
191	25    	0.66875  	0.0078125 	0.935938 
192	25    	0.666063 	0.0078125 	0.985937 
193	25    	0.705437 	0.0273438 	0.948438 
194	25    	0.681719 	0.0078125 	0.916406 
195	25    	0.605344 	0.0078125 	0.951563 
196	25    	0.618438 	0.0078125 	0.922656 
197	25    	0.596719 	0.0078125 	0.925    
198	25    	0.638406 	0.0148437 	0.93125  
199	25    	0.704813 	0.0125    	0.896875 
200	25    	0.647875 	0.0109375 	0.947656 
201	25    	0.710187 	0.428906  	0.896094 
202	25    	0.749969 	0.009375  	0.99375  
203	25    	0.764781 	0.485938  	0.95625  
204	25    	0.653688 	0.0078125 	0.947656 
205	25    	0.704688 	0.0078125 	0.89375  
206	25    	0.616219 	0.0078125 	0.939844 
207	25    	0.665219 	0.0078125 	0.892969 
208	25    	0.601031 	0.0078125 	0.876562 
209	25    	0.646531 	0.00859375	0.990625 
210	25    	0.65525  	0.0078125 	0.915625 
211	25    	0.699875 	0.084375  	0.959375 
212	25    	0.75325  	0.50625   	0.907812 
213	25    	0.659375 	0.053125  	0.964844 
214	25    	0.630594 	0.0078125 	1        
215	25    	0.653781 	0.00859375	0.942969 
216	25    	0.588125 	0.0078125 	0.867969 
217	25    	0.68925  	0.126563  	0.903125 
218	25    	0.664844 	0.0078125 	0.895312 
219	25    	0.742281 	0.0078125 	0.961719 
220	25    	0.737563 	0.416406  	0.978125 
221	25    	0.673937 	0.0078125 	0.947656 
222	25    	0.7405   	0.0078125 	0.983594 
223	25    	0.694031 	0.0914062 	0.889063 
224	25    	0.647375 	0.0078125 	0.874219 
225	25    	0.699531 	0.0078125 	0.900781 
226	25    	0.689594 	0.0078125 	0.932813 
227	25    	0.667656 	0.0210938 	0.939062 
228	25    	0.684562 	0.0109375 	0.924219 
229	25    	0.6985   	0.0078125 	0.955469 
230	25    	0.737438 	0.0125    	0.994531 
231	25    	0.694125 	0.0078125 	0.939062 
232	25    	0.639813 	0.00859375	0.904688 
233	25    	0.659719 	0.0078125 	0.927344 
234	25    	0.68525  	0.0078125 	0.970312 
235	25    	0.704875 	0.00859375	0.935938 
236	25    	0.642219 	0.0789063 	0.857031 
237	25    	0.688688 	0.0078125 	0.9375   
238	25    	0.612375 	0.0078125 	0.946875 
239	25    	0.703719 	0.417969  	0.94375  
240	25    	0.664344 	0.040625  	0.922656 
241	25    	0.605094 	0.0078125 	0.945312 
242	25    	0.670031 	0.0078125 	0.932031 
243	25    	0.671625 	0.0078125 	0.953906 
244	25    	0.657562 	0.0078125 	0.8625   
245	25    	0.651406 	0.0078125 	0.891406 
246	25    	0.572344 	0.0078125 	0.989062 
247	25    	0.672656 	0.0484375 	1        
248	25    	0.723813 	0.0195312 	0.902344 
249	25    	0.66     	0.0078125 	0.835938 
250	25    	0.696    	0.0078125 	0.989844 
251	25    	0.760281 	0.0851562 	0.953125 
252	25    	0.679188 	0.0804688 	0.876562 
253	25    	0.72375  	0.0289063 	0.99375  
254	25    	0.763156 	0.071875  	0.986719 
255	25    	0.705906 	0.0757812 	0.971875 
256	25    	0.628312 	0.0078125 	0.945312 
257	25    	0.678344 	0.009375  	0.947656 
258	25    	0.580781 	0.0078125 	0.967188 
259	25    	0.685625 	0.0078125 	0.984375 
260	25    	0.744469 	0.4625    	0.985156 
261	25    	0.782469 	0.560938  	0.98125  
262	25    	0.701687 	0.0632813 	0.939062 
263	25    	0.703125 	0.059375  	0.934375 
264	25    	0.672063 	0.00859375	0.925781 
265	25    	0.604375 	0.00859375	0.946094 
266	25    	0.713094 	0.0078125 	0.932813 
267	25    	0.662344 	0.00859375	0.974219 
268	25    	0.731563 	0.0445312 	0.992969 
269	25    	0.6355   	0.0078125 	0.911719 
270	25    	0.721094 	0.0078125 	0.980469 
271	25    	0.64125  	0.0078125 	0.999219 
272	25    	0.656031 	0.0078125 	0.928906 
273	25    	0.694937 	0.0109375 	0.974219 
274	25    	0.719313 	0.0078125 	0.952344 
275	25    	0.64225  	0.0078125 	0.878906 
276	25    	0.74225  	0.110156  	0.967969 
277	25    	0.705875 	0.0101562 	0.946875 
278	25    	0.634313 	0.0078125 	0.9875   
279	25    	0.636969 	0.0078125 	0.973437 
280	25    	0.664344 	0.0078125 	0.974219 
281	25    	0.634938 	0.0078125 	0.925    
282	25    	0.684437 	0.0125    	0.934375 
283	25    	0.691812 	0.0789063 	0.895312 
284	25    	0.673687 	0.0648438 	0.9625   
285	25    	0.706813 	0.129688  	0.932813 
286	25    	0.647781 	0.0546875 	0.916406 
287	25    	0.622906 	0.009375  	0.960156 
288	25    	0.668844 	0.0078125 	0.867969 
289	25    	0.673031 	0.0140625 	0.9      
290	25    	0.738781 	0.54375   	0.960938 
291	25    	0.630625 	0.0078125 	0.871875 
292	25    	0.729094 	0.457812  	0.895312 
293	25    	0.583563 	0.0078125 	0.883594 
294	25    	0.717    	0.0078125 	0.971875 
295	25    	0.561531 	0.0078125 	0.875781 
296	25    	0.614688 	0.0101562 	0.925781 
297	25    	0.631719 	0.0078125 	0.875    
298	25    	0.682531 	0.0101562 	0.947656 
299	25    	0.709344 	0.0078125 	0.869531 
300	25    	0.674156 	0.0078125 	0.953125 
301	25    	0.635    	0.0078125 	0.903125 
302	25    	0.706563 	0.0679687 	0.900781 
303	25    	0.629688 	0.0078125 	0.94375  
304	25    	0.695125 	0.0078125 	0.965625 
305	25    	0.690781 	0.0078125 	0.899219 
306	25    	0.70875  	0.370313  	0.897656 
307	25    	0.642437 	0.0078125 	0.848437 
308	25    	0.705563 	0.0578125 	0.948438 
309	25    	0.655594 	0.0078125 	0.95625  
310	25    	0.701156 	0.0078125 	0.925    
311	25    	0.662125 	0.0078125 	0.934375 
312	25    	0.722875 	0.0078125 	0.945312 
313	25    	0.662156 	0.0078125 	0.878906 
314	25    	0.739625 	0.507812  	0.877344 
315	25    	0.717219 	0.514844  	0.854688 
316	25    	0.693781 	0.109375  	0.916406 
317	25    	0.722875 	0.114063  	0.932813 
318	25    	0.768844 	0.571875  	0.942969 
319	25    	0.721469 	0.434375  	0.965625 
320	25    	0.64675  	0.025     	0.930469 
321	25    	0.653563 	0.0078125 	0.992188 
322	25    	0.707344 	0.0078125 	0.910156 
323	25    	0.7135   	0.0078125 	0.878906 
324	25    	0.608688 	0.0078125 	0.982031 
325	25    	0.680875 	0.0078125 	0.971094 
326	25    	0.632312 	0.0078125 	0.961719 
327	25    	0.700531 	0.0859375 	0.873438 
328	25    	0.701781 	0.0078125 	0.99375  
329	25    	0.665375 	0.00859375	0.904688 
330	25    	0.760187 	0.0679687 	0.974219 
331	25    	0.734281 	0.486719  	0.960156 
332	25    	0.620594 	0.0078125 	0.836719 
333	25    	0.573812 	0.0078125 	0.916406 
334	25    	0.702062 	0.00859375	0.892187 
335	25    	0.643656 	0.0078125 	0.919531 
336	25    	0.731281 	0.0640625 	0.902344 
337	25    	0.717125 	0.530469  	0.877344 
338	25    	0.688937 	0.0078125 	0.980469 
339	25    	0.699687 	0.0117188 	0.978906 
340	25    	0.742469 	0.433594  	0.983594 
341	25    	0.64775  	0.00859375	0.925781 
342	25    	0.735031 	0.544531  	0.944531 
343	25    	0.74575  	0.417969  	0.9125   
344	25    	0.650438 	0.0078125 	0.913281 
345	25    	0.738062 	0.520312  	0.896094 
346	25    	0.695281 	0.0078125 	0.9125   
347	25    	0.695031 	0.078125  	0.95     
348	25    	0.682188 	0.0546875 	0.992969 
349	25    	0.700281 	0.0109375 	0.909375 
350	25    	0.664    	0.00859375	0.897656 
351	25    	0.724313 	0.06875   	0.957031 
352	25    	0.635688 	0.0078125 	0.946094 
353	25    	0.643594 	0.00859375	0.891406 
354	25    	0.688375 	0.0078125 	0.955469 
355	25    	0.619656 	0.0078125 	0.916406 
356	25    	0.625875 	0.0078125 	0.885938 
357	25    	0.671625 	0.0078125 	0.939062 
358	25    	0.673937 	0.0078125 	0.984375 
359	25    	0.647875 	0.0078125 	0.967969 
360	25    	0.643469 	0.0078125 	0.959375 
361	25    	0.700469 	0.0578125 	0.932813 
362	25    	0.717469 	0.0078125 	0.949219 
363	25    	0.730969 	0.0078125 	0.997656 
364	25    	0.644344 	0.0078125 	0.978125 
365	25    	0.700937 	0.0078125 	0.977344 
366	25    	0.666156 	0.0171875 	0.936719 
367	25    	0.694188 	0.0101562 	0.975    
368	25    	0.747125 	0.0757812 	0.955469 
369	25    	0.738656 	0.0695312 	0.99375  
370	25    	0.685656 	0.00859375	0.933594 
371	25    	0.592469 	0.015625  	0.958594 
372	25    	0.667469 	0.0078125 	0.948438 
373	25    	0.646062 	0.0078125 	0.870313 
374	25    	0.554094 	0.0140625 	0.914062 
375	25    	0.668937 	0.090625  	0.884375 
376	25    	0.691969 	0.009375  	0.971875 
377	25    	0.716    	0.0078125 	0.964844 
378	25    	0.737    	0.0078125 	0.970312 
379	25    	0.657594 	0.0117188 	0.989844 
380	25    	0.590156 	0.0078125 	0.976562 
381	25    	0.619344 	0.01875   	0.886719 
382	25    	0.743406 	0.460938  	0.936719 
383	25    	0.697187 	0.0078125 	0.950781 
384	25    	0.739125 	0.552344  	0.916406 
385	25    	0.670813 	0.0492188 	0.960938 
386	25    	0.689625 	0.0078125 	0.914062 
387	25    	0.60575  	0.0078125 	0.979688 
388	25    	0.74575  	0.4875    	0.957031 
389	25    	0.667031 	0.0539063 	0.946875 
390	25    	0.746125 	0.434375  	0.903125 
391	25    	0.724344 	0.0078125 	0.942187 
392	25    	0.633656 	0.009375  	0.867969 
393	25    	0.664094 	0.0679687 	0.946875 
394	25    	0.711406 	0.0890625 	0.986719 
395	25    	0.703031 	0.00859375	0.904688 
396	25    	0.664875 	0.0078125 	0.99375  
397	25    	0.724625 	0.0078125 	0.900781 
398	25    	0.701562 	0.0601562 	0.930469 
399	25    	0.683375 	0.0078125 	0.947656 
400	25    	0.632469 	0.00859375	0.970312 
401	25    	0.697281 	0.0640625 	0.946875 
402	25    	0.702656 	0.0132813 	0.892187 
403	25    	0.702031 	0.0734375 	0.953125 
404	25    	0.694906 	0.0601562 	0.929688 
405	25    	0.760156 	0.534375  	0.895312 
406	25    	0.639437 	0.0078125 	0.840625 
407	25    	0.660906 	0.0078125 	0.964063 
408	25    	0.652875 	0.0078125 	0.915625 
409	25    	0.619625 	0.0140625 	0.902344 
410	25    	0.730312 	0.04375   	0.903125 
411	25    	0.743406 	0.532031  	0.921875 
412	25    	0.664219 	0.0078125 	0.99375  
413	25    	0.691219 	0.0078125 	1        
414	25    	0.65175  	0.0078125 	0.899219 
415	25    	0.66125  	0.00859375	0.930469 
416	25    	0.700719 	0.0515625 	0.892187 
417	25    	0.712344 	0.400781  	0.913281 
418	25    	0.695219 	0.0078125 	0.883594 
419	25    	0.707281 	0.0726563 	0.948438 
420	25    	0.658344 	0.0101562 	0.971875 
421	25    	0.678563 	0.0078125 	0.9875   
422	25    	0.665344 	0.0078125 	0.957812 
423	25    	0.667406 	0.0703125 	0.840625 
424	25    	0.630125 	0.0078125 	0.907031 
425	25    	0.678187 	0.0078125 	0.989844 
426	25    	0.742625 	0.539062  	0.940625 
427	25    	0.647969 	0.0117188 	0.902344 
428	25    	0.716969 	0.0078125 	0.932813 
429	25    	0.701219 	0.0359375 	0.911719 
430	25    	0.641125 	0.0078125 	0.979688 
431	25    	0.657406 	0.0078125 	0.910156 
432	25    	0.679781 	0.078125  	0.977344 
433	25    	0.728219 	0.123438  	0.979688 
434	25    	0.731    	0.009375  	0.948438 
435	25    	0.732531 	0.00859375	0.919531 
436	25    	0.640281 	0.0078125 	0.995313 
437	25    	0.722875 	0.410156  	0.972656 
438	25    	0.630094 	0.0078125 	0.957812 
439	25    	0.632781 	0.0078125 	0.932031 
440	25    	0.663188 	0.0265625 	0.924219 
441	25    	0.603875 	0.0078125 	0.933594 
442	25    	0.656875 	0.0078125 	0.971875 
443	25    	0.710656 	0.0078125 	0.921094 
444	25    	0.702563 	0.0078125 	0.93125  
445	25    	0.540687 	0.0078125 	0.910937 
446	25    	0.598594 	0.0078125 	0.975781 
447	25    	0.723656 	0.53125   	0.972656 
448	25    	0.684438 	0.0078125 	0.960938 
449	25    	0.726063 	0.0078125 	0.942187 
450	25    	0.629625 	0.0078125 	0.902344 
451	25    	0.737094 	0.609375  	0.91875  
452	25    	0.733719 	0.0078125 	0.965625 
453	25    	0.759375 	0.575781  	0.904688 
454	25    	0.658844 	0.0078125 	0.919531 
455	25    	0.640031 	0.0101562 	0.892969 
456	25    	0.635188 	0.0078125 	0.900781 
457	25    	0.679469 	0.0078125 	0.959375 
458	25    	0.759594 	0.517187  	0.95625  
459	25    	0.640187 	0.0125    	0.902344 
460	25    	0.719031 	0.0671875 	0.921875 
461	25    	0.673438 	0.0078125 	0.91875  
462	25    	0.688375 	0.0078125 	0.957031 
463	25    	0.669281 	0.0078125 	0.9      
464	25    	0.667094 	0.0078125 	0.878125 
465	25    	0.700625 	0.0078125 	0.951563 
466	25    	0.630531 	0.0078125 	0.950781 
467	25    	0.694875 	0.0632813 	1        
468	25    	0.70475  	0.0078125 	0.919531 
469	25    	0.686344 	0.0078125 	0.966406 
470	25    	0.74275  	0.4       	0.988281 
471	25    	0.697812 	0.00859375	0.901563 
472	25    	0.665875 	0.0304688 	0.971875 
473	25    	0.600531 	0.009375  	0.885156 
474	25    	0.721594 	0.0078125 	0.957812 
475	25    	0.711344 	0.0078125 	0.994531 
476	25    	0.67825  	0.0648438 	0.924219 
477	25    	0.609594 	0.0078125 	0.973437 
478	25    	0.734094 	0.0125    	0.96875  
479	25    	0.675219 	0.0078125 	0.922656 
480	25    	0.542469 	0.0078125 	0.892187 
481	25    	0.735156 	0.439063  	0.959375 
482	25    	0.638    	0.0117188 	0.928125 
483	25    	0.670531 	0.0078125 	0.914844 
484	25    	0.717406 	0.0078125 	0.950781 
485	25    	0.707063 	0.0078125 	0.934375 
486	25    	0.751125 	0.435937  	0.978125 
487	25    	0.6925   	0.148438  	0.957031 
488	25    	0.719406 	0.4625    	0.90625  
489	25    	0.648875 	0.0078125 	0.965625 
490	25    	0.695844 	0.507031  	0.921094 
491	25    	0.694188 	0.0078125 	0.878125 
492	25    	0.666656 	0.0078125 	0.95625  
493	25    	0.572469 	0.0078125 	0.996094 
494	25    	0.565344 	0.00859375	0.910156 
495	25    	0.720969 	0.408594  	0.932813 
496	25    	0.671906 	0.025     	0.986719 
497	25    	0.686281 	0.0078125 	0.9625   
498	25    	0.675094 	0.0078125 	0.873438 
499	25    	0.6525   	0.00859375	0.894531 
500	25    	0.732219 	0.0640625 	0.9875   