gen	nevals	avg      	min      	max     
0  	25    	0.0199167	0        	0.227344
1  	25    	0.0348958	0.003125 	0.227344
2  	25    	0.0406354	0.003125 	0.227344
3  	25    	0.0482292	0.0078125	0.227344
4  	25    	0.0601458	0.0078125	0.227344
5  	25    	0.0681667	0.0078125	0.227344
6  	25    	0.0821042	0.0309896	0.227344
7  	25    	0.0885625	0.0309896	0.227344
8  	25    	0.0961771	0.0309896	0.227344
9  	25    	0.101083 	0.0333333	0.227344
10 	25    	0.119906 	0.0523437	0.460938
11 	25    	0.128719 	0.0528646	0.460938
12 	25    	0.132021 	0.0528646	0.460938
13 	25    	0.133771 	0.0627604	0.460938
14 	25    	0.134115 	0.0664062	0.460938
15 	25    	0.136531 	0.0671875	0.460938
16 	25    	0.141896 	0.0671875	0.460938
17 	25    	0.144979 	0.0671875	0.460938
18 	25    	0.155948 	0.0671875	0.460938
19 	25    	0.164208 	0.0671875	0.460938
20 	25    	0.172344 	0.0671875	0.460938
21 	25    	0.179052 	0.0671875	0.460938
22 	25    	0.18874  	0.0684896	0.460938
23 	25    	0.203604 	0.0684896	0.646354
24 	25    	0.212635 	0.0979167	0.646354
25 	25    	0.217594 	0.101042 	0.646354
26 	25    	0.222531 	0.101042 	0.719271
27 	25    	0.237698 	0.10625  	0.719271
28 	25    	0.238417 	0.10625  	0.719271
29 	25    	0.265375 	0.10625  	0.719271
30 	25    	0.279417 	0.10625  	0.719271
31 	25    	0.283042 	0.10625  	0.719271
32 	25    	0.315448 	0.10625  	0.847656
33 	25    	0.340708 	0.10625  	0.847656
34 	25    	0.340708 	0.10625  	0.847656
35 	25    	0.347594 	0.10625  	0.847656
36 	25    	0.364604 	0.10625  	0.847656
37 	25    	0.375313 	0.10625  	0.847656
38 	25    	0.384604 	0.10625  	0.847656
39 	25    	0.392406 	0.10625  	0.847656
40 	25    	0.395281 	0.10625  	0.847656
41 	25    	0.407177 	0.10625  	0.847656
42 	25    	0.418042 	0.10625  	0.847656
43 	25    	0.423146 	0.10625  	0.847656
44 	25    	0.432479 	0.10625  	0.847656
45 	25    	0.439375 	0.10625  	0.847656
46 	25    	0.445125 	0.10625  	0.847656
47 	25    	0.46125  	0.10625  	0.847656
48 	25    	0.481896 	0.10625  	0.847656
49 	25    	0.485104 	0.145052 	0.847656
50 	25    	0.49049  	0.145052 	0.847656
51 	25    	0.507958 	0.145052 	0.847656
52 	25    	0.511208 	0.145052 	0.847656
53 	25    	0.514552 	0.145052 	0.847656
54 	25    	0.517823 	0.145052 	0.847656
55 	25    	0.521094 	0.145052 	0.847656
56 	25    	0.530552 	0.145052 	0.847656
57 	25    	0.530719 	0.145052 	0.847656
58 	25    	0.536844 	0.145052 	0.878125
59 	25    	0.544719 	0.145052 	0.878125
60 	25    	0.54776  	0.145052 	0.878125
61 	25    	0.567646 	0.145052 	0.878125
62 	25    	0.580802 	0.145052 	0.878125
63 	25    	0.600771 	0.145052 	0.878125
64 	25    	0.61949  	0.145052 	0.878125
65 	25    	0.621458 	0.145052 	0.878125
66 	25    	0.626198 	0.145052 	0.878125
67 	25    	0.639813 	0.145052 	0.878125
68 	25    	0.651292 	0.215365 	0.878125
69 	25    	0.657969 	0.215365 	0.878125
70 	25    	0.657979 	0.215365 	0.878125
71 	25    	0.658792 	0.215365 	0.878125
72 	25    	0.673125 	0.215365 	0.878125
73 	25    	0.686781 	0.30625  	0.878125
74 	25    	0.691844 	0.30625  	0.878125
75 	25    	0.693438 	0.30625  	0.891667
76 	25    	0.693438 	0.30625  	0.891667
77 	25    	0.696302 	0.30625  	0.891667
78 	25    	0.704802 	0.30625  	0.891667
79 	25    	0.714042 	0.30625  	0.891667
80 	25    	0.716698 	0.30625  	0.891667
81 	25    	0.720521 	0.30625  	0.922917
82 	25    	0.720521 	0.30625  	0.922917
83 	25    	0.720521 	0.30625  	0.922917
84 	25    	0.721615 	0.310156 	0.922917
85 	25    	0.721615 	0.310156 	0.922917
86 	25    	0.73149  	0.420312 	0.922917
87 	25    	0.73149  	0.420312 	0.922917
88 	25    	0.745469 	0.420312 	0.922917
89 	25    	0.750885 	0.420312 	0.922917
90 	25    	0.750885 	0.420312 	0.922917
91 	25    	0.756854 	0.420312 	0.922917
92 	25    	0.756854 	0.420312 	0.922917
93 	25    	0.763667 	0.420312 	0.922917
94 	25    	0.767375 	0.420312 	0.922917
95 	25    	0.767375 	0.420312 	0.922917
96 	25    	0.769531 	0.420312 	0.922917
97 	25    	0.771406 	0.420312 	0.922917
98 	25    	0.772542 	0.420312 	0.926823
99 	25    	0.778948 	0.420312 	0.926823
100	25    	0.787573 	0.420312 	0.926823
101	25    	0.78899  	0.420312 	0.926823
102	25    	0.800458 	0.420312 	0.926823
103	25    	0.809771 	0.496615 	0.926823
104	25    	0.81825  	0.496615 	0.926823
105	25    	0.81825  	0.496615 	0.926823
106	25    	0.819271 	0.496615 	0.926823
107	25    	0.822167 	0.496615 	0.926823
108	25    	0.822167 	0.496615 	0.926823
109	25    	0.8245   	0.496615 	0.939583
110	25    	0.8245   	0.496615 	0.939583
111	25    	0.8245   	0.496615 	0.939583
112	25    	0.8245   	0.496615 	0.939583
113	25    	0.826063 	0.496615 	0.939583
114	25    	0.829354 	0.496615 	0.939583
115	25    	0.832833 	0.496615 	0.939583
116	25    	0.840896 	0.496615 	0.94375 
117	25    	0.840896 	0.496615 	0.94375 
118	25    	0.842135 	0.496615 	0.94375 
119	25    	0.842313 	0.496615 	0.94375 
120	25    	0.842313 	0.496615 	0.94375 
121	25    	0.842313 	0.496615 	0.94375 
122	25    	0.846146 	0.496615 	0.94375 
123	25    	0.847344 	0.496615 	0.94375 
124	25    	0.848313 	0.496615 	0.94375 
125	25    	0.848313 	0.496615 	0.94375 
126	25    	0.848313 	0.496615 	0.94375 
127	25    	0.848313 	0.496615 	0.94375 
128	25    	0.848313 	0.496615 	0.94375 
129	25    	0.848875 	0.496615 	0.94375 
130	25    	0.852135 	0.496615 	0.94375 
131	25    	0.852135 	0.496615 	0.94375 
132	25    	0.855052 	0.496615 	0.94375 
133	25    	0.862688 	0.680208 	0.94375 
134	25    	0.863333 	0.680208 	0.94375 
135	25    	0.863333 	0.680208 	0.94375 
136	25    	0.863854 	0.680208 	0.94375 
137	25    	0.863854 	0.680208 	0.94375 
138	25    	0.863854 	0.680208 	0.94375 
139	25    	0.863854 	0.680208 	0.94375 
140	25    	0.863854 	0.680208 	0.94375 
141	25    	0.864167 	0.680208 	0.94375 
142	25    	0.864167 	0.680208 	0.94375 
143	25    	0.864167 	0.680208 	0.94375 
144	25    	0.867146 	0.680208 	0.94375 
145	25    	0.868792 	0.680208 	0.94375 
146	25    	0.869542 	0.680208 	0.94375 
147	25    	0.869542 	0.680208 	0.94375 
148	25    	0.869552 	0.680208 	0.94375 
149	25    	0.869552 	0.680208 	0.94375 
150	25    	0.869552 	0.680208 	0.94375 
151	25    	0.869552 	0.680208 	0.94375 
152	25    	0.870729 	0.680208 	0.94375 
153	25    	0.870729 	0.680208 	0.94375 
154	25    	0.870729 	0.680208 	0.94375 
155	25    	0.873854 	0.680208 	0.94375 
156	25    	0.873854 	0.680208 	0.94375 
157	25    	0.877156 	0.680208 	0.94375 
158	25    	0.877156 	0.680208 	0.94375 
159	25    	0.879667 	0.680208 	0.94375 
160	25    	0.881125 	0.680208 	0.94375 
161	25    	0.888531 	0.680208 	0.961979
162	25    	0.888531 	0.680208 	0.961979
163	25    	0.888531 	0.680208 	0.961979
164	25    	0.888531 	0.680208 	0.961979
165	25    	0.890646 	0.680208 	0.961979
166	25    	0.890646 	0.680208 	0.961979
167	25    	0.890646 	0.680208 	0.961979
168	25    	0.890969 	0.680208 	0.961979
169	25    	0.891302 	0.680208 	0.961979
170	25    	0.891302 	0.680208 	0.961979
171	25    	0.892969 	0.680208 	0.961979
172	25    	0.896083 	0.726823 	0.961979
173	25    	0.896083 	0.726823 	0.961979
174	25    	0.896083 	0.726823 	0.961979
175	25    	0.896083 	0.726823 	0.961979
176	25    	0.896083 	0.726823 	0.961979
177	25    	0.898104 	0.726823 	0.961979
178	25    	0.898938 	0.726823 	0.961979
179	25    	0.898938 	0.726823 	0.961979
180	25    	0.898938 	0.726823 	0.961979
181	25    	0.902979 	0.726823 	0.961979
182	25    	0.904833 	0.726823 	0.961979
183	25    	0.904833 	0.726823 	0.961979
184	25    	0.904969 	0.726823 	0.961979
185	25    	0.904969 	0.726823 	0.961979
186	25    	0.904969 	0.726823 	0.961979
187	25    	0.904969 	0.726823 	0.961979
188	25    	0.904969 	0.726823 	0.961979
189	25    	0.905552 	0.726823 	0.961979
190	25    	0.905552 	0.726823 	0.961979
191	25    	0.905552 	0.726823 	0.961979
192	25    	0.90774  	0.726823 	0.961979
193	25    	0.90774  	0.726823 	0.961979
194	25    	0.907896 	0.726823 	0.961979
195	25    	0.907896 	0.726823 	0.961979
196	25    	0.90826  	0.726823 	0.961979
197	25    	0.90826  	0.726823 	0.961979
198	25    	0.909906 	0.726823 	0.980729
199	25    	0.909906 	0.726823 	0.980729
200	25    	0.909906 	0.726823 	0.980729
201	25    	0.910188 	0.726823 	0.980729
202	25    	0.910865 	0.726823 	0.980729
203	25    	0.910865 	0.726823 	0.980729
204	25    	0.910865 	0.726823 	0.980729
205	25    	0.910865 	0.726823 	0.980729
206	25    	0.910865 	0.726823 	0.980729
207	25    	0.910865 	0.726823 	0.980729
208	25    	0.910865 	0.726823 	0.980729
209	25    	0.910865 	0.726823 	0.980729
210	25    	0.910865 	0.726823 	0.980729
211	25    	0.910865 	0.726823 	0.980729
212	25    	0.911469 	0.726823 	0.980729
213	25    	0.911469 	0.726823 	0.980729
214	25    	0.911469 	0.726823 	0.980729
215	25    	0.911469 	0.726823 	0.980729
216	25    	0.911469 	0.726823 	0.980729
217	25    	0.911469 	0.726823 	0.980729
218	25    	0.911469 	0.726823 	0.980729
219	25    	0.912    	0.726823 	0.980729
220	25    	0.912    	0.726823 	0.980729
221	25    	0.912    	0.726823 	0.980729
222	25    	0.912    	0.726823 	0.980729
223	25    	0.912    	0.726823 	0.980729
224	25    	0.912    	0.726823 	0.980729
225	25    	0.912    	0.726823 	0.980729
226	25    	0.912313 	0.726823 	0.980729
227	25    	0.912313 	0.726823 	0.980729
228	25    	0.912313 	0.726823 	0.980729
229	25    	0.9125   	0.73151  	0.980729
230	25    	0.9125   	0.73151  	0.980729
231	25    	0.9125   	0.73151  	0.980729
232	25    	0.9125   	0.73151  	0.980729
233	25    	0.9125   	0.73151  	0.980729
234	25    	0.914615 	0.73151  	0.980729
235	25    	0.914615 	0.73151  	0.980729
236	25    	0.914615 	0.73151  	0.980729
237	25    	0.914615 	0.73151  	0.980729
238	25    	0.915917 	0.73151  	0.980729
239	25    	0.917188 	0.73151  	0.980729
240	25    	0.917188 	0.73151  	0.980729
241	25    	0.917188 	0.73151  	0.980729
242	25    	0.917188 	0.73151  	0.980729
243	25    	0.917188 	0.73151  	0.980729
244	25    	0.917188 	0.73151  	0.980729
245	25    	0.918188 	0.75651  	0.980729
246	25    	0.918188 	0.75651  	0.980729
247	25    	0.918188 	0.75651  	0.980729
248	25    	0.918188 	0.75651  	0.980729
249	25    	0.918188 	0.75651  	0.980729
250	25    	0.918188 	0.75651  	0.980729
251	25    	0.918188 	0.75651  	0.980729
252	25    	0.918188 	0.75651  	0.980729
253	25    	0.918188 	0.75651  	0.980729
254	25    	0.918188 	0.75651  	0.980729
255	25    	0.918188 	0.75651  	0.980729
256	25    	0.91826  	0.75651  	0.980729
257	25    	0.91826  	0.75651  	0.980729
258	25    	0.918833 	0.75651  	0.980729
259	25    	0.918833 	0.75651  	0.980729
260	25    	0.918833 	0.75651  	0.980729
261	25    	0.918833 	0.75651  	0.980729
262	25    	0.918833 	0.75651  	0.980729
263	25    	0.918833 	0.75651  	0.980729
264	25    	0.918833 	0.75651  	0.980729
265	25    	0.918833 	0.75651  	0.980729
266	25    	0.918833 	0.75651  	0.980729
267	25    	0.919208 	0.75651  	0.980729
268	25    	0.920198 	0.75651  	0.980729
269	25    	0.923135 	0.829948 	0.980729
270	25    	0.926583 	0.872917 	0.980729
271	25    	0.926583 	0.872917 	0.980729
272	25    	0.926583 	0.872917 	0.980729
273	25    	0.926583 	0.872917 	0.980729
274	25    	0.926583 	0.872917 	0.980729
275	25    	0.92951  	0.873698 	0.980729
276	25    	0.92951  	0.873698 	0.980729
277	25    	0.929802 	0.873698 	0.980729
278	25    	0.929802 	0.873698 	0.980729
279	25    	0.929802 	0.873698 	0.980729
280	25    	0.930698 	0.873698 	0.980729
281	25    	0.930698 	0.873698 	0.980729
282	25    	0.930698 	0.873698 	0.980729
283	25    	0.931062 	0.873698 	0.980729
284	25    	0.931312 	0.873698 	0.980729
285	25    	0.931312 	0.873698 	0.980729
286	25    	0.931312 	0.873698 	0.980729
287	25    	0.931312 	0.873698 	0.980729
288	25    	0.931312 	0.873698 	0.980729
289	25    	0.931312 	0.873698 	0.980729
290	25    	0.931312 	0.873698 	0.980729
291	25    	0.9325   	0.88099  	0.980729
292	25    	0.932927 	0.88099  	0.980729
293	25    	0.932927 	0.88099  	0.980729
294	25    	0.933594 	0.88099  	0.980729
295	25    	0.933594 	0.88099  	0.980729
296	25    	0.933844 	0.88099  	0.980729
297	25    	0.93601  	0.88099  	0.980729
298	25    	0.93601  	0.88099  	0.980729
299	25    	0.93601  	0.88099  	0.980729
300	25    	0.93601  	0.88099  	0.980729