gen	nevals	avg    	min  	max  
0  	25    	86.584 	58.4 	115.6
1  	25    	95.496 	57   	117.2
2  	25    	102.48 	73.8 	126.8
3  	25    	111.912	87.6 	135.6
4  	25    	111.648	79.4 	130  
5  	25    	118.696	98.2 	134.6
6  	25    	121.24 	87.6 	142.2
7  	25    	116.144	99.2 	134.2
8  	25    	118.704	92.6 	132  
9  	25    	122.288	107.6	136  
10 	25    	122.432	94.8 	144.6
11 	25    	121.936	100.4	137.6
12 	25    	119.448	90.4 	140.4
13 	25    	120.848	106  	142.4
14 	25    	121.552	105.8	140.8
15 	25    	121.904	111.4	133.8
16 	25    	124.04 	104.4	136.6
17 	25    	121.32 	89.2 	150.6
18 	25    	122.808	110.8	137  
19 	25    	125.816	110.8	138  
20 	25    	125.776	110.8	136.8
21 	25    	122.84 	102.2	141.8
22 	25    	126.504	108.2	140  
23 	25    	128.232	109.8	142.8
24 	25    	125.888	105  	140.6
25 	25    	126.56 	113  	142.4
26 	25    	122.496	105.4	137.6
27 	25    	123.176	110.4	140.8
28 	25    	126.808	110  	143.2
29 	25    	126.488	111.2	149.6
30 	25    	123.464	110.2	140.2
31 	25    	125.512	104.2	135.6
32 	25    	124.12 	110.4	136.6
33 	25    	123.76 	110.8	136.2
34 	25    	127.864	110.8	135.2
35 	25    	124.288	109.4	151.4
36 	25    	121.824	109.4	136  
37 	25    	124.632	112.6	131.6
38 	25    	125.376	109.2	141.8
39 	25    	123.288	109.6	133.4
40 	25    	125.096	109.4	139.6
41 	25    	125.744	112.4	143  
42 	25    	125.912	110.2	138.2
43 	25    	124.264	110.8	138.6
44 	25    	127.072	110.6	138.2
45 	25    	125.752	110  	143.8
46 	25    	125.824	112.2	140.2
47 	25    	126.096	114  	143.4
48 	25    	124.272	104.6	136.2
49 	25    	124.488	109.6	143.8
50 	25    	123.952	107.4	138.2
51 	25    	126.304	112.6	146.2
52 	25    	125.304	112.8	145  
53 	25    	126.928	94.6 	148.6
54 	25    	125.232	111.8	139.6
55 	25    	126.44 	111.8	148.6
56 	25    	126.04 	106.8	144.6
57 	25    	127.44 	116  	148.8
58 	25    	126.576	111  	141.2
59 	25    	124.904	104.4	137.2
60 	25    	127.264	116.6	142.4
61 	25    	125.76 	97.6 	145.4
62 	25    	125    	107.6	144.2
63 	25    	125.832	111  	135  
64 	25    	125.712	103.2	139  
65 	25    	124.392	110.2	134.8
66 	25    	124.6  	113.8	135.8
67 	25    	126.048	115  	139  
68 	25    	124.408	112.4	138.8
69 	25    	124.624	110.6	139.2
70 	25    	124.616	104  	139.2
71 	25    	125.536	112.6	141.4
72 	25    	125.064	99   	137  
73 	25    	123.624	103  	140.6
74 	25    	124.352	104  	141.6
75 	25    	124.904	114.8	139.2
76 	25    	122.776	106.2	136.2
77 	25    	120.752	100.4	142  
78 	25    	124.968	113.6	138.6
79 	25    	127.168	114.4	145  
80 	25    	121.76 	89.8 	144.8
81 	25    	124.152	109.4	144.2
82 	25    	124.264	107  	135  
83 	25    	123.496	82.4 	139.4
84 	25    	124.392	88.2 	139  
85 	25    	128.592	119.6	140.4
86 	25    	125.696	110.6	141.6
87 	25    	126.032	109  	139.8
88 	25    	124.592	111.6	136.8
89 	25    	124.464	112.6	138  
90 	25    	126.048	109.8	146.4
91 	25    	125.616	111  	140.2
92 	25    	123.952	110.8	145.2
93 	25    	124.616	112.4	137.4
94 	25    	124.096	104  	138  
95 	25    	123.696	111.2	142.2
96 	25    	126.872	115.8	140  
97 	25    	125.52 	111.8	137.6
98 	25    	122.4  	107.8	139.2
99 	25    	126.704	110.6	142.2
100	25    	127.984	103.4	143.2
101	25    	126.76 	118.6	143  
102	25    	123.08 	111  	135.4
103	25    	127.056	111.2	142  
104	25    	126    	107  	140.6
105	25    	128.976	117.6	144.6
106	25    	126.12 	100.2	141.6
107	25    	129.032	119.4	140.8
108	25    	125.088	95   	138.8
109	25    	126.712	108.4	142.2
110	25    	127.728	106.8	148  
111	25    	127.288	113.8	138  
112	25    	127.104	104.2	141.6
113	25    	125.048	108.4	136.8
114	25    	127.816	114.6	141  
115	25    	127.864	117.2	140.2
116	25    	128.624	113.8	150  
117	25    	125    	108.6	143  
118	25    	125.44 	104.8	147  
119	25    	126.472	107.2	147  
120	25    	126.168	112  	149  
121	25    	124.296	108  	140.2
122	25    	124.728	108  	143.8
123	25    	120.088	104.2	138  
124	25    	127.04 	116.2	145  
125	25    	125.608	111  	137.4
126	25    	127.32 	114.6	136.2
127	25    	127.976	115  	138.2
128	25    	124.888	108.2	141.8
129	25    	126.976	110.2	138.4
130	25    	123.456	97.6 	134.8
131	25    	125.776	112.8	140.4
132	25    	123.704	110.2	141.2
133	25    	124.88 	107.6	148  
134	25    	127.072	114.4	149.6
135	25    	126.424	111.8	134.4
136	25    	125.576	101.4	141.4
137	25    	122.68 	95.4 	136.8
138	25    	126.592	111.8	139  
139	25    	126.208	108.4	137  
140	25    	122.344	105.6	130.8
141	25    	124.032	112.6	138  
142	25    	125.656	110  	135.4
143	25    	126.792	113.8	140.2
144	25    	128.048	112.6	153.4
145	25    	124.56 	114.4	135.2
146	25    	126.048	106.4	140.4
147	25    	120.6  	105.6	135.2
148	25    	126.032	111.4	143.6
149	25    	124.32 	110.4	135.8
150	25    	124.304	109.6	137  
151	25    	126    	109.8	142.8
152	25    	126.24 	110  	145.8
153	25    	123.96 	104  	137.8
154	25    	123.344	100.8	137  
155	25    	125.272	110.4	141.6
156	25    	121.544	70.8 	141.2
157	25    	124.344	110  	141  
158	25    	123.344	110  	140.8
159	25    	123.536	109.6	139.4
160	25    	124.568	112.8	140.8
161	25    	125.304	107.6	138  
162	25    	126.768	114.2	138.6
163	25    	126.192	108  	144.6
164	25    	123.992	111.4	136.4
165	25    	127.384	107.4	137.4
166	25    	128.192	118.8	139.6
167	25    	123.376	103  	144  
168	25    	126.104	111.6	138.8
169	25    	127.048	110.8	138.6
170	25    	128.392	115.6	141.2
171	25    	128.656	107.4	143  
172	25    	127.208	115.4	139.2
173	25    	125.824	110  	140  
174	25    	126.624	114.8	139.2
175	25    	125.568	106.4	141.8
176	25    	130.552	115.2	144.2
177	25    	124.936	110.8	134.8
178	25    	128.184	106.6	149.8
179	25    	125.68 	113.6	144  
180	25    	126.56 	116.4	141.6
181	25    	126.704	111.2	140.8
182	25    	128.928	108.2	143.6
183	25    	129.376	116.6	143.8
184	25    	126.08 	111.6	141.6
185	25    	127.368	109.8	137.6
186	25    	130.312	115.4	142.8
187	25    	127.088	117.4	141  
188	25    	126.408	101.2	143.2
189	25    	126.736	92   	141.4
190	25    	129.912	112  	143.8
191	25    	127.448	114.6	137.6
192	25    	127.84 	102.4	146  
193	25    	131.176	118  	145.8
194	25    	129.92 	114.2	141.8
195	25    	127.6  	111.4	146.8
196	25    	127.304	109.6	140.4
197	25    	126.016	109.2	136.2
198	25    	129.104	115  	138.6
199	25    	127.6  	114.8	139.8
200	25    	127.584	114.4	150.2
201	25    	128.824	111.8	141.2
202	25    	128.144	113.6	139.8
203	25    	131.112	114.8	147  
204	25    	130.88 	117.4	143.6
205	25    	130.976	113.4	150.8
206	25    	131.296	114.4	141.8
207	25    	128.424	116  	146.8
208	25    	131.984	105  	148.4
209	25    	129.04 	118  	141.2
210	25    	130.568	117.8	146.2
211	25    	128.888	107.2	147.2
212	25    	128.424	113.6	151.2
213	25    	130.84 	119.8	144.8
214	25    	128.896	117.4	142  
215	25    	127.624	106  	149  
216	25    	127.352	110.6	144.8
217	25    	129.304	112.6	145  
218	25    	128.456	111.6	144.6
219	25    	128.128	110.4	145.2
220	25    	128.976	116.2	140.4
221	25    	131.576	117  	144.8
222	25    	128.896	113  	143  
223	25    	128.336	114.8	140.2
224	25    	128.512	118  	141.8
225	25    	130.336	112.6	148  
226	25    	129.008	118.2	146.4
227	25    	124.704	83   	140.8
228	25    	130.024	115.2	142  
229	25    	123.808	109.8	138.2
230	25    	126.944	105.2	141.8
231	25    	128.96 	111.8	153.2
232	25    	128.848	108.8	145.8
233	25    	130.168	117.6	145.6
234	25    	129.168	108  	143.8
235	25    	126.024	116.2	138.2
236	25    	128.704	108  	152.8
237	25    	125.208	88.8 	148.8
238	25    	126.464	106.2	139.6
239	25    	124.728	107.8	137.4
240	25    	127.576	113.4	143.8
241	25    	126.048	108.6	135.8
242	25    	125.424	103.2	142.2
243	25    	128.6  	114.6	138.4
244	25    	128.072	111.8	139.4
245	25    	128.2  	108.6	146.4
246	25    	128.16 	115.4	140.8
247	25    	128.624	110.2	144  
248	25    	125.192	94   	147.2
249	25    	126.704	116.4	139.4
250	25    	125.176	102.6	141.6
251	25    	126.744	111.4	145.6
252	25    	125.856	115  	144.6
253	25    	123.44 	99.8 	136.4
254	25    	126.848	113.4	146.2
255	25    	128.736	117.4	140.6
256	25    	128.456	109.2	144.4
257	25    	126.208	108.4	142.8
258	25    	125.704	110.8	144.2
259	25    	123.4  	102.4	138.4
260	25    	125.48 	113.4	139  
261	25    	123.808	90.2 	133.6
262	25    	125.84 	106.2	142.8
263	25    	127.24 	114.2	146.6
264	25    	124    	101.4	143  
265	25    	123.984	103.6	137.4
266	25    	128.096	115.4	144.2
267	25    	124.984	109.6	141.8
268	25    	125.736	108.4	141.6
269	25    	127.312	112.2	143.4
270	25    	124.08 	106.4	136.6
271	25    	122.672	98.6 	150.2
272	25    	124.528	109.8	139.4
273	25    	127.96 	106.4	148.8
274	25    	127.128	105.6	139.8
275	25    	124.096	109.2	137.8
276	25    	128.584	111.8	141.4
277	25    	125.888	107.4	147.4
278	25    	125.056	111  	141  
279	25    	126.896	108.2	143.6
280	25    	127.024	104.8	137.2
281	25    	125.944	105.6	145  
282	25    	123.184	107.8	137.6
283	25    	128.608	105.6	148  
284	25    	128.12 	115  	140.6
285	25    	126.376	102.8	139.8
286	25    	122.472	103.2	134.6
287	25    	124.768	105.6	142  
288	25    	125.76 	107.4	135.6
289	25    	124.872	110.2	136  
290	25    	126.52 	106.4	153  
291	25    	124.168	107.6	142.2
292	25    	125.496	112.8	136.6
293	25    	127.696	111  	141.4
294	25    	122.752	107  	136.8
295	25    	126.768	114  	145.6
296	25    	128.608	115.2	143.8
297	25    	128.728	111.8	142  
298	25    	127.048	105.4	142.8
299	25    	129.184	116.6	141.4
300	25    	126.72 	105.6	144.4
301	25    	130.456	119.6	143  
302	25    	129.448	115.6	146.4
303	25    	128.92 	98.2 	147.4
304	25    	126.936	115.2	142  
305	25    	131.944	117.6	148.4
306	25    	128.736	112.4	145.6
307	25    	126.32 	110.8	140  
308	25    	130.48 	115.2	154.6
309	25    	131.248	119.4	143  
310	25    	128.872	113.2	142.2
311	25    	129.92 	116.4	150.6
312	25    	127.64 	119.6	137  
313	25    	130.208	115.6	144.4
314	25    	128.848	112.2	145.4
315	25    	129.776	117  	147.6
316	25    	128.52 	116.4	139.2
317	25    	131.136	116  	144.2
318	25    	128.28 	110.6	139.2
319	25    	128.768	104.8	141.8
320	25    	128.264	95.2 	147.6
321	25    	129.952	111  	141.6
322	25    	129.08 	111.2	143.8
323	25    	132.16 	116.8	147.4
324	25    	129.768	112  	146  
325	25    	128.248	107.6	147  
326	25    	128.16 	109.6	139.6
327	25    	129.504	111.4	147.4
328	25    	129.664	114.4	144.8
329	25    	127.944	113.6	143.8
330	25    	124.616	90.2 	140.4
331	25    	127.568	116.8	141.8
332	25    	129.544	115.4	149.2
333	25    	126.504	113.6	145.6
334	25    	127.616	114  	135.2
335	25    	128.024	112.4	145  
336	25    	128.728	116.2	145  
337	25    	129.808	116.8	142  
338	25    	128.976	113.8	145.8
339	25    	130.168	118.8	143.8
340	25    	127.272	115.2	140  
341	25    	127.288	112.8	147.4
342	25    	128.304	115.4	138.8
343	25    	125.136	109.2	138.2
344	25    	128.424	113.2	142.8
345	25    	125.056	109.8	139.8
346	25    	125.576	101.4	141.8
347	25    	124.84 	101.6	150.2
348	25    	127.568	112.2	141  
349	25    	127.408	113.2	141.4
350	25    	127.504	110.4	143  
351	25    	125.12 	114.6	139.8
352	25    	125.072	109.4	138.8
353	25    	127.096	112.6	140.6
354	25    	125.68 	108  	138.4
355	25    	125.312	116.4	132  
356	25    	125.416	107.4	142.8
357	25    	126.424	101  	140.4
358	25    	127.608	111.2	139.4
359	25    	127.848	116.6	139.6
360	25    	125.632	108.2	136  
361	25    	125.584	108.8	144.2
362	25    	128.776	111.2	147.2
363	25    	125.52 	101.6	144  
364	25    	126.096	103.2	141.2
365	25    	125.496	114.4	139.6
366	25    	127.112	85.2 	145  
367	25    	126.232	100.8	141.2
368	25    	128.336	111.4	141.4
369	25    	124.392	109.6	138.2
370	25    	127.256	101.6	139  
371	25    	126.536	107  	138.4
372	25    	125.728	111  	141.2
373	25    	131.64 	120.2	150.8
374	25    	124.52 	106  	141.2
375	25    	128.448	112.8	143  
376	25    	127.96 	117.2	149.2
377	25    	128.864	112.2	143.2
378	25    	124.192	111.2	135.2
379	25    	125.248	107.4	140  
380	25    	127.568	111.8	137.6
381	25    	128.528	109.8	141  
382	25    	128.392	112  	139.2
383	25    	127.696	116.2	139.6
384	25    	130.112	114.6	144.8
385	25    	126.808	111.4	141.4
386	25    	127.024	107.2	140.4
387	25    	129.776	118.6	144.8
388	25    	125.512	105  	140.2
389	25    	127.928	111.2	141.4
390	25    	126.808	112.8	149.4
391	25    	128.504	100.8	146.2
392	25    	126.56 	111  	141  
393	25    	126.936	107  	144.6
394	25    	123.824	104.4	141.4
395	25    	125.52 	113.2	145.6
396	25    	124.64 	109.4	141.8
397	25    	128.12 	113.6	141.2
398	25    	128.416	111.4	144.4
399	25    	126.64 	107  	145.8
400	25    	126.488	113.6	136.8
401	25    	125.96 	115  	140.8
402	25    	128.192	110.6	150.6
403	25    	125.592	113.8	141.6
404	25    	127.384	111.2	140.4
405	25    	127.832	113  	150.6
406	25    	125.072	102.6	137  
407	25    	126.424	104  	143.4
408	25    	125.256	114.6	138.2
409	25    	127.984	111  	143.2
410	25    	126.648	114.4	139.8
411	25    	127.992	90.2 	144  
412	25    	127.912	109.8	144.8
413	25    	126.16 	116.6	136.6
414	25    	127.92 	87.4 	146  
415	25    	125.192	109  	144.8
416	25    	126.432	114.8	137.4
417	25    	127.288	110  	138.2
418	25    	127.072	116.2	145.8
419	25    	126.472	112.4	142.8
420	25    	127.832	110.6	136.8
421	25    	129.96 	121  	148.8
422	25    	129.112	112.6	144.6
423	25    	127.456	99.4 	146.4
424	25    	128.32 	107.6	144.8
425	25    	126.568	117.2	143.2
426	25    	126.088	101.6	137.6
427	25    	129.688	117.6	146.6
428	25    	128.368	98.8 	143.2
429	25    	130.888	106.6	151.8
430	25    	125.832	99.6 	141  
431	25    	127.144	108.6	137  
432	25    	128.328	108  	144.4
433	25    	126.112	109.6	142  
434	25    	123.584	99.8 	138  
435	25    	125.208	112.8	136.6
436	25    	126.24 	108.8	143  
437	25    	126.632	113.4	148.4
438	25    	124.624	104.8	136.2
439	25    	126.352	106.6	143  
440	25    	127.976	112.8	141.8
441	25    	124.776	114.6	135.8
442	25    	125.664	105.4	141  
443	25    	130.304	114.4	150.2
444	25    	125.752	97.2 	138.4
445	25    	127.544	109.2	141  
446	25    	125.776	115.6	138.4
447	25    	126.944	110.8	138.4
448	25    	126.896	104  	145.8
449	25    	124.72 	103.6	141.8
450	25    	127.208	113.8	140.4
451	25    	127.128	107.2	139  
452	25    	125.336	99   	151.4
453	25    	126.712	105  	142.2
454	25    	123.56 	98.2 	141.4
455	25    	125.776	101.2	142.6
456	25    	129.64 	111.4	152.4
457	25    	127.208	113  	149.4
458	25    	124.84 	104.8	133.6
459	25    	126.472	113.8	142.4
460	25    	127.16 	114  	143.6
461	25    	128.56 	119.4	148.2
462	25    	125.944	112.6	139  
463	25    	125.24 	100.8	138.6
464	25    	128.936	114  	141.6
465	25    	126.424	115  	148.6
466	25    	125.24 	115  	133.6
467	25    	127.688	104.6	143  
468	25    	127.776	114.6	141.6
469	25    	127.152	110.8	143.4
470	25    	128.592	107.6	143  
471	25    	126.776	118.4	139.8
472	25    	126.968	116.8	142.2
473	25    	125.632	108.4	140.2
474	25    	126.224	111.8	140.2
475	25    	126.92 	114  	145.4
476	25    	126.872	111.6	140.2
477	25    	124.304	103.2	140.2
478	25    	125.368	111.2	141  
479	25    	125.696	106  	142.8
480	25    	125.392	112.6	140.6
481	25    	127.624	113.2	140.2
482	25    	126.144	96.4 	144.6
483	25    	129.072	116  	141.8
484	25    	127.752	112.8	140.2
485	25    	128.176	116.6	144.2
486	25    	127.44 	105  	142.4
487	25    	125.88 	108  	141  
488	25    	126.96 	108.2	141  
489	25    	126.88 	98.8 	146.8
490	25    	125.208	108.2	149.8
491	25    	126.52 	114.8	145.8
492	25    	129.096	108  	144.4
493	25    	126.944	110.2	137  
494	25    	125.408	111.2	140.4
495	25    	127.896	113.6	145.4
496	25    	126.992	113.8	137  
497	25    	126.144	112  	138.4
498	25    	125.488	101.4	138.6
499	25    	127.512	108.2	142  
500	25    	124.36 	105.8	136.6