gen	nevals	avg   	min  	max  
0  	20    	79.15 	61.2 	112.4
1  	20    	91.66 	65.6 	124.6
2  	20    	94.33 	65.6 	124.6
3  	20    	99.03 	75.2 	124.6
4  	20    	100.32	77   	124.6
5  	20    	104.81	78.6 	124.6
6  	20    	106.07	88   	124.6
7  	20    	107.28	94   	124.6
8  	20    	109.4 	95.4 	134.6
9  	20    	111.26	95.4 	134.6
10 	20    	114.05	98.4 	134.6
11 	20    	114.05	98.4 	134.6
12 	20    	114.35	98.4 	134.6
13 	20    	114.46	98.4 	134.6
14 	20    	115.26	98.4 	134.6
15 	20    	115.87	98.4 	134.6
16 	20    	116.56	98.4 	134.6
17 	20    	117.02	98.4 	134.6
18 	20    	117.98	106.2	134.6
19 	20    	117.98	106.2	134.6
20 	20    	119.15	106.2	134.6
21 	20    	119.81	106.2	134.6
22 	20    	120.74	106.4	134.6
23 	20    	120.82	106.4	134.6
24 	20    	120.82	106.4	134.6
25 	20    	121.86	106.4	134.6
26 	20    	121.86	106.4	134.6
27 	20    	122.34	106.4	134.6
28 	20    	122.6 	106.4	134.6
29 	20    	122.6 	106.4	134.6
30 	20    	122.84	106.4	134.6
31 	20    	123.12	106.4	134.6
32 	20    	123.12	106.4	134.6
33 	20    	123.77	106.4	134.6
34 	20    	123.95	106.4	134.6
35 	20    	123.99	106.4	134.6
36 	20    	124.1 	108.6	134.6
37 	20    	124.33	113.2	134.6
38 	20    	124.33	113.2	134.6
39 	20    	124.65	113.2	134.6
40 	20    	124.75	113.2	134.6
41 	20    	124.75	113.2	134.6
42 	20    	125.01	113.2	134.6
43 	20    	125.13	113.2	134.6
44 	20    	125.2 	113.6	134.6
45 	20    	125.4 	113.6	134.6
46 	20    	125.54	113.6	134.6
47 	20    	125.9 	113.6	134.6
48 	20    	125.9 	113.6	134.6
49 	20    	125.9 	113.6	134.6
50 	20    	125.9 	113.6	134.6
51 	20    	126.23	113.6	134.6
52 	20    	126.44	113.6	134.6
53 	20    	126.46	113.6	134.6
54 	20    	126.69	113.6	134.8
55 	20    	126.69	113.6	134.8
56 	20    	126.8 	113.6	134.8
57 	20    	126.8 	113.6	134.8
58 	20    	127.2 	114.6	134.8
59 	20    	128.07	114.6	134.8
60 	20    	128.07	114.6	134.8
61 	20    	128.07	114.6	134.8
62 	20    	128.07	114.6	134.8
63 	20    	128.07	114.6	134.8
64 	20    	128.1 	114.6	134.8
65 	20    	128.29	114.6	134.8
66 	20    	128.49	114.6	134.8
67 	20    	128.54	114.6	134.8
68 	20    	128.54	114.6	134.8
69 	20    	128.81	114.6	134.8
70 	20    	128.81	114.6	134.8
71 	20    	129.05	114.6	138.6
72 	20    	129.24	114.6	138.6
73 	20    	129.59	114.6	138.6
74 	20    	129.59	114.6	138.6
75 	20    	129.69	114.6	138.6
76 	20    	129.69	114.6	138.6
77 	20    	129.69	114.6	138.6
78 	20    	130.21	114.6	139.6
79 	20    	130.21	114.6	139.6
80 	20    	130.21	114.6	139.6
81 	20    	130.21	114.6	139.6
82 	20    	130.21	114.6	139.6
83 	20    	130.33	114.6	139.6
84 	20    	130.5 	114.6	139.6
85 	20    	130.5 	114.6	139.6
86 	20    	130.55	114.6	139.6
87 	20    	130.55	114.6	139.6
88 	20    	130.55	114.6	139.6
89 	20    	130.67	114.6	139.6
90 	20    	130.67	114.6	139.6
91 	20    	131.2 	114.6	139.6
92 	20    	131.2 	114.6	139.6
93 	20    	131.46	114.6	139.6
94 	20    	131.64	114.6	139.6
95 	20    	131.64	114.6	139.6
96 	20    	131.64	114.6	139.6
97 	20    	131.64	114.6	139.6
98 	20    	131.64	114.6	139.6
99 	20    	131.64	114.6	139.6
100	20    	131.64	114.6	139.6
101	20    	132.21	114.8	139.6
102	20    	132.21	114.8	139.6
103	20    	132.21	114.8	139.6
104	20    	132.21	114.8	139.6
105	20    	132.65	114.8	139.6
106	20    	132.65	114.8	139.6
107	20    	132.65	114.8	139.6
108	20    	132.65	114.8	139.6
109	20    	132.65	114.8	139.6
110	20    	132.65	114.8	139.6
111	20    	132.66	114.8	139.6
112	20    	132.66	114.8	139.6
113	20    	132.91	119.8	139.6
114	20    	132.91	119.8	139.6
115	20    	132.93	119.8	139.6
116	20    	132.93	119.8	139.6
117	20    	133.12	121.8	139.6
118	20    	133.37	122  	139.6
119	20    	133.37	122  	139.6
120	20    	133.37	122  	139.6
121	20    	133.37	122  	139.6
122	20    	133.37	122  	139.6
123	20    	133.46	122  	139.6
124	20    	133.51	122  	139.6
125	20    	133.55	122  	139.6
126	20    	133.69	123.6	139.6
127	20    	133.69	123.6	139.6
128	20    	133.69	123.6	139.6
129	20    	133.78	123.6	139.6
130	20    	133.78	123.6	139.6
131	20    	133.78	123.6	139.6
132	20    	133.78	123.6	139.6
133	20    	133.78	123.6	139.6
134	20    	133.78	123.6	139.6
135	20    	133.78	123.6	139.6
136	20    	133.78	123.6	139.6
137	20    	133.78	123.6	139.6
138	20    	133.78	123.6	139.6
139	20    	133.78	123.6	139.6
140	20    	133.8 	123.6	139.6
141	20    	134.08	123.6	139.6
142	20    	134.15	123.6	139.6
143	20    	134.15	123.6	139.6
144	20    	134.46	128  	139.6
145	20    	134.46	128  	139.6
146	20    	134.52	129  	139.6
147	20    	134.52	129  	139.6
148	20    	134.52	129  	139.6
149	20    	134.52	129  	139.6
150	20    	134.86	129  	140  
151	20    	134.86	129  	140  
152	20    	135.08	129  	141.2
153	20    	135.08	129  	141.2
154	20    	135.08	129  	141.2
155	20    	135.08	129  	141.2
156	20    	135.18	129  	141.2
157	20    	135.18	129  	141.2
158	20    	135.18	129  	141.2
159	20    	135.18	129  	141.2
160	20    	135.18	129  	141.2
161	20    	135.18	129  	141.2
162	20    	135.18	129  	141.2
163	20    	135.24	129  	141.2
164	20    	135.24	129  	141.2
165	20    	135.4 	129  	141.2
166	20    	135.41	129.2	141.2
167	20    	135.41	129.2	141.2
168	20    	135.41	129.2	141.2
169	20    	135.41	129.2	141.2
170	20    	135.41	129.2	141.2
171	20    	135.41	129.2	141.2
172	20    	135.41	129.2	141.2
173	20    	135.41	129.2	141.2
174	20    	135.41	129.2	141.2
175	20    	135.41	129.2	141.2
176	20    	135.41	129.2	141.2
177	20    	135.41	129.2	141.2
178	20    	135.41	129.2	141.2
179	20    	135.41	129.2	141.2
180	20    	135.41	129.2	141.2
181	20    	135.41	129.2	141.2
182	20    	135.41	129.2	141.2
183	20    	135.41	129.2	141.2
184	20    	135.51	129.2	141.2
185	20    	135.51	129.2	141.2
186	20    	136.18	129.2	151.6
187	20    	136.32	129.2	151.6
188	20    	136.94	129.8	151.6
189	20    	136.94	129.8	151.6
190	20    	136.94	129.8	151.6
191	20    	136.94	129.8	151.6
192	20    	136.94	129.8	151.6
193	20    	136.94	129.8	151.6
194	20    	136.94	129.8	151.6
195	20    	136.94	129.8	151.6
196	20    	136.94	129.8	151.6
197	20    	136.98	129.8	151.6
198	20    	136.98	129.8	151.6
199	20    	136.98	129.8	151.6
200	20    	136.98	129.8	151.6
201	20    	136.98	129.8	151.6
202	20    	136.98	129.8	151.6
203	20    	136.98	129.8	151.6
204	20    	136.98	129.8	151.6
205	20    	136.98	129.8	151.6
206	20    	136.98	129.8	151.6
207	20    	136.98	129.8	151.6
208	20    	136.98	129.8	151.6
209	20    	136.98	129.8	151.6
210	20    	136.98	129.8	151.6
211	20    	136.98	129.8	151.6
212	20    	136.98	129.8	151.6
213	20    	136.98	129.8	151.6
214	20    	136.98	129.8	151.6
215	20    	137.04	129.8	151.6
216	20    	137.04	129.8	151.6
217	20    	137.04	129.8	151.6
218	20    	137.04	129.8	151.6
219	20    	137.04	129.8	151.6
220	20    	137.04	129.8	151.6
221	20    	137.04	129.8	151.6
222	20    	137.04	129.8	151.6
223	20    	137.04	129.8	151.6
224	20    	137.04	129.8	151.6
225	20    	137.04	129.8	151.6
226	20    	137.09	129.8	151.6
227	20    	137.09	129.8	151.6
228	20    	137.09	129.8	151.6
229	20    	137.09	129.8	151.6
230	20    	137.09	129.8	151.6
231	20    	137.09	129.8	151.6
232	20    	137.09	129.8	151.6
233	20    	137.09	129.8	151.6
234	20    	137.09	129.8	151.6
235	20    	137.09	129.8	151.6
236	20    	137.09	129.8	151.6
237	20    	137.09	129.8	151.6
238	20    	137.09	129.8	151.6
239	20    	137.09	129.8	151.6
240	20    	137.09	129.8	151.6
241	20    	137.18	129.8	151.6
242	20    	137.18	129.8	151.6
243	20    	137.37	129.8	151.6
244	20    	137.37	129.8	151.6
245	20    	137.37	129.8	151.6
246	20    	137.37	129.8	151.6
247	20    	137.37	129.8	151.6
248	20    	137.37	129.8	151.6
249	20    	137.37	129.8	151.6
250	20    	137.37	129.8	151.6