gen	nevals	avg     	min      	max    
0  	15    	-69.1286	-1540.19 	251.67 
1  	15    	106.426 	-9.3667  	251.79 
2  	15    	144.968 	54.5276  	251.805
3  	15    	187.546 	-12.4706 	288.628
4  	15    	233.955 	76.1147  	288.765
5  	15    	244.8   	17.2585  	299.795
6  	15    	229.746 	61.5712  	342.089
7  	15    	208.808 	-12.8804 	342.254
8  	15    	281.011 	123.373  	342.343
9  	15    	327.892 	219.193  	402.785
10 	15    	339.305 	95.0578  	403.374
11 	15    	336.543 	53.719   	404.178
12 	15    	383.116 	225.128  	404.176
13 	15    	402.034 	373.691  	404.179
14 	15    	404.15  	404.09   	404.184
15 	15    	381.115 	59.782   	404.181
16 	15    	357.273 	55.7495  	404.181
17 	15    	404.786 	403.792  	414.239
18 	15    	349.216 	60.8402  	414.299
19 	15    	370.215 	121.229  	414.352
20 	15    	413.352 	403.663  	414.37 
21 	15    	414.308 	414.213  	414.365
22 	15    	413.237 	401.761  	414.362
23 	15    	398.116 	171.652  	414.376
24 	15    	414.325 	414.259  	414.356
25 	15    	378.733 	91.2725  	414.357
26 	15    	372.194 	98.4381  	414.36 
27 	15    	362.587 	99.1095  	414.363
28 	15    	361.935 	99.4534  	414.363
29 	15    	414.343 	414.298  	414.369
30 	15    	409.713 	345.858  	414.366
31 	15    	374.45  	-15.3756 	414.354
32 	15    	349.998 	53.1942  	414.381
33 	15    	410.496 	350.795  	429.13 
34 	15    	384.912 	170.934  	429.149
35 	15    	372.506 	44.5563  	429.209
36 	15    	422.632 	342.744  	429.211
37 	15    	404.734 	60.585   	431.103
38 	15    	422.196 	355.616  	432.017
39 	15    	394.926 	56.5834  	432.253
40 	15    	431.086 	376.878  	473.017
41 	15    	439.294 	430.655  	486.541
42 	15    	438.118 	380.109  	497.991
43 	15    	452.389 	327.691  	497.942
44 	15    	465.05  	422.957  	485.315
45 	15    	412.076 	138.061  	495.855
46 	15    	449.748 	182.503  	496.05 
47 	15    	436.175 	59.5204  	491.445
48 	15    	464.439 	420.796  	496.015
49 	15    	470.131 	415.423  	497.801
50 	15    	416.601 	59.0637  	496.642
51 	15    	441.261 	46.3373  	496.031
52 	15    	472.131 	360.666  	497.319
53 	15    	399.516 	58.092   	487.451
54 	15    	461.346 	396.774  	497.014
55 	15    	451.415 	54.1248  	498.158
56 	15    	449.596 	63.6649  	497.593
57 	15    	466.145 	331.545  	497.013
58 	15    	431.26  	82.2321  	486.506
59 	15    	468.086 	248.92   	495.329
60 	15    	453.924 	141.75   	491.509
61 	15    	480.489 	453.757  	494.968
62 	15    	485.33  	463.749  	496.979
63 	15    	467.772 	324.031  	488.671
64 	15    	481.674 	435.078  	489.151
65 	15    	488.2   	487.055  	488.939
66 	15    	488.492 	487.934  	488.815
67 	15    	420.203 	60.2549  	489.037
68 	15    	475.117 	377.054  	489    
69 	15    	488.476 	487.278  	488.88 
70 	15    	488.586 	488.179  	489.05 
71 	15    	482.279 	420.468  	488.951
72 	15    	427.779 	51.7465  	488.831
73 	15    	441.443 	204.565  	489.13 
74 	15    	484.666 	430.845  	488.923
75 	15    	478.951 	371.713  	490.356
76 	15    	456.87  	53.085   	488.964
77 	15    	468.937 	405.423  	488.93 
78 	15    	470.273 	323.973  	489.02 
79 	15    	447.61  	135.276  	489.117
80 	15    	473.07  	374.226  	488.984
81 	15    	488.252 	487.367  	488.838
82 	15    	488.271 	486.856  	488.879
83 	15    	459.355 	133.505  	488.757
84 	15    	488.616 	488.215  	488.962
85 	15    	428.222 	57.9877  	488.561
86 	15    	488.632 	488.261  	489.002
87 	15    	488.343 	486.963  	488.916
88 	15    	473.815 	295.129  	488.882
89 	15    	485.155 	439.901  	489.122
90 	15    	455.839 	258.137  	488.896
91 	15    	458.497 	247.605  	488.736
92 	15    	488.489 	488.118  	488.856
93 	15    	484.415 	431.143  	494.117
94 	15    	464.173 	286.21   	488.778
95 	15    	475.689 	387.118  	489.028
96 	15    	479.084 	369.354  	488.936
97 	15    	488.666 	488.254  	489.079
98 	15    	429.647 	80.3319  	488.68 
99 	15    	462.137 	169.293  	489.024
100	15    	463.44  	293.829  	490.904
101	15    	463.634 	314.124  	488.713
102	15    	476.298 	373.315  	489.062
103	15    	477.292 	333.858  	488.863
104	15    	484.644 	454.598  	488.709
105	15    	476.396 	385.99   	488.863
106	15    	485.738 	446.207  	489.127
107	15    	474.584 	311.604  	488.777
108	15    	471.122 	342.309  	488.961
109	15    	478.158 	356.415  	488.921
110	15    	473.029 	334.353  	488.857
111	15    	457.961 	60.2915  	488.864
112	15    	475.79  	403.653  	488.609
113	15    	442.211 	58.2335  	488.709
114	15    	464.17  	313.802  	489.001
115	15    	486.696 	467.477  	488.766
116	15    	488.52  	487.503  	488.972
117	15    	463.899 	319.366  	488.962
118	15    	476.923 	343.004  	488.779
119	15    	488.18  	486.55   	488.686
120	15    	418.353 	54.863   	488.756
121	15    	486.795 	478.665  	488.804
122	15    	473.128 	284.84   	488.841
123	15    	488.253 	485.451  	488.875
124	15    	444.878 	62.5017  	488.731
125	15    	488.68  	488.342  	489.205
126	15    	452.826 	119.609  	488.995
127	15    	480.456 	372.385  	490.855
128	15    	405.159 	-141.268 	491.13 
129	15    	471.754 	341.184  	491.257
130	15    	414.313 	-19.8129 	491.432
131	15    	474.46  	374.828  	491.391
132	15    	484.891 	419.619  	491.512
133	15    	482.022 	377.815  	491.537
134	15    	491.141 	490.849  	491.458
135	15    	427.021 	54.2858  	491.195
136	15    	411.037 	-21.174  	491.796
137	15    	467.555 	328.41   	491.258
138	15    	484.283 	428.668  	491.574
139	15    	478.94  	327.416  	491.444
140	15    	491.99  	490.84   	502.41 
141	15    	431.648 	-51.2075 	502.707
142	15    	499.807 	491.156  	502.956
143	15    	492.922 	379.605  	502.746
144	15    	502.563 	502.247  	502.858
145	15    	468.166 	61.4904  	504.957
146	15    	502.531 	502.238  	502.884
147	15    	488.261 	344.204  	502.749
148	15    	463.833 	94.9888  	502.597
149	15    	478.341 	343.251  	502.676
150	15    	502.515 	502.329  	502.707
151	15    	492.122 	357.774  	502.945
152	15    	502.646 	502.042  	505.332
153	15    	502.62  	502.255  	503.36 
154	15    	490.651 	338.899  	502.845
155	15    	449.712 	118.596  	502.683
156	15    	459.838 	-15.0933 	507.547
157	15    	502.523 	501.854  	503.575
158	15    	495.267 	405.602  	502.896
159	15    	502.603 	502.407  	502.779
160	15    	502.735 	502.325  	503.53 
161	15    	474.967 	198.285  	502.705
162	15    	417.786 	56.4846  	502.702
163	15    	461.656 	55.9884  	502.617
164	15    	468.474 	60.272   	503.077
165	15    	440.365 	0.146118 	502.636
166	15    	472.354 	63.441   	502.648
167	15    	407.098 	73.6702  	503.415
168	15    	492.714 	374.991  	502.824
169	15    	488.508 	394.875  	502.713
170	15    	486.868 	392.291  	503.328
171	15    	458.421 	48.7329  	502.721
172	15    	484.18  	243.66   	502.85 
173	15    	502.601 	502.092  	502.899
174	15    	502.626 	502.216  	502.988
175	15    	465.227 	80.0015  	502.8  
176	15    	485.002 	313.374  	503.412
177	15    	484.242 	331.021  	502.815
178	15    	452.058 	-14.2943 	505.453
179	15    	462.208 	97.791   	503.026
180	15    	502.66  	502.379  	503.664
181	15    	498.595 	457.269  	502.784
182	15    	480.656 	347.584  	502.752
183	15    	499.12  	465.888  	502.75 
184	15    	470.129 	50.7004  	502.701
185	15    	464.582 	68.6442  	502.727
186	15    	459.052 	52.5734  	502.901
187	15    	461.437 	67.9125  	502.969
188	15    	502.67  	502.159  	504.348
189	15    	502.59  	502.399  	502.797
190	15    	473.916 	104.141  	502.77 
191	15    	474.444 	178.405  	502.956
192	15    	430.706 	57.4996  	502.804
193	15    	475.693 	161.287  	502.718
194	15    	496.989 	437.127  	503.607
195	15    	468.199 	329.038  	502.888
196	15    	436.767 	50.993   	502.95 
197	15    	486.838 	271.865  	502.703
198	15    	478.881 	202.658  	502.829
199	15    	469.013 	64.3472  	502.918
200	15    	502.618 	502.207  	503.258
201	15    	470.503 	82.8879  	503.007
202	15    	485.481 	358.029  	502.599
203	15    	492.079 	369.355  	502.839
204	15    	451.428 	98.4467  	502.84 
205	15    	502.539 	502.138  	502.998
206	15    	483.267 	345.613  	503.403
207	15    	476.561 	306.083  	502.81 
208	15    	495.996 	415.55   	502.725
209	15    	487.295 	343.572  	503.301
210	15    	497.152 	439.699  	502.743
211	15    	502.613 	502.407  	502.891
212	15    	502.557 	502.145  	503.374
213	15    	489.332 	375.875  	502.644
214	15    	442.185 	66.1719  	503.06 
215	15    	489.269 	381.894  	502.624
216	15    	481.778 	341.1    	502.644
217	15    	469.184 	79.2783  	502.889
218	15    	439.905 	47.8511  	502.904
219	15    	479.323 	176.778  	502.681
220	15    	448.903 	44.6444  	502.807
221	15    	441.578 	64.365   	502.953
222	15    	459.327 	-10.2903 	529.384
223	15    	490.291 	312.657  	529.871
224	15    	505.855 	325.595  	546.385
225	15    	511.893 	387.204  	542.965
226	15    	537.886 	530.297  	543.469
227	15    	542.75  	541.441  	544.092
228	15    	531.552 	373.549  	544.284
229	15    	515.104 	221.927  	542.871
230	15    	536.641 	482.044  	543.106
231	15    	511.625 	310.299  	542.707
232	15    	463.986 	104.452  	545.339
233	15    	509.319 	123.472  	565.742
234	15    	520.799 	203.504  	552.342
235	15    	506.069 	0.0506592	560.168
236	15    	542.757 	542.667  	542.806
237	15    	540.575 	509.915  	542.872
238	15    	542.124 	530.972  	545.274
239	15    	491.697 	143.28   	556.636
240	15    	542.758 	542.657  	542.826
241	15    	532.302 	446.059  	542.991
242	15    	460.878 	78.076   	555.928
243	15    	542.766 	542.694  	542.871
244	15    	532.971 	400.942  	542.893
245	15    	537.226 	504.263  	542.811
246	15    	527.596 	415.933  	543.39 
247	15    	514.996 	181.431  	542.874
248	15    	537.516 	486.919  	543.113
249	15    	529.511 	420.382  	542.907
250	15    	542.833 	542.529  	543.932
251	15    	502.039 	269.614  	542.822
252	15    	524.505 	298.379  	544.116
253	15    	513.554 	91.7134  	550.824
254	15    	541.012 	516.153  	542.897
255	15    	528.784 	403.805  	544.831
256	15    	533.846 	450.945  	542.835
257	15    	518.284 	201.943  	542.837
258	15    	471.567 	136.188  	559.782
259	15    	513.223 	109.906  	569.417
260	15    	516.766 	115.112  	565.016
261	15    	528.44  	317.309  	549.036
262	15    	508.142 	123.572  	568.93 
263	15    	483.322 	123.89   	566.273
264	15    	517.317 	269.754  	543.071
265	15    	542.766 	542.684  	542.844
266	15    	517.976 	309.278  	543.023
267	15    	491.369 	89.4758  	565.44 
268	15    	499.86  	229.268  	542.81 
269	15    	527.017 	326.216  	544.131
270	15    	516.387 	400.926  	542.848
271	15    	528.782 	477.681  	543.131
272	15    	523.144 	248.234  	543.88 
273	15    	513.29  	209.727  	542.776
274	15    	542.761 	542.543  	542.86 
275	15    	542.732 	542.532  	542.847
276	15    	461.777 	119.035  	552.289
277	15    	500.123 	76.6246  	566.425
278	15    	542.724 	542.394  	542.813
279	15    	490.573 	192.254  	553.735
280	15    	461.112 	120.365  	561.849
281	15    	480.995 	114.699  	559.348
282	15    	509.327 	166.006  	542.835
283	15    	516.695 	137.835  	558.274
284	15    	542.733 	542.564  	542.862
285	15    	518.617 	207.096  	550.742
286	15    	514.12  	258.401  	543.174
287	15    	542.781 	542.707  	542.881
288	15    	536.863 	454.565  	543.226
289	15    	532.81  	499.14   	542.831
290	15    	523.999 	412.772  	542.763
291	15    	484.589 	133.699  	543.21 
292	15    	533.204 	398.846  	543.393
293	15    	540.772 	512.05   	543.122
294	15    	466.442 	-0.808472	564.318
295	15    	542.719 	542.504  	542.879
296	15    	542.414 	521.611  	559.305
297	15    	544.971 	542.617  	559.506
298	15    	481.977 	101.983  	559.51 
299	15    	536.753 	409.88   	693.884
300	15    	551.142 	141.638  	755.934
301	15    	528.318 	6.57935  	748.685
302	15    	656.348 	280.017  	751.183
303	15    	725.864 	511.315  	751.591
304	15    	704.638 	316.199  	752.025
305	15    	697.369 	192.826  	765.615
306	15    	610.445 	8.9707   	757.408
307	15    	709.936 	276.576  	751.619
308	15    	719.246 	476.243  	752.433
309	15    	731.914 	482.634  	751.695
310	15    	714.345 	110.384  	852.44 
311	15    	773.404 	712.313  	852.996
312	15    	655.917 	76.288   	852.795
313	15    	785.043 	105.21   	852.568
314	15    	823.169 	506.892  	852.621
315	15    	828.657 	497.881  	852.483
316	15    	834.843 	590.152  	852.757
317	15    	852.239 	852.064  	852.508
318	15    	749.861 	16.8605  	852.598
319	15    	816.556 	313.701  	853.853
320	15    	720.144 	6.1698   	852.534
321	15    	850.456 	826.423  	852.583
322	15    	852.264 	851.966  	852.718
323	15    	773.712 	60.5883  	852.518
324	15    	852.06  	850.089  	852.313
325	15    	852.251 	852.076  	852.367
326	15    	822.171 	595.223  	852.456
327	15    	852.332 	852.093  	852.652
328	15    	798.768 	329.445  	852.56 
329	15    	840.68  	682.268  	852.333
330	15    	846.067 	758.65   	852.543
331	15    	851.929 	847.896  	852.477
332	15    	803.462 	422.32   	852.78 
333	15    	825.191 	569.133  	852.536
334	15    	706.992 	16.1703  	852.846
335	15    	764.35  	23.2181  	852.518
336	15    	852.28  	852.008  	852.496
337	15    	773.69  	17.7444  	852.515
338	15    	833.947 	578.693  	852.429
339	15    	808.519 	490.567  	852.578
340	15    	739.975 	52.943   	852.461
341	15    	806.396 	166.491  	852.384
342	15    	771.577 	172.719  	852.485
343	15    	824.474 	650.01   	852.394
344	15    	774.412 	286.751  	854.196
345	15    	699.719 	-15.731  	856.288
346	15    	836.87  	621.142  	852.474
347	15    	754.154 	-10.9764 	863.034
348	15    	852.613 	851.895  	858.046
349	15    	780.94  	13.351   	864.086
350	15    	793.165 	-13.9462 	863.335
351	15    	745.143 	16.7445  	867.376
352	15    	823.853 	714.261  	882.731
353	15    	778.248 	56.5326  	870.669
354	15    	772.136 	147.845  	1041   
355	15    	826.294 	8.17468  	1056.04
356	15    	844.503 	44.0228  	1160.77
357	15    	922.589 	-11.808  	1175.1 
358	15    	1053.97 	377.72   	1231.36
359	15    	998.641 	12.7227  	1237.46
360	15    	1149.97 	835.296  	1238.56
361	15    	815.212 	6.97095  	1239.54
362	15    	950.682 	5.05969  	1242.12
363	15    	1015.81 	14.5436  	1331.1 
364	15    	1231.25 	974.74   	1333.4 
365	15    	1135.39 	5.20667  	1333.09
366	15    	1283.12 	1060.1   	1338.3 
367	15    	1266.57 	426.218  	1346.63
368	15    	1188.21 	139.004  	1383.44
369	15    	976.309 	19.7715  	1381.13
370	15    	999.176 	3.27063  	1385.7 
371	15    	1140.68 	21.0999  	1391.87
372	15    	1207.69 	18.9268  	1390.66
373	15    	1386.44 	1380.15  	1391.63
374	15    	1225.42 	119.971  	1401.47
375	15    	1223.61 	10.4337  	1396.68
376	15    	1298.21 	353.905  	1398.49
377	15    	1294.21 	6.03918  	1392.28
378	15    	1297.53 	10.5085  	1402.19
379	15    	1191.84 	12.0128  	1401.42
380	15    	1307.2  	382.417  	1398.6 
381	15    	1324.68 	651.762  	1391.21
382	15    	1196.04 	4.32288  	1397.34
383	15    	1387.87 	1381.57  	1394.47
384	15    	1308.79 	180.94   	1401.54
385	15    	1362.05 	963.315  	1403.94
386	15    	1389.25 	1362.1   	1409.44
387	15    	1325.98 	571.878  	1407.23
388	15    	1223.57 	8.83057  	1406.44
389	15    	1218.03 	7.88037  	1407.16
390	15    	1390.87 	1322.14  	1414.16
391	15    	1382.23 	1311.61  	1409.45
392	15    	1202.75 	4.98792  	1409.98
393	15    	1371.95 	1068.14  	1409.78
394	15    	1337.89 	672.37   	1410.33
395	15    	1375.16 	1313.59  	1405.49
396	15    	1280.3  	3.71399  	1478.63
397	15    	1317.6  	21.7635  	1475.58
398	15    	1242.72 	21.6543  	1483.29
399	15    	1148.16 	16.4651  	1478.58
400	15    	1191.83 	10.6522  	1483.05
401	15    	1134.67 	22.4637  	1480.94
402	15    	1294.46 	18.989   	1479.85
403	15    	1357.65 	14.8373  	1480.12
404	15    	1408.92 	1118.21  	1479.25
405	15    	1362.81 	8.18323  	1479.77
406	15    	1450.14 	1354.08  	1480.55
407	15    	1353.45 	15.5552  	1482.83
408	15    	1380.99 	170.064  	1478.2 
409	15    	1408.92 	1060.92  	1481.36
410	15    	1297.06 	20.1003  	1480.48
411	15    	1437.25 	1241.66  	1480.12
412	15    	1256.07 	12.6055  	1483.79
413	15    	1274.44 	22.7844  	1483.63
414	15    	1365.72 	139.275  	1481.04
415	15    	1374.7  	423.966  	1483.63
416	15    	1445.31 	1290.85  	1478.72
417	15    	1377.56 	346.367  	1480.45
418	15    	1448.3  	1219.87  	1481.25
419	15    	1400.23 	1166.8   	1479.02
420	15    	1365.17 	684.832  	1481.51
421	15    	1442.11 	1319.66  	1482.46
422	15    	1338.91 	13.7294  	1478.7 
423	15    	1460.24 	1404.57  	1479.41
424	15    	1309.71 	516.551  	1479.07
425	15    	1458.04 	1325.31  	1481.25
426	15    	1450.36 	1209.19  	1479.15
427	15    	1449.75 	1227.07  	1480.64
428	15    	1255.76 	18.5359  	1483.38
429	15    	1358.32 	2.81799  	1480.83
430	15    	1302.21 	8.43701  	1479.82
431	15    	1359.9  	13.9871  	1481.85
432	15    	1331.09 	257.201  	1485.73
433	15    	1372.76 	57.3071  	1483.7 
434	15    	1377.49 	108.342  	1484.07
435	15    	1231.58 	10.6289  	1481.98
436	15    	1325.61 	10.5039  	1479.92
437	15    	1244.73 	13.3049  	1479.22
438	15    	1318.86 	112.46   	1484.17
439	15    	1269.2  	-19.2407 	1482.4 
440	15    	1455.77 	1268.12  	1480.38
441	15    	1439.9  	1269.46  	1479.64
442	15    	1444.08 	1317.11  	1480.08
443	15    	1441.96 	1152.37  	1479.73
444	15    	1334.33 	8.07935  	1480.24
445	15    	1363.06 	80.2255  	1478.05
446	15    	1372.75 	22.1718  	1480.66
447	15    	1419.07 	1041.79  	1479.78
448	15    	1463.59 	1394.62  	1478.98
449	15    	1183.18 	99.1649  	1482.81
450	15    	1229.02 	1.6217   	1482.35
451	15    	1419.24 	1283.86  	1483.22
452	15    	1350.06 	7.88208  	1479.34
453	15    	1429.38 	1119.05  	1482.36
454	15    	1466.88 	1391.61  	1485.35
455	15    	1433.56 	1236.54  	1481.29
456	15    	1438.45 	1267.83  	1480.48
457	15    	1420.22 	1082.36  	1479.24
458	15    	1376.17 	753.826  	1484.21
459	15    	1326.67 	13.3505  	1479.82
460	15    	1462.57 	1334.47  	1483.3 
461	15    	1320.88 	21.8026  	1480.1 
462	15    	1469.15 	1407.5   	1483.7 
463	15    	1284.11 	39.895   	1479.12
464	15    	1403.68 	648.765  	1478.94
465	15    	1331.27 	11.0153  	1479.11
466	15    	1403.11 	650.45   	1478.93
467	15    	1255.01 	10.5514  	1483.89
468	15    	1173.83 	8.81885  	1480.08
469	15    	1434.35 	1180.22  	1479.48
470	15    	1255.88 	3.95264  	1485.84
471	15    	1362.55 	78.8208  	1484.12
472	15    	1238.13 	6.93408  	1480.07
473	15    	1435.52 	1120.02  	1479.41
474	15    	1361.24 	11.7368  	1479.6 
475	15    	1445.59 	1294.18  	1480.32
476	15    	1449.37 	1276.27  	1481   
477	15    	1419.16 	1180.1   	1482.79
478	15    	1418.98 	1237.33  	1479.79
479	15    	1342.34 	594.428  	1480.89
480	15    	1435.24 	1169.35  	1479.58
481	15    	1442.26 	1215.74  	1481.95
482	15    	1434.7  	1215.68  	1481.38
483	15    	1429.96 	1228.65  	1479.74
484	15    	1449.97 	1239.02  	1480.13
485	15    	1258.3  	11.8118  	1480.77
486	15    	1454.12 	1333.52  	1601.58
487	15    	1324.16 	21.3234  	1619.18
488	15    	1206.68 	10.8938  	1617.01
489	15    	1296.73 	10.1714  	1607.37
490	15    	1497.91 	122.725  	1604.6 
491	15    	1387.51 	16.1816  	1628.18
492	15    	1600.22 	1587.98  	1610.46
493	15    	1601.33 	1582.77  	1610.01
494	15    	1360.12 	-2045.25 	1617.41
495	15    	1599.33 	1575.73  	1609.24
496	15    	1490.54 	21.7511  	1606.26
497	15    	1503.33 	161.729  	1609.44
498	15    	1530.21 	540.629  	1610.23
499	15    	1603.96 	1589.64  	1612.38
500	15    	1367.92 	20.47    	1609.24
501	15    	1488.16 	66.9124  	1609.65
502	15    	1562.24 	1067.18  	1608.39
503	15    	1492.95 	53.9399  	1603.45
504	15    	919.565 	-5513.79 	1671.28
505	15    	1499.96 	123.089  	1607.12
506	15    	1280.33 	6.04956  	1608.78
507	15    	1589.79 	1404.67  	1608.18
508	15    	1406.3  	20.5791  	1610.92
509	15    	1357.94 	-2054.33 	1617.55
510	15    	1601.48 	1589.53  	1616.62
511	15    	1501.02 	123.524  	1609.23
512	15    	1599.86 	1580.85  	1614.31
513	15    	1414.11 	29.3578  	1615.48
514	15    	1600.37 	1575.78  	1608.62
515	15    	1497.84 	25.9274  	1611.44
516	15    	1603.67 	1594     	1610.82
517	15    	1273.92 	-1830.95 	1610.69
518	15    	1499.14 	99.0609  	1604.65
519	15    	1478.98 	147.307  	1607.49
520	15    	1603.08 	1594.36  	1616.81