gen 	nevals	avg    	min   	max   
1   	50    	1142.44	573.6 	3075.6
2   	50    	1222.8 	592.4 	3553.6
3   	50    	1445.24	627.6 	3223.6
4   	50    	2047.01	761.6 	4022.8
5   	50    	2328.55	949.6 	3519.2
6   	50    	2473.54	1315.6	3839.6
7   	50    	2626.74	1279.2	3685.6
8   	50    	2637.66	1632.4	3902.8
9   	50    	2763.34	1840.8	3750.4
10  	50    	2759.88	1244.8	4292.4
11  	50    	2822.9 	1385.6	3968.4
12  	50    	2867.89	1819.6	4772.4
13  	50    	2885.1 	1838.4	4778.8
14  	50    	2809.46	1236  	4418.4
15  	50    	2822.98	1430  	4358  
16  	50    	2904.68	1933.2	4475.2
17  	50    	3079.16	1617.6	4626  
18  	50    	2944.1 	2032.4	4007.2
19  	50    	3050.49	1960.4	5457.2
20  	50    	2985.29	1572.8	4523.6
21  	50    	3062.4 	1877.6	4881.2
22  	50    	3106.31	2099.2	4280  
23  	50    	3150.22	1863.6	4522.8
24  	50    	3073.42	1825.6	5045.6
25  	50    	3097.94	1952  	4380.8
26  	50    	3075.67	1966.8	4427.6
27  	50    	3101.5 	1967.6	4224.8
28  	50    	2981.01	2046.8	4084.8
29  	50    	3023.56	1961.2	4336  
30  	50    	2969.98	1848  	5066.8
31  	50    	3218.77	2002  	4894.8
32  	50    	3338.39	2042.8	4970.8
33  	50    	3108.42	2004.8	4839.2
34  	50    	2985.28	2020.4	4558  
35  	50    	3163.38	1995.6	4319.2
36  	50    	3143.14	2123.2	4310.8
37  	50    	3071.66	1744.8	4883.6
38  	50    	3184.22	2003.2	4661.6
39  	50    	3317.74	2214.4	5412.8
40  	50    	3174.94	2003.2	4715.6
41  	50    	3253.78	1760.8	5368.8
42  	50    	3287.59	2353.2	5560.4
43  	50    	3242.9 	2128.8	5206.8
44  	50    	3382.78	2182.4	4906.4
45  	50    	3225.66	1908.4	4555.2
46  	50    	3353.24	2347.2	4820.8
47  	50    	3198.88	1963.2	4273.6
48  	50    	3092.96	1675.6	4400.4
49  	50    	3358.39	2074  	4959.2
50  	50    	3304.46	2369.2	4838.4
51  	50    	3316.99	2247.2	5078.8
52  	50    	3259.31	2275.6	4717.2
53  	50    	3298.95	2076.8	5638.4
54  	50    	3148.8 	2088  	4205.2
55  	50    	3182.19	2225.2	5093.2
56  	50    	3433.77	1774.8	4851.2
57  	50    	3236.57	1806.8	4818.8
58  	50    	3233.82	1991.6	4398.8
59  	50    	3265.74	2288.4	4740  
60  	50    	3319.45	2039.6	4845.2
61  	50    	3462.43	1842.8	4592.8
62  	50    	3324.1 	2064  	5324.4
63  	50    	3417.74	2101.2	4575.6
64  	50    	3246.47	1923.2	4318.4
65  	50    	3329.63	2459.6	4646  
66  	50    	3431.51	2132.4	5156.8
67  	50    	3358.18	1941.2	4637.6
68  	50    	3377.82	2121.6	4673.6
69  	50    	3284.27	2129.6	4724.8
70  	50    	3160.02	2175.2	4337.2
71  	50    	3264.27	2036.8	4604  
72  	50    	3340.12	1906  	5082  
73  	50    	3334.51	2232.4	4411.2
74  	50    	3315.58	2250  	4766  
75  	50    	3421.47	2446.8	4829.2
76  	50    	3412.67	1572  	4841.6
77  	50    	3410.87	2305.2	4528.4
78  	50    	3373.1 	1863.6	5226  
79  	50    	3344.43	2065.2	4595.2
80  	50    	3307.41	2018.8	4664.8
81  	50    	3382.45	2296  	4347.2
82  	50    	3583.16	2317.2	5071.2
83  	50    	3457.23	2471.6	5223.2
84  	50    	3608.72	2134.4	5485.2
85  	50    	3431.06	2325.6	4725.2
86  	50    	3520.04	2303.6	5407.2
87  	50    	3434.65	2107.6	5288.4
88  	50    	3379.37	2010.4	4675.2
89  	50    	3414.92	2012.8	5074.4
90  	50    	3453.41	2397.6	5008.8
91  	50    	3430.27	2271.6	5182  
92  	50    	3332.42	2224.4	5299.6
93  	50    	3547.15	2462.8	4482  
94  	50    	3360.22	1981.2	5383.6
95  	50    	3398.78	2389.6	4994.8
96  	50    	3380.58	2202.4	4743.2
97  	50    	3407.53	2465.6	5432.8
98  	50    	3549.83	2573.2	4776  
99  	50    	3457.86	2346.8	4878.8
100 	50    	3450.34	2079.6	5786.4
101 	50    	3499.94	2270.8	4939.6
102 	50    	3561.54	2432.8	5201.2
103 	50    	3729.24	2144  	5688.4
104 	50    	3590.9 	2682  	5940  
105 	50    	3549.55	2537.6	4540  
106 	50    	3483.28	2370  	5425.6
107 	50    	3413.34	2264  	4954.4
108 	50    	3320.96	2000.4	4274.4
109 	50    	3481.3 	2202.4	5376.4
110 	50    	3389.73	2246.8	4864.4
111 	50    	3561.48	1877.2	4907.6
112 	50    	3712.56	2558.8	5966.4
113 	50    	3521.54	1942.4	5024.4
114 	50    	3320.89	2145.2	4894  
115 	50    	3568.07	2316  	4839.2
116 	50    	3444.25	1838.4	5009.2
117 	50    	3468.18	2112.4	5058.8
118 	50    	3496.19	2346.8	4635.2
119 	50    	3465.26	2260.4	5190  
120 	50    	3429.8 	2228.4	4555.2
121 	50    	3607.47	2520.4	5234.4
122 	50    	3388.11	2212  	5331.2
123 	50    	3536.93	2259.6	5829.2
124 	50    	3395.34	2104.4	4774.4
125 	50    	3423.49	2331.6	5748  
126 	50    	3489.49	2100.4	4506.8
127 	50    	3491.55	1915.6	4465.6
128 	50    	3489.5 	2371.2	4768  
129 	50    	3577.23	2316.8	5302.4
130 	50    	3618.38	2319.6	6120  
131 	50    	3490.55	2292.4	5203.6
132 	50    	3563.64	2330  	5276.4
133 	50    	3495.19	2314  	5595.6
134 	50    	3410.92	2328  	4460.4
135 	50    	3437.44	2290.8	4833.2
136 	50    	3429.1 	2328.8	4791.2
137 	50    	3700.37	2518.4	5673.2
138 	50    	3524.02	2678.4	5508.8
139 	50    	3469.93	1987.2	4706  
140 	50    	3459.75	2256.4	5226.8
141 	50    	3653.03	2378  	5547.2
142 	50    	3570.54	1938.4	5356.8
143 	50    	3565.7 	2372.4	4948.4
144 	50    	3482.93	2182.8	4622  
145 	50    	3415.47	1960.8	4922  
146 	50    	3441.1 	2157.2	4820.4
147 	50    	3609.15	2355.2	5012.4
148 	50    	3506.82	2134.4	4677.6
149 	50    	3428.57	2270.8	4614  
150 	50    	3540.14	2652  	4729.6
151 	50    	3466.26	2490  	4570  
152 	50    	3524.8 	1998.4	5094  
153 	50    	3475.74	2557.6	4701.6
154 	50    	3308.86	2156.4	5060  
155 	50    	3250.14	2405.2	5712  
156 	50    	3547.15	2052.8	5202.8
157 	50    	3517.37	2396  	5174.8
158 	50    	3616.5 	2188.4	5274.4
159 	50    	3606.22	2015.2	5157.2
160 	50    	3568.24	2314  	4688.4
161 	50    	3310.18	2151.2	4560.8
162 	50    	3502.77	2282.4	4915.6
163 	50    	3562.42	2231.6	4979.2
164 	50    	3559.36	2118.8	4947.6
165 	50    	3484.66	2505.2	4676.4
166 	50    	3567.95	2193.2	5182  
167 	50    	3389.62	2186  	5111.6
168 	50    	3569.58	2706  	4839.6
169 	50    	3433.22	2464.4	4890.4
170 	50    	3550.97	2517.6	5374  
171 	50    	3518.66	2540.8	4385.2
172 	50    	3567.03	2482.8	5339.2
173 	50    	3468.64	2245.6	5104  
174 	50    	3535.58	2285.6	4852.4
175 	50    	3548.69	2253.6	5212  
176 	50    	3653.88	2020  	5702.8
177 	50    	3635.77	2468.4	4906.4
178 	50    	3520.73	2127.2	5017.2
179 	50    	3579.42	2564  	5178  
180 	50    	3402.94	2166  	5171.2
181 	50    	3538.32	2469.2	6172.4
182 	50    	3703.8 	2600.8	5121.6
183 	50    	3626.02	2234.8	4855.6
184 	50    	3595.19	2448  	5140.4
185 	50    	3672.98	2682.4	5131.2
186 	50    	3512.35	2269.2	4587.2
187 	50    	3622.21	2276.8	5708.4
188 	50    	3529.51	2627.6	4745.2
189 	50    	3498.52	2300  	4837.2
190 	50    	3589.04	1801.6	6029.2
191 	50    	3398.35	2262.4	4881.2
192 	50    	3543.47	2520.4	4910  
193 	50    	3561.44	2114.8	5498.4
194 	50    	3604.68	2242.4	4959.6
195 	50    	3475.25	2410.4	4763.2
196 	50    	3554.74	2143.2	5424.4
197 	50    	3627.94	2699.6	6177.2
198 	50    	3483.87	2414  	4842.8
199 	50    	3587.11	2460  	5213.2
200 	50    	3584.87	2382.8	4983.2
201 	50    	3564.92	2398.8	4663.6
202 	50    	3594.91	2592  	5336  
203 	50    	3357.66	2248.4	4807.6
204 	50    	3489.13	2432  	4838.8
205 	50    	3526.92	2131.2	4927.6
206 	50    	3572.21	2234.4	4975.2
207 	50    	3703.91	2342  	5443.2
208 	50    	3583.32	2114.4	5296.8
209 	50    	3486.53	2593.2	4813.2
210 	50    	3623.96	2305.6	5155.6
211 	50    	3540.08	2145.2	4792.8
212 	50    	3485.69	2180.4	5506.4
213 	50    	3434.22	2267.6	4662.4
214 	50    	3421.41	2022.8	4701.6
215 	50    	3510.44	2380.4	4791.6
216 	50    	3476.37	2332  	5009.2
217 	50    	3598.26	1941.2	5391.6
218 	50    	3679.05	2520.8	5796.8
219 	50    	3564.73	2568.4	4426.8
220 	50    	3459.33	2402.4	5082  
221 	50    	3621.83	2244  	5181.2
222 	50    	3484.48	2327.2	5080  
223 	50    	3702.3 	2578.8	4866.8
224 	50    	3491.01	2342.4	5499.6
225 	50    	3566.72	2257.6	5279.6
226 	50    	3487.66	2113.2	4660.4
227 	50    	3646.15	2767.2	5182.8
228 	50    	3576.83	2328.4	5064  
229 	50    	3607.26	2248  	5168  
230 	50    	3482.43	2370  	4488.4
231 	50    	3478.62	2232.8	4750.4
232 	50    	3331.64	1789.2	4522  
233 	50    	3466.44	2542.4	5137.6
234 	50    	3358.28	2148.8	4994  
235 	50    	3563.18	2094  	5191.6
236 	50    	3303.18	2182  	5391.2
237 	50    	3464.05	2231.2	4853.6
238 	50    	3645.95	2555.6	5100  
239 	50    	3501.41	2318.8	4926  
240 	50    	3512.07	2411.6	5030.8
241 	50    	3759.24	2610.4	4802  
242 	50    	3497.17	2474.4	4616  
243 	50    	3329.96	1942.8	4238  
244 	50    	3599.95	2560  	4821.2
245 	50    	3599   	2467.2	4940.4
246 	50    	3620.19	2056  	5509.6
247 	50    	3624.38	2237.6	4957.2
248 	50    	3645.21	2609.6	4930.8
249 	50    	3518.52	2218.8	4849.2
250 	50    	3535.03	2222  	4897.6
251 	50    	3504.22	2470.4	5181.6
252 	50    	3590.23	2278.8	4976.4
253 	50    	3532.25	2189.6	5091.6
254 	50    	3554.1 	2601.2	5660.8
255 	50    	3582.5 	2138  	5254.8
256 	50    	3579.9 	2317.2	5039.2
257 	50    	3456.23	2393.2	4695.6
258 	50    	3360.93	2342  	4354  
259 	50    	3503.92	2522.8	5137.2
260 	50    	3427.35	1956.8	4966.4
261 	50    	3469.06	2359.2	4961.2
262 	50    	3468.53	2108.4	5070  
263 	50    	3580.14	2216.4	4822.8
264 	50    	3618.62	2427.2	4908.4
265 	50    	3507.74	2242  	5437.2
266 	50    	3603.1 	2514.8	5358.8
267 	50    	3659.05	2093.2	4824.4
268 	50    	3537.83	2089.2	5331.6
269 	50    	3714.96	2306  	5470.8
270 	50    	3624.22	2447.6	5336  
271 	50    	3645.79	2544  	5001.6
272 	50    	3633.91	2130.4	5869.6
273 	50    	3485.86	2392.4	4624.8
274 	50    	3500.53	2216.8	5185.6
275 	50    	3441.06	1938  	5400  
276 	50    	3478.61	2535.6	4974  
277 	50    	3606.14	2087.2	5188.4
278 	50    	3620.91	2493.6	5684  
279 	50    	3442.92	1872.4	4589.2
280 	50    	3833.74	2284  	6169.2
281 	50    	3415.78	1938.4	4687.6
282 	50    	3709.41	2440  	5159.6
283 	50    	3659.83	2536.4	5060  
284 	50    	3430.67	2503.2	4996.8
285 	50    	3497.32	2219.2	4850.8
286 	50    	3444.29	2314.4	5409.6
287 	50    	3468.58	2422  	4732.8
288 	50    	3577.07	2133.6	4888.4
289 	50    	3735.98	2663.2	4930.8
290 	50    	3649.76	2396.4	4948  
291 	50    	3336.9 	2165.6	4728  
292 	50    	3683.86	2676.4	4867.2
293 	50    	3685.11	2316.8	5156.4
294 	50    	3664.26	2184.4	5134  
295 	50    	3575.57	2306.8	4554  
296 	50    	3552.98	2358.4	4821.2
297 	50    	3603.08	2610.4	5716.8
298 	50    	3504.14	2344.4	5394  
299 	50    	3617.02	2254.8	4962.8
300 	50    	3724.97	2160  	4963.2
301 	50    	3513.42	2189.2	4722.8
302 	50    	3660.34	2702.4	4696.8
303 	50    	3644.77	2575.6	4947.2
304 	50    	3477.8 	2636.8	4707.6
305 	50    	3459.71	2176.8	4905.6
306 	50    	3617.1 	2491.2	5306.4
307 	50    	3565.37	2500.8	5027.2
308 	50    	3610.4 	2178.8	5604  
309 	50    	3651.15	1900.8	5727.2
310 	50    	3641.57	2337.2	4735.6
311 	50    	3672.83	1850  	5219.2
312 	50    	3672.7 	2565.2	4584.8
313 	50    	3630.86	2256.8	5310.8
314 	50    	3591.31	2287.6	6222.4
315 	50    	3554.42	2186.8	5476.8
316 	50    	3597.1 	2306  	5695.2
317 	50    	3631.42	2642.8	5090.8
318 	50    	3610.54	2156.8	5081.2
319 	50    	3569.86	2252.8	4667.6
320 	50    	3502.42	2134.8	4762.4
321 	50    	3448.29	2113.6	5136  
322 	50    	3562.16	2324.8	5049.6
323 	50    	3528.9 	1853.2	4980  
324 	50    	3665.31	2549.6	5005.2
325 	50    	3478.77	2135.2	5419.6
326 	50    	3664.25	2472.8	5693.2
327 	50    	3720.82	2147.6	4804.8
328 	50    	3615.68	2661.6	5227.2
329 	50    	3460.11	2222.4	5194.8
330 	50    	3486.78	2453.6	5244  
331 	50    	3661.61	2586.4	5078  
332 	50    	3565.87	1882.8	5524.4
333 	50    	3625.46	2382.4	5482.8
334 	50    	3452.65	2295.2	4471.6
335 	50    	3636.17	2352  	6112.8
336 	50    	3586.54	2326.4	4832  
337 	50    	3653.29	2430.4	4819.2
338 	50    	3575.44	2328.8	5175.6
339 	50    	3570.02	2113.6	4994.4
340 	50    	3730.64	2596  	5343.6
341 	50    	3628.59	2432  	5258.8
342 	50    	3540.43	2052  	4583.6
343 	50    	3588.2 	1909.6	5321.2
344 	50    	3708.85	2279.2	4955.2
345 	50    	3641.39	2386.8	5181.2
346 	50    	3695.19	2461.6	5679.2
347 	50    	3579.15	2108  	5508.4
348 	50    	3507.28	2449.6	4840.4
349 	50    	3597.86	2325.6	4889.6
350 	50    	3560.54	2527.6	5156.4
351 	50    	3710.94	2226.4	5929.6
352 	50    	3479.76	2559.6	5290.4
353 	50    	3552.46	2411.6	5242.4
354 	50    	3696.07	2382  	5037.6
355 	50    	3644.2 	2454.4	5257.6
356 	50    	3703.63	2135.2	5474  
357 	50    	3696.71	2106.8	4737.2
358 	50    	3643.92	2335.6	4646.4
359 	50    	3652.3 	2076  	5353.2
360 	50    	3701.66	2637.6	5220.8
361 	50    	3775.33	2262.8	5842.8
362 	50    	3525.42	2563.2	5149.2
363 	50    	3617.94	2563.6	5233.2
364 	50    	3655.9 	1804.8	5223.2
365 	50    	3562.56	2276  	5190.8
366 	50    	3522.36	1823.2	5432.4
367 	50    	3617.73	2375.6	5419.2
368 	50    	3618.15	2235.6	4850.8
369 	50    	3678.29	2565.2	4797.6
370 	50    	3689.22	2513.6	5142.4
371 	50    	3677.4 	2163.6	5280  
372 	50    	3750.89	2750  	5425.2
373 	50    	3659.18	2543.6	4847.6
374 	50    	3730.45	2394  	5043.2
375 	50    	3669.13	2361.2	5011.6
376 	50    	3718.45	2601.2	5808.4
377 	50    	3628.64	2262.4	5170.8
378 	50    	3542.02	2351.6	4820.4
379 	50    	3607.22	2276  	5222.8
380 	50    	3519.33	1842.4	5247.6
381 	50    	3718.59	2751.2	5192.4
382 	50    	3691.48	2409.2	4773.2
383 	50    	3639.1 	2039.2	4995.6
384 	50    	3662.09	2216.4	4995.6
385 	50    	3628.55	2568.8	5529.6
386 	50    	3727.21	2823.2	5631.6
387 	50    	3630.74	2660  	5264  
388 	50    	3436.21	1974  	5276.8
389 	50    	3699.88	2201.6	5222  
390 	50    	3721.79	2720  	5500.4
391 	50    	3549.26	2206.4	5542.4
392 	50    	3649.61	2234.4	5665.2
393 	50    	3488.91	2410  	4538.8
394 	50    	3651.76	2768.4	5358.8
395 	50    	3574.94	2653.6	4896.8
396 	50    	3538.58	2525.6	5141.6
397 	50    	3618.62	2111.6	4768  
398 	50    	3607.22	2293.6	4831.6
399 	50    	3645.83	1989.6	4762.8
400 	50    	3638.75	2385.6	4958.4
401 	50    	3535.61	1795.6	4698.4
402 	50    	3595.22	2535.6	5168  
403 	50    	3729.18	2154.4	5403.6
404 	50    	3496.5 	2007.6	5007.6
405 	50    	3464.26	2244.4	4722.8
406 	50    	3513.74	2248.8	5332.4
407 	50    	3670.54	2747.2	4849.2
408 	50    	3594.4 	2159.2	5702.8
409 	50    	3669.23	2513.2	5310.4
410 	50    	3513.86	2268.8	5430.4
411 	50    	3689.1 	1816.8	5301.6
412 	50    	3689.68	2480.4	5013.2
413 	50    	3491.95	2352.4	5035.6
414 	50    	3546.69	2346  	4757.2
415 	50    	3492.03	2448.8	4961.2
416 	50    	3645.1 	2375.2	5322  
417 	50    	3628.44	2444.4	4909.2
418 	50    	3604.45	2372.4	5680.4
419 	50    	3571.62	2629.2	4994  
420 	50    	3614.67	2338  	5119.2
421 	50    	3752.75	1885.2	5818.8
422 	50    	3758.99	2465.2	5435.6
423 	50    	3744.87	1938.8	5287.2
424 	50    	3706.39	2656  	4970.8
425 	50    	3602.94	2541.6	4922.4
426 	50    	3661.02	2758.8	4861.6
427 	50    	3620.07	2435.2	5301.6
428 	50    	3619.66	2036.4	5338.8
429 	50    	3678.26	2544.8	5967.6
430 	50    	3657.57	2177.2	5509.2
431 	50    	3496.69	1966.4	4766  
432 	50    	3660.9 	2628.8	4986.4
433 	50    	3642.71	2302  	5092.4
434 	50    	3606.81	2578.8	5327.2
435 	50    	3682.1 	2624.8	4986.8
436 	50    	3591.55	2537.2	4611.6
437 	50    	3614.17	2622.4	5659.2
438 	50    	3551.54	2743.6	5399.6
439 	50    	3633.7 	2285.6	5743.6
440 	50    	3560.74	2505.6	5206  
441 	50    	3519.26	2096.8	5643.2
442 	50    	3585.57	2712.4	4544  
443 	50    	3741.66	2394.4	5281.2
444 	50    	3592.46	2171.6	5206.8
445 	50    	3587.26	2413.2	5122  
446 	50    	3611.26	2567.6	4776.8
447 	50    	3681.52	2528  	5122.4
448 	50    	3695.79	2650.4	5395.6
449 	50    	3542.87	2398  	4535.6
450 	50    	3733.14	2131.2	5550.8
451 	50    	3606.19	2374.4	5036.8
452 	50    	3569.5 	2436.4	5500.8
453 	50    	3465.42	2325.6	4726.8
454 	50    	3753.72	2444.8	6157.6
455 	50    	3580.6 	2269.6	4573.2
456 	50    	3611.57	2554  	5382  
457 	50    	3621.98	2424.4	5325.2
458 	50    	3585.69	2477.6	4976.8
459 	50    	3550.85	2243.6	4414.8
460 	50    	3676.62	2477.6	5726.4
461 	50    	3591.2 	2162.8	4911.2
462 	50    	3631.7 	2590.4	5030.4
463 	50    	3443.29	2102  	4856.4
464 	50    	3759.51	2279.6	5470.4
465 	50    	3686.42	2449.2	5294.4
466 	50    	3622.04	2125.2	4717.2
467 	50    	3693.41	2294.4	5410  
468 	50    	3605.77	1974  	5226.8
469 	50    	3649.44	2570.4	4726  
470 	50    	3613.26	2297.6	4994  
471 	50    	3730.96	2472.4	4951.2
472 	50    	3658.34	2560.8	5153.6
473 	50    	3681.77	2109.2	5236  
474 	50    	3623.1 	2376.8	4642.8
475 	50    	3595.45	2680.8	4846.8
476 	50    	3782.06	2654.4	5366.8
477 	50    	3480.34	2453.2	5027.6
478 	50    	3787.86	2318  	4827.2
479 	50    	3671.91	2454.8	5317.2
480 	50    	3712.93	2770.8	5189.6
481 	50    	3817.74	2590.8	5698.8
482 	50    	3745.11	2675.2	5369.6
483 	50    	3744.04	2448  	4949.6
484 	50    	3721.19	2581.6	5134  
485 	50    	3633.14	2378.4	5363.2
486 	50    	3697.66	2280  	5819.2
487 	50    	3640.53	2583.2	5151.2
488 	50    	3894.85	2472.8	6097.2
489 	50    	3566.57	2465.6	4924.8
490 	50    	3672.94	2368.4	5768  
491 	50    	3621.99	2355.6	5175.6
492 	50    	3775.7 	2689.6	4930.4
493 	50    	3584.65	2419.2	4781.6
494 	50    	3504.09	2466  	5008.8
495 	50    	3782.18	2305.2	5248  
496 	50    	3656.17	2476.4	5139.6
497 	50    	3662.21	2354.4	5393.6
498 	50    	3743.94	2556  	5528.4
499 	50    	3806.3 	2593.2	5212.4
500 	50    	3620.38	2335.2	5047.2
501 	50    	3599.58	2591.6	4900.8
502 	50    	3705.42	2703.6	5916.4
503 	50    	3510.14	2085.2	4654  
504 	50    	3504.62	1968  	4924  
505 	50    	3637.11	2467.2	5801.6
506 	50    	3500.12	2452.8	5030  
507 	50    	3492.46	2210.4	5471.6
508 	50    	3610.81	2230.8	5420.4
509 	50    	3574.16	2101.2	5155.2
510 	50    	3633.43	2322.8	5291.2
511 	50    	3494.1 	1945.2	4906.4
512 	50    	3620.02	2102.4	5120.8
513 	50    	3535.18	2376.4	4643.6
514 	50    	3604.58	2326.8	4900.8
515 	50    	3487.7 	1879.2	4692.4
516 	50    	3649.94	2492.4	4847.2
517 	50    	3669.21	2432.4	5287.2
518 	50    	3666.98	2456.8	5625.2
519 	50    	3694.01	2504.8	5181.2
520 	50    	3637.39	2402.4	4979.6
521 	50    	3487.85	2324.8	5684  
522 	50    	3491.3 	2219.2	4740  
523 	50    	3714.83	2683.6	5060.8
524 	50    	3582.28	2610.4	5342  
525 	50    	3638.54	2102.8	5833.6
526 	50    	3542.57	2136.8	5067.6
527 	50    	3595.54	2489.6	4856.4
528 	50    	3366   	2158  	5384.8
529 	50    	3524.36	2475.6	4843.6
530 	50    	3503.14	2084.4	4776.8
531 	50    	3671.59	2315.6	5403.2
532 	50    	3717.3 	2156  	5811.6
533 	50    	3433.43	2055.2	4744.8
534 	50    	3428.34	2394.8	4612.4
535 	50    	3680.19	2507.6	4968.8
536 	50    	3613.44	2698.4	4716.8
537 	50    	3599.43	2567.2	4814.4
538 	50    	3478.21	2097.2	4891.2
539 	50    	3561.1 	2362  	5164.4
540 	50    	3681.09	1989.2	4701.2
541 	50    	3555.82	2188.8	5451.2
542 	50    	3796.67	2708  	5131.2
543 	50    	3659.44	2371.2	5100.4
544 	50    	3763.9 	2139.6	5400.4
545 	50    	3475.42	2177.6	4710.8
546 	50    	3493.42	2317.2	4806  
547 	50    	3495.07	2452.8	5076.8
548 	50    	3441.06	2464.8	4591.6
549 	50    	3506.06	2178.4	4672  
550 	50    	3459.88	1683.2	4787.2
551 	50    	3618.91	2108  	5393.6
552 	50    	3456.45	1722.4	5205.6
553 	50    	3485.28	2150.8	5906.4
554 	50    	3318.01	2140.4	4616  
555 	50    	3414.06	2225.2	4752  
556 	50    	3501.81	2116.4	4892  
557 	50    	3508.06	2233.2	4962  
558 	50    	3371.5 	2224.8	4878.4
559 	50    	3603.63	2643.2	5274.8
560 	50    	3445.83	2274.8	5231.6
561 	50    	3454.01	2266.8	4709.6
562 	50    	3552.62	2134.4	5451.2
563 	50    	3499.84	2242  	5055.6
564 	50    	3514.38	2389.2	5352.8
565 	50    	3566.26	2201.6	4665.6
566 	50    	3667.85	2110.4	5172.4
567 	50    	3607.92	2364.8	5591.2
568 	50    	3562.9 	2354.8	5285.6
569 	50    	3581.29	2513.6	5594.4
570 	50    	3404.69	2378  	4531.2
571 	50    	3480.07	2314  	5436.8
572 	50    	3733.08	1949.6	5573.2
573 	50    	3553.47	2388  	4857.6
574 	50    	3656.34	2207.2	5212.8
575 	50    	3471.61	2248  	4766.4
576 	50    	3525.92	2580  	5112.4
577 	50    	3436.98	2155.2	4862.4
578 	50    	3529.17	2196.8	4710.4
579 	50    	3646.8 	2214  	4803.6
580 	50    	3577.5 	2140.4	4994  
581 	50    	3526.84	2070.4	5149.2
582 	50    	3592.4 	2582.8	5051.2
583 	50    	3542.78	2293.6	5029.6
584 	50    	3635.47	2031.6	5519.6
585 	50    	3697.98	2297.6	5438  
586 	50    	3503.83	2131.2	5249.2
587 	50    	3676.86	2596  	4959.2
588 	50    	3594.1 	2580.8	4962.8
589 	50    	3597.9 	2382.4	4898.4
590 	50    	3655.97	2434  	5329.6
591 	50    	3477.29	2388.8	5273.6
592 	50    	3624.63	2148.4	5620  
593 	50    	3648.53	2474.8	5642  
594 	50    	3691.78	2242.8	5633.2
595 	50    	3609.22	2083.2	5390  
596 	50    	3578.54	2060.8	5140  
597 	50    	3569.38	2509.6	5227.6
598 	50    	3652.98	2622.8	4906.4
599 	50    	3512.54	2316.4	5094  
600 	50    	3490.76	2120.8	5121.6
601 	50    	3626.96	2597.6	4975.6
602 	50    	3528.03	2183.2	5083.2
603 	50    	3548.78	2479.2	4812.8
604 	50    	3649.59	2396  	4964  
605 	50    	3463.75	2236.4	5226.4
606 	50    	3605.42	2406.4	5164  
607 	50    	3661.1 	2460  	5492.4
608 	50    	3573.43	2317.6	5123.6
609 	50    	3748.54	2364  	5401.2
610 	50    	3611.83	2301.2	5036.8
611 	50    	3656.63	2457.6	5030.8
612 	50    	3699.99	2366.4	5784.4
613 	50    	3612.54	2268.8	4814  
614 	50    	3618.4 	2647.2	4854.8
615 	50    	3528.84	2358.4	5702.4
616 	50    	3520.85	2085.6	5718.8
617 	50    	3571.34	2331.6	5186  
618 	50    	3579.31	2361.2	4986  
619 	50    	3550.68	1932  	5399.6
620 	50    	3485.46	2432  	4679.6
621 	50    	3616.38	2315.2	5069.2
622 	50    	3735.06	2464  	5446.4
623 	50    	3547.52	2446.4	6192  
624 	50    	3716.74	2708.4	4922  
625 	50    	3693.33	2554.8	5739.2
626 	50    	3599.78	2038  	5064  
627 	50    	3596.27	2214.4	4797.6
628 	50    	3620.65	2159.2	5667.2
629 	50    	3395.58	2125.2	4739.6
630 	50    	3592.38	2532.8	5154.8
631 	50    	3581.14	2220.8	4885.2
632 	50    	3604.28	2018.8	5268.8
633 	50    	3520.9 	2184.8	5018  
634 	50    	3595.78	2284  	5043.2
635 	50    	3542.02	2119.6	4744.8
636 	50    	3471.96	1907.2	5342  
637 	50    	3626.58	2263.6	4722  
638 	50    	3605.3 	2320.4	5112  
639 	50    	3847.43	2681.6	4994.4
640 	50    	3588.52	2331.6	5654  
641 	50    	3669.79	2844  	5073.6
642 	50    	3526.93	2301.2	5290  
643 	50    	3493.65	2258.4	4713.6
644 	50    	3563.42	1916.8	4758.8
645 	50    	3722.52	2640.8	5887.2
646 	50    	3643.45	2476  	5136  
647 	50    	3562.26	2294  	5553.6
648 	50    	3576.08	1992.8	5166.4
649 	50    	3507.91	2165.6	4536.4
650 	50    	3637.5 	2508.8	5371.2
651 	50    	3623.67	2828.4	5040.8
652 	50    	3704.02	2352  	5496  
653 	50    	3551.73	2194.8	5288.4
654 	50    	3497.15	1942.4	4769.6
655 	50    	3668.17	2414  	5868.8
656 	50    	3544.42	2401.6	5011.2
657 	50    	3557.54	2040.4	5245.2
658 	50    	3595.63	2216.8	5046  
659 	50    	3552.34	2498.8	5757.2
660 	50    	3549.61	2486  	5113.2
661 	50    	3659.21	2374.4	4753.2
662 	50    	3537.21	2175.6	4870.8
663 	50    	3672.67	2197.6	4708.8
664 	50    	3564.66	2306.8	5127.6
665 	50    	3513.34	2261.2	4764.4
666 	50    	3495.78	2073.2	4660.4
667 	50    	3530.16	1790.8	4965.2
668 	50    	3550.71	2466.4	5070  
669 	50    	3574   	2676.4	4890  
670 	50    	3580.54	2168  	4562.4
671 	50    	3670.72	2546.8	5176.8
672 	50    	3382.46	2139.2	4706.4
673 	50    	3741.89	2492  	5467.2
674 	50    	3661.86	2398  	6015.6
675 	50    	3629.41	2592.8	5008.4
676 	50    	3827.48	2028.8	5289.6
677 	50    	3601.71	2604  	5068.8
678 	50    	3576.17	2216.4	5210.4
679 	50    	3502.87	2330.4	5048  
680 	50    	3551.67	2540.4	4925.2
681 	50    	3597.24	2203.2	5060.4
682 	50    	3612.42	2624.4	4666.4
683 	50    	3581.3 	2330  	6260  
684 	50    	3526.5 	2343.2	4901.2
685 	50    	3610.1 	1928.8	5355.2
686 	50    	3569.96	2543.2	5194.8
687 	50    	3704.38	2082.8	5664.4
688 	50    	3602.58	2681.2	4844.8
689 	50    	3390.82	1983.6	5292  
690 	50    	3489.74	1701.6	4978.8
691 	50    	3582.24	2193.2	4992  
692 	50    	3853.98	2655.2	5770.4
693 	50    	3649.3 	2280.8	5543.2
694 	50    	3683.39	2246  	5796  
695 	50    	3635.62	2404  	5020  
696 	50    	3696.29	2279.6	4926.4
697 	50    	3670.66	2476  	5715.2
698 	50    	3624.82	1986.4	4746.4
699 	50    	3638.81	2640.4	5308  
700 	50    	3561.15	2571.2	5533.2
701 	50    	3699.47	2056  	4905.6
702 	50    	3715.61	2182.8	5402  
703 	50    	3687.74	2108.8	5486  
704 	50    	3475.2 	2348  	5164.8
705 	50    	3608.56	2519.6	6323.2
706 	50    	3768.15	2395.2	5235.2
707 	50    	3603.13	2359.2	4865.6
708 	50    	3466.63	2560  	5367.6
709 	50    	3708.97	2431.6	5292  
710 	50    	3602.47	2488.4	4874  
711 	50    	3676.98	2225.2	6377.2
712 	50    	3674.73	2151.2	4884.4
713 	50    	3648.79	2387.6	5268.8
714 	50    	3669.58	2538.4	5720.4
715 	50    	3677.36	2233.2	5234  
716 	50    	3674.86	2281.2	5271.6
717 	50    	3598.18	2223.2	5095.6
718 	50    	3697.3 	2570.8	5311.6
719 	50    	3564.09	2366.8	4690.4
720 	50    	3641.6 	2652  	5482  
721 	50    	3695.86	1916  	4923.6
722 	50    	3610.65	2377.2	5477.2
723 	50    	3532.91	2141.6	4730  
724 	50    	3817.78	2505.2	5710  
725 	50    	3593.48	2070.8	5790.4
726 	50    	3614.29	2343.2	5048.4
727 	50    	3793.25	2512.4	5233.6
728 	50    	3578.31	2663.6	6488.8
729 	50    	3798.46	2546.8	5186.8
730 	50    	3754.25	2168.8	4896.8
731 	50    	3576.07	2424.8	5589.2
732 	50    	3748.83	2278.4	5319.2
733 	50    	3729.9 	2757.6	4996.8
734 	50    	3560.82	2230.4	5077.2
735 	50    	3570.94	2528  	5032.4
736 	50    	3697.58	2446.4	5084.8
737 	50    	3817.32	2130.8	5443.2
738 	50    	3857.21	2721.6	5722.4
739 	50    	3478.1 	2084.4	4817.2
740 	50    	3563.58	2287.6	4760.4
741 	50    	3884.41	2542.4	5383.2
742 	50    	3573.54	2552.4	5109.2
743 	50    	3765.14	2257.2	5509.2
744 	50    	3696.98	2262  	5444.4
745 	50    	3565.84	2529.6	4724  
746 	50    	3573.87	2406  	5059.6
747 	50    	3641.14	2439.6	5511.2
748 	50    	3611.81	2256.8	5156.4
749 	50    	3655.75	2601.6	5680  
750 	50    	3637.4 	2203.6	4680.8
751 	50    	3622.51	2340  	5480  
752 	50    	3807.14	2040.8	5315.2
753 	50    	3820.73	2558.8	5541.6
754 	50    	3660.52	2212.4	4730  
755 	50    	3695.46	2624.8	5548  
756 	50    	3685.34	2435.2	5530.4
757 	50    	3705.35	2452.8	5132.4
758 	50    	3647.45	1858.4	5024  
759 	50    	3671.43	1649.2	5810.4
760 	50    	3592.55	2242.8	5158.4
761 	50    	3724.25	2735.2	6646  
762 	50    	3680.22	2485.6	5208  
763 	50    	3679.68	2498.8	5290  
764 	50    	3628.85	2501.6	4979.6
765 	50    	3563.5 	2137.6	5099.2
766 	50    	3521.02	2394.4	5682.4
767 	50    	3568.7 	2132  	5314.4
768 	50    	3618.86	1990.8	6898  
769 	50    	3646.34	2186  	4871.2
770 	50    	3580.42	2272.4	5070.8
771 	50    	3610.88	2647.2	5240.4
772 	50    	3600.63	2325.2	4591.6
773 	50    	3583.42	2354.4	4720.8
774 	50    	3811.43	2202.4	5897.6
775 	50    	3633.02	2673.2	5350  
776 	50    	3658.75	1930.4	4997.6
777 	50    	3736.3 	1945.6	6195.6
778 	50    	3669.87	2556  	4929.6
779 	50    	3518.7 	2424  	4439.6
780 	50    	3699.41	2085.2	5410.4
781 	50    	3637.92	2372.8	5804.4
782 	50    	3687.26	2418.8	5355.6
783 	50    	3713.12	2490  	4898  
784 	50    	3683.07	2700.8	5580.8
785 	50    	3630.77	2317.6	4708  
786 	50    	3591.8 	2522.4	4870.4
787 	50    	3806.32	2050.4	5703.2
788 	50    	3572.1 	2072.8	5465.2
789 	50    	3693.51	2438.8	5867.2
790 	50    	3707.49	2535.6	5463.6
791 	50    	3601.37	2410.8	5166  
792 	50    	3611.34	2408.4	5080  
793 	50    	3544.25	2342.8	5112.4
794 	50    	3516.06	2180  	4949.6
795 	50    	3734.96	2261.6	5318.4
796 	50    	3464.43	2427.6	4917.6
797 	50    	3570.05	2362  	4948  
798 	50    	3762.67	2503.6	5379.2
799 	50    	3714.87	2338.4	4924.8
800 	50    	3763.2 	2606  	5216  
801 	50    	3725.18	2422.4	6217.6
802 	50    	3532.54	2101.6	4868.4
803 	50    	3690.5 	2154  	5096  
804 	50    	3779.96	2243.6	5274.8
805 	50    	3795.45	2703.2	5076.4
806 	50    	3806.26	2449.6	5553.2
807 	50    	3492.49	2044.8	5083.6
808 	50    	3534.46	2635.2	4740  
809 	50    	3569.7 	2316.4	5689.6
810 	50    	3620.65	2264.4	4609.6
811 	50    	3597.17	2503.2	5558  
812 	50    	3645.5 	2606.8	5130.4
813 	50    	3602.78	2202.4	5294.8
814 	50    	3538.04	2010  	4642.4
815 	50    	3459.14	2349.6	4784.8
816 	50    	3568.18	1892  	4760.4
817 	50    	3652.99	2792.8	5087.6
818 	50    	3726.42	2611.2	4873.2
819 	50    	3612.41	2344  	4962.4
820 	50    	3642.82	2063.6	5508.4
821 	50    	3626.72	2163.2	5673.6
822 	50    	3492.98	2172.4	5916.8
823 	50    	3582.72	2421.2	5273.6
824 	50    	3559.02	2514.4	5072.8
825 	50    	3828.05	2502.4	5415.2
826 	50    	3654.02	2447.6	5547.6
827 	50    	3828.04	2562  	5711.6
828 	50    	3492.03	2447.6	4993.6
829 	50    	3667.66	2436.4	5101.6
830 	50    	3657.46	2364.8	5121.2
831 	50    	3413.68	2432.8	4598  
832 	50    	3615.05	2409.2	5135.2
833 	50    	3729.02	2270.8	4980.8
834 	50    	3522.21	2371.6	5739.6
835 	50    	3725.25	2558.4	5309.2
836 	50    	3577.2 	2232.8	4741.2
837 	50    	3537.14	2515.2	5663.2
838 	50    	3912.66	2472.4	6051.6
839 	50    	3706.04	2015.6	5403.6
840 	50    	3639.12	2325.6	5373.6
841 	50    	3672.94	2430.8	5168  
842 	50    	3740.22	2699.6	4821.2
843 	50    	3735.92	2657.6	5755.2
844 	50    	3457.16	2061.2	4844  
845 	50    	3739.43	2532.8	5024.8
846 	50    	3676.93	1869.2	5527.6
847 	50    	3607.22	2581.2	4765.6
848 	50    	3764.88	2472.8	5859.2
849 	50    	3760.18	2370.8	5523.6
850 	50    	3561.29	2332.4	5170  
851 	50    	3652   	2162  	5129.2
852 	50    	3631.63	2489.6	4584  
853 	50    	3654.26	2463.2	5810.4
854 	50    	3668.1 	2462  	5038.4
855 	50    	3573.86	2372.8	4552.8
856 	50    	3622.14	2221.6	4965.6
857 	50    	3565.54	2419.2	5200  
858 	50    	3501.85	2120.8	5717.2
859 	50    	3585.04	2251.6	4583.6
860 	50    	3519.06	2252  	4767.2
861 	50    	3648.61	2548.8	5146.8
862 	50    	3737.82	2678.8	5242.8
863 	50    	3566.7 	2602.8	4739.6
864 	50    	3436.62	2315.2	4610.4
865 	50    	3513.56	2152.8	5006.4
866 	50    	3699.24	2333.6	5385.6
867 	50    	3688.54	2465.6	5113.2
868 	50    	3520.69	2252  	4962  
869 	50    	3566.35	2303.2	5368.8
870 	50    	3628.52	2380  	4514.4
871 	50    	3486.93	2257.2	4888.8
872 	50    	3460.67	2330.4	5129.6
873 	50    	3578.65	2273.6	5375.6
874 	50    	3573.56	2591.2	5068  
875 	50    	3680.1 	2593.6	5324.4
876 	50    	3644.63	2165.6	5274  
877 	50    	3574.26	2574.4	5086.8
878 	50    	3634.49	2388.4	5034  
879 	50    	3604.62	2157.2	5492.4
880 	50    	3656.7 	2251.6	4883.6
881 	50    	3422.68	2408.8	5118.8
882 	50    	3480.94	2302  	4806.8
883 	50    	3621.83	2490.4	4803.2
884 	50    	3706.86	2425.6	5444  
885 	50    	3577.46	2173.2	4820.4
886 	50    	3760.35	2286  	5324.8
887 	50    	3724.51	2463.6	5137.2
888 	50    	3587.32	2710  	4775.2
889 	50    	3669.34	2183.6	5006.8
890 	50    	3580.63	2552.4	5692  
891 	50    	3666.21	2525.2	5292.4
892 	50    	3533.66	2322.8	5290.4
893 	50    	3459.28	1982.4	4651.6
894 	50    	3558.84	2485.2	4746.4
895 	50    	3595.94	2568.8	5732.4
896 	50    	3585.13	2260.4	4717.2
897 	50    	3728.39	2365.2	5530.8
898 	50    	3607.59	2252.4	5549.2
899 	50    	3640.33	2239.2	5368.8
900 	50    	3655.18	2019.6	5210  
901 	50    	3585.83	2490.4	4746  
902 	50    	3695.76	2392.8	5063.2
903 	50    	3570.94	2468.4	6046.8
904 	50    	3670.85	2164.8	5930  
905 	50    	3666.06	2663.6	6342.4
906 	50    	3547.43	2123.6	4830  
907 	50    	3640.18	2488  	5095.6
908 	50    	3712.22	2512.4	4842.8
909 	50    	3662.66	2486.8	5022  
910 	50    	3704.79	2358  	5260.8
911 	50    	3656.74	2701.2	4970.8
912 	50    	3652.55	2812  	5096  
913 	50    	3548.57	2368  	4782.8
914 	50    	3521.44	1984  	4860.4
915 	50    	3567.28	2348  	5203.6
916 	50    	3514.75	2400.8	4807.6
917 	50    	3361.69	2380.8	4857.6
918 	50    	3548.78	2156.8	4915.6
919 	50    	3608.92	2412  	4955.6
920 	50    	3651.66	2339.2	5130  
921 	50    	3580.9 	1784.4	5177.6
922 	50    	3659.04	2493.2	5170  
923 	50    	3534.99	2164.8	4987.6
924 	50    	3595.33	2338.8	4966.4
925 	50    	3597.09	2576.8	5439.2
926 	50    	3626.02	2250.8	4865.2
927 	50    	3533.42	2330.8	5454  
928 	50    	3648.62	2365.2	5569.6
929 	50    	3694.98	2283.6	4814  
930 	50    	3630.33	2739.6	5649.2
931 	50    	3618.24	2358  	5439.6
932 	50    	3653.98	2476.4	5306  
933 	50    	3535.93	2252.4	4682.8
934 	50    	3588.67	2128  	4606.4
935 	50    	3605.9 	2715.2	5162.8
936 	50    	3794.58	2865.2	5462  
937 	50    	3615.56	2146.4	6531.6
938 	50    	3638.74	2556  	5216  
939 	50    	3613.22	2227.6	5039.2
940 	50    	3649.64	2556  	5287.2
941 	50    	3648.87	2451.2	5935.6
942 	50    	3725.3 	2143.6	5678  
943 	50    	3668.46	2268  	5192.4
944 	50    	3576.62	1992.8	5194.8
945 	50    	3673.54	2107.6	4864.4
946 	50    	3712.64	2486  	5205.6
947 	50    	3589.8 	2574  	4777.2
948 	50    	3448.63	2345.2	4786  
949 	50    	3735.37	2294.8	5352.4
950 	50    	3474.06	2041.2	5444  
951 	50    	3629.66	2302.4	5379.6
952 	50    	3623.58	2749.6	4988.8
953 	50    	3630.85	2355.6	5150  
954 	50    	3662.13	2376.8	4952.4
955 	50    	3696.58	2402  	5180.8
956 	50    	3616.2 	2529.2	4995.2
957 	50    	3693.86	2487.2	5197.6
958 	50    	3720.85	2325.6	5210  
959 	50    	3461.29	2345.2	4571.6
960 	50    	3774.82	2425.2	5558.4
961 	50    	3649.82	2549.6	5830.4
962 	50    	3795.35	2478.8	5495.6
963 	50    	3812.46	2669.6	5280.8
964 	50    	3654.35	2247.6	6014  
965 	50    	3809.86	2301.2	5116  
966 	50    	3623.81	2405.6	5310.4
967 	50    	3615.77	2168  	5580.8
968 	50    	3469.56	2448.4	4650  
969 	50    	3716.29	2330  	5244.4
970 	50    	3631.18	2118  	5513.6
971 	50    	3632.18	2219.6	4996.4
972 	50    	3722.34	2491.2	5928  
973 	50    	3586.15	2027.6	5649.6
974 	50    	3565.93	2299.2	4668  
975 	50    	3586.74	2488.4	5248  
976 	50    	3477.27	2320  	5011.6
977 	50    	3832.31	2029.2	6027.2
978 	50    	3734.38	2657.2	5001.2
979 	50    	3601.82	2409.2	4980.8
980 	50    	3680.98	2407.6	4960.8
981 	50    	3642.13	2505.6	4830  
982 	50    	3655.41	2415.2	5286.4
983 	50    	3679.66	2238.8	5059.6
984 	50    	3672.62	2552.8	5272  
985 	50    	3759.13	2503.6	5292.4
986 	50    	3624.62	2273.6	5136.8
987 	50    	3816.06	2472.4	5798.8
988 	50    	3735.87	2240.4	5084.4
989 	50    	3584.49	2320  	4694.8
990 	50    	3678.36	2092  	5048.8
991 	50    	3590.41	2206.4	4916.4
992 	50    	3640.59	2172.4	5062.4
993 	50    	3628.76	2245.6	5472  
994 	50    	3632.47	2340  	5574.4
995 	50    	3617.7 	2321.2	4804  
996 	50    	3615.66	2354.4	5191.6
997 	50    	3601.57	2589.2	5282.4
998 	50    	3703.03	2636.8	5108.8
999 	50    	3558.1 	2152  	4977.2
1000	50    	3746.06	2462.4	5599.6
1001	50    	3493.37	2339.2	5110  
1002	50    	3582.53	2543.6	4850  
1003	50    	3491.14	2254.4	5318  
1004	50    	3684.73	2390  	4727.2
1005	50    	3442.61	2148.8	4646.8
1006	50    	3614.74	2145.6	5124.4
1007	50    	3813.83	2601.6	5814  
1008	50    	3646.95	2542.4	5068  
1009	50    	3569.38	2707.2	4956  
1010	50    	3649.86	2506  	5022.4
1011	50    	3543.68	2374  	4958.8
1012	50    	3590.58	2484.8	5462.4
1013	50    	3693.22	2148  	5299.6
1014	50    	3603.29	2390  	5194  
1015	50    	3434.85	2307.6	4861.6
1016	50    	3657.13	2092  	4830.8
1017	50    	3537.57	1914.8	5327.6
1018	50    	3484.9 	2271.2	6063.2
1019	50    	3850.73	2640  	5204.4
1020	50    	3660.89	2486.4	4954  
1021	50    	3725.94	2555.2	5094  
1022	50    	3668.32	2418.4	5187.6
1023	50    	3668.19	2467.6	4608.4
1024	50    	3480.96	2420  	4794.4
1025	50    	3594.33	2264  	4864.8
1026	50    	3705.74	2486  	5100.4
1027	50    	3648.14	2305.2	5318  
1028	50    	3680.71	2670.4	5205.6
1029	50    	3663.09	2564.4	5129.2
1030	50    	3735.01	2418.8	5307.2
1031	50    	3709.31	2644.8	5469.6
1032	50    	3730.14	2678.8	5220.8
1033	50    	3634.64	2318.4	5108  
1034	50    	3716.82	2563.2	4496.4
1035	50    	3499.77	2168.8	4594  
1036	50    	3696.37	2652.4	5286  
1037	50    	3754.07	2543.6	5136  
1038	50    	3606.59	2230.8	5469.2
1039	50    	3707.74	2578.8	5081.2
1040	50    	3615.62	2353.2	4828.4
1041	50    	3736.35	2412.4	5272.8
1042	50    	3754.98	2552.8	5359.2
1043	50    	3635.07	2537.2	4766.8
1044	50    	3615.71	2610.4	6036  
1045	50    	3567.77	2429.6	5219.2
1046	50    	3486.12	1854.8	5886  
1047	50    	3687.57	2454.8	5144.4
1048	50    	3585.34	2424  	5035.6
1049	50    	3524.62	2443.2	5060.8
1050	50    	3707.56	2588  	5370.8
1051	50    	3564.72	2062.8	4608  
1052	50    	3798.27	2453.6	5516.4
1053	50    	3498.93	2333.6	4897.2
1054	50    	3663.3 	2131.6	4938.8
1055	50    	3633.47	2310  	5636.4
1056	50    	3621.18	2306.8	5628  
1057	50    	3772.63	2351.6	5370  
1058	50    	3651.67	2405.2	5532.8
1059	50    	3716.26	2443.2	4896.4
1060	50    	3765.06	2490.4	5355.6
1061	50    	3454.72	2137.6	5822  
1062	50    	3495.02	2105.2	5107.2
1063	50    	3585.43	2258.4	5132.4
1064	50    	3728.78	2716  	5012.4
1065	50    	3694.17	2792.8	5422  
1066	50    	3586.5 	2468.4	5064  
1067	50    	3635.23	2224.4	4845.2
1068	50    	3781.65	2735.6	5525.2
1069	50    	3683.36	2456  	5018.4
1070	50    	3700.07	2743.2	5351.6
1071	50    	3521.9 	2027.2	4688.8
1072	50    	3622.16	2319.2	4782.4
1073	50    	3712.14	2754.4	5045.2
1074	50    	3554.84	2375.2	5053.6
1075	50    	3518.73	2547.6	4974.8
1076	50    	3565.94	2341.6	5966.8
1077	50    	3741.31	1990  	5304  
1078	50    	3763.06	2544.8	5524.4
1079	50    	3830.52	2168.4	5695.2
1080	50    	3695   	2418.8	5177.2
1081	50    	3681.72	2364  	5399.2
1082	50    	3667.55	2668.8	5144  
1083	50    	3629.74	2251.6	5190.8
1084	50    	3744.46	2241.2	5567.6
1085	50    	3758.49	2648.8	5394.8
1086	50    	3756.16	2598.4	5677.6
1087	50    	3655.74	2306.8	4750.4
1088	50    	3754.66	2423.2	5304  
1089	50    	3611.06	1864.4	5009.2
1090	50    	3677.19	2228.4	5541.2
1091	50    	3708.75	2165.2	5432  
1092	50    	3747.9 	2443.2	5261.6
1093	50    	3644.54	1978.8	4995.6
1094	50    	3692.53	2276.8	4879.6
1095	50    	3716.48	2085.2	6254.8
1096	50    	3636.21	2446.4	4767.2
1097	50    	3600.05	2105.6	5008  
1098	50    	3646.61	2612  	4931.2
1099	50    	3725.88	2283.2	5160.8
1100	50    	3643.5 	2502.4	4895.6
1101	50    	3656.42	2508.4	5667.2
1102	50    	3625.92	2694.8	6016  
1103	50    	3700.5 	2411.6	5102.8
1104	50    	3712.54	2380  	5687.6
1105	50    	3502.69	1914  	5227.2
1106	50    	3649.78	2340.4	5902.8
1107	50    	3655.88	2384.4	5352  
1108	50    	3587.34	2346  	5404  
1109	50    	3479.96	2111.6	5604  
1110	50    	3667.21	2264.8	4682.4
1111	50    	3829.32	1964  	5946.4
1112	50    	3608.86	2387.2	4873.2
1113	50    	3676.14	2090  	5642.4
1114	50    	3774.35	2467.6	5686.8
1115	50    	3674.66	2684.8	4736.4
1116	50    	3612.39	2478.8	4973.6
1117	50    	3636.02	2210.4	5240  
1118	50    	3737.65	2327.6	6135.2
1119	50    	3782.92	2214.4	5002  
1120	50    	3632.31	2130.8	4863.6
1121	50    	3512.66	2404.8	5566.8
1122	50    	3788.52	2308.8	5680.4
1123	50    	3659.58	2511.2	5500.8
1124	50    	3799.09	2722.4	5260.8
1125	50    	3678.9 	2465.2	5255.2
1126	50    	3712.52	2132.4	4769.2
1127	50    	3701.57	2549.2	5253.2
1128	50    	3683.82	2451.6	5539.2
1129	50    	3703.88	2391.2	5443.6
1130	50    	3697.37	2582.8	5079.2
1131	50    	3700.88	2581.2	5576.4
1132	50    	3725.25	2394.4	5513.2
1133	50    	3831.51	2602  	5773.6
1134	50    	3500.15	2284.4	5017.6
1135	50    	3523.68	2729.2	5422.4
1136	50    	3714.04	2162.8	5033.2
1137	50    	3725.55	2409.2	5767.2
1138	50    	3745.06	2516.8	4799.6
1139	50    	3579.63	2039.6	5183.6
1140	50    	3704.89	2414  	5616.4
1141	50    	3671.73	2401.2	5593.2
1142	50    	3735.68	2384.4	5061.2
1143	50    	3556.1 	2439.6	5315.6
1144	50    	3682.29	2425.6	5298.8
1145	50    	3541.59	2213.2	4801.2
1146	50    	3659.96	2204.4	5970.4
1147	50    	3610.66	2168  	5051.6
1148	50    	3798.99	2674.8	5163.2
1149	50    	3538.15	2425.2	4878.8
1150	50    	3714.08	2171.6	5096.4
1151	50    	3565.92	2206  	5420.4
1152	50    	3728.06	2580  	5329.2
1153	50    	3654.42	2081.6	5762  
1154	50    	3632.63	2349.2	5688  
1155	50    	3766.74	2546.4	5716  
1156	50    	3772.64	2557.2	5176  
1157	50    	3622.89	2417.2	4854.8
1158	50    	3607.01	2344.8	4685.2
1159	50    	3645.07	2695.6	5684  
1160	50    	3682.82	2601.6	5551.2
1161	50    	3622.28	2478.4	5193.2
1162	50    	3692.68	2520.8	5208.8
1163	50    	3533.77	2256  	5314.8
1164	50    	3781.22	2670.4	5469.2
1165	50    	3597.02	2184  	4977.6
1166	50    	3609.12	2128  	5291.6
1167	50    	3715.08	2414  	5855.6
1168	50    	3600.19	2404.8	4641.6
1169	50    	3839.08	2208  	5693.6
1170	50    	3512.1 	2061.6	5219.6
1171	50    	3510.72	2450.8	5973.2
1172	50    	3540.31	2537.6	5314.4
1173	50    	3457.57	2552.4	4368  
1174	50    	3568.24	2414.8	5117.2
1175	50    	3507.51	2331.2	4760.4
1176	50    	3762.68	2581.2	6023.6
1177	50    	3768.7 	2295.6	4999.6
1178	50    	3644.66	2524.8	4798.4
1179	50    	3747.34	2490.4	4920.4
1180	50    	3502.13	2261.2	4578.4
1181	50    	3634.99	2635.2	4919.6
1182	50    	3609.35	2542  	4955.2
1183	50    	3548.52	1861.2	5388.4
1184	50    	3547.42	2572.8	5294  
1185	50    	3407.42	2427.6	5225.2
1186	50    	3588.55	2424  	4780.8
1187	50    	3595.1 	2576.8	5068.4
1188	50    	3609.46	2267.6	4603.6
1189	50    	3477.07	2227.6	5511.2
1190	50    	3576.97	2342.4	4908.4
1191	50    	3627.24	2351.2	5022  
1192	50    	3697.34	2242  	5011.6
1193	50    	3751.84	2344  	5286.8
1194	50    	3581.62	2248  	5862  
1195	50    	3659.49	2560  	6279.2
1196	50    	3801.19	2557.6	5409.2
1197	50    	3634.34	2166.4	5222.8
1198	50    	3639.74	2302  	5012  
1199	50    	3523.6 	2124.8	5643.6
1200	50    	3649.81	2366.4	5412  
1201	50    	3585.72	2475.2	4846  
1202	50    	3487.95	2243.2	4632.4
1203	50    	3617.35	2608  	5141.6
1204	50    	3592.71	2468.8	4798.4
1205	50    	3725.98	2162.8	6751.2
1206	50    	3604.66	2090.4	5158.4
1207	50    	3592.46	2314  	4868.8
1208	50    	3537.13	2219.2	5221.2
1209	50    	3629.7 	2247.6	4916.8
1210	50    	3557.77	2276  	5056.4
1211	50    	3625.83	2420.4	5159.2
1212	50    	3587.1 	2232.8	5342  
1213	50    	3631.45	2272.8	5332.8
1214	50    	3321.92	2018.8	4626.8
1215	50    	3421.6 	2090.4	5008.4
1216	50    	3428.32	2077.2	4518.4
1217	50    	3496.49	2152.4	5212  
1218	50    	3624.58	2450.4	4882.8
1219	50    	3539.6 	2364.8	4881.6
1220	50    	3580.22	2511.6	4834.4
1221	50    	3630.82	2502.4	5540.8
1222	50    	3549.75	2512  	5315.6
1223	50    	3629.8 	2143.2	4941.2
1224	50    	3596.52	2354  	4699.2
1225	50    	3664.2 	1762  	4902  
1226	50    	3436.36	2546  	4778.8
1227	50    	3654.97	2589.2	5482.4
1228	50    	3788.98	2184.4	5391.2
1229	50    	3560.84	2408.4	5128.4
1230	50    	3496.35	2217.6	4868.8
1231	50    	3686.71	2486.4	5119.2
1232	50    	3580.61	2418  	5005.6
1233	50    	3597.4 	1947.6	5637.6
1234	50    	3371.89	2205.2	5551.6
1235	50    	3604.22	2564  	5167.2
1236	50    	3598.63	2483.2	4544  
1237	50    	3627.82	2281.6	5747.6
1238	50    	3544   	2374.8	5529.6
1239	50    	3702.16	1845.6	5520  
1240	50    	3550.22	2265.6	5486  
1241	50    	3591.32	2525.2	4756.4
1242	50    	3596.23	2007.2	5258.8
1243	50    	3648.67	2510  	5478.8
1244	50    	3548.15	1940.8	5569.2
1245	50    	3745.39	2909.2	4981.6
1246	50    	3583.35	2475.2	4707.2
1247	50    	3697.47	2419.6	5150.8
1248	50    	3586.5 	2100.4	5267.2
1249	50    	3517.95	2563.6	5000  
1250	50    	3624.96	2129.2	5259.2