gen 	nevals	avg    	min   	max   
0   	50    	1828.85	442.4 	3542  
1   	50    	2118.92	671.6 	3381.6
2   	50    	2228.68	489.6 	3349.2
3   	50    	2415.78	696   	3314  
4   	50    	2493.86	878   	3576.4
5   	50    	2388.87	1755.6	3396.8
6   	50    	2523.78	1619.6	3568.4
7   	50    	2468.5 	1560.8	3720.4
8   	50    	2483.6 	1510  	4411.2
9   	50    	2414.45	1891.2	3384  
10  	50    	2491.7 	1678.4	3500  
11  	50    	2525.78	1636.4	3412  
12  	50    	2430.99	1803.2	3237.6
13  	50    	2468.84	1534.8	4252  
14  	50    	2489.11	1666  	4140.8
15  	50    	2442.54	1742  	3564.8
16  	50    	2421.8 	1160  	3450  
17  	50    	2402.03	1322.4	3281.6
18  	50    	2506.34	1761.2	3514.4
19  	50    	2453.97	1617.2	3452  
20  	50    	2544.95	1674  	3300.4
21  	50    	2489.18	1611.6	3517.6
22  	50    	2459.81	1600  	3388.8
23  	50    	2519.7 	1886.4	3239.6
24  	50    	2437.09	1549.6	3852  
25  	50    	2427.9 	1701.2	3216  
26  	50    	2431.8 	1622.4	4430.8
27  	50    	2409.32	1410  	3370.4
28  	50    	2437.52	1393.2	3595.2
29  	50    	2413.46	1635.6	3445.6
30  	50    	2489.23	1741.2	3734.8
31  	50    	2511.48	1530.8	3938  
32  	50    	2338.13	1446.4	3235.6
33  	50    	2433.58	1524.8	3562.8
34  	50    	2455.93	1039.6	3188.4
35  	50    	2418.65	902   	3783.2
36  	50    	2496.27	1638  	3613.6
37  	50    	2376.4 	1486.4	3518.8
38  	50    	2550.83	1274.4	3549.2
39  	50    	2316.17	1166  	3948.4
40  	50    	2397.21	1447.2	3657.6
41  	50    	2351.38	1552  	3486.4
42  	50    	2391.6 	1644.4	3208.4
43  	50    	2307.42	1524.8	3566  
44  	50    	2352.45	1319.2	3860.8
45  	50    	2321.26	1382.8	3787.2
46  	50    	2370.16	828.8 	3279.6
47  	50    	2405.03	717.6 	4408.8
48  	50    	2341.26	712.8 	3573.6
49  	50    	2299.45	1149.6	3051.6
50  	50    	2430.05	1314  	3267.6
51  	50    	2384.01	1512.4	3395.2
52  	50    	2421.35	1669.2	3357.6
53  	50    	2458.2 	1429.2	3397.6
54  	50    	2398.01	1638  	3396.8
55  	50    	2494.31	1678.8	4190  
56  	50    	2246.4 	1346  	3041.2
57  	50    	2444.01	1720  	3478.8
58  	50    	2497   	1298  	3796  
59  	50    	2524.6 	1544.8	4192  
60  	50    	2459.03	1395.2	3512.4
61  	50    	2407.86	1294  	4059.6
62  	50    	2497.69	1100.8	3802  
63  	50    	2513.93	1260.8	4151.6
64  	50    	2533.14	1471.6	3772.4
65  	50    	2478.31	1426  	3627.6
66  	50    	2573.52	1617.6	3975.6
67  	50    	2544.3 	1496.8	4336.4
68  	50    	2438.63	1536  	3368.4
69  	50    	2607.2 	1465.2	4622.4
70  	50    	2469.16	1066.8	5862  
71  	50    	2425.46	1006.8	3803.2
72  	50    	2449.28	1237.6	3734  
73  	50    	2490.1 	1170.4	4845.2
74  	50    	2528.17	1161.6	3649.2
75  	50    	2434.42	1526  	4011.2
76  	50    	2498.26	1231.2	3704.8
77  	50    	2404.22	1196.4	4049.2
78  	50    	2485.01	1364.8	3968  
79  	50    	2492.7 	1407.2	3710.8
80  	50    	2433.96	1030.4	3588.8
81  	50    	2514.21	1345.2	3772  
82  	50    	2371.92	1078.8	3486.8
83  	50    	2441.79	1300.8	3696.8
84  	50    	2444.81	1061.2	3670  
85  	50    	2492.58	1650.4	3628.4
86  	50    	2466.06	1540  	3376  
87  	50    	2556.42	1247.2	4540.4
88  	50    	2481.94	984   	5354.8
89  	50    	2442.06	1511.2	3890.8
90  	50    	2507.6 	1330.4	4151.2
91  	50    	2296.3 	1363.2	4038.8
92  	50    	2376.42	835.6 	4256  
93  	50    	2328.15	881.2 	4186  
94  	50    	2477.54	760.4 	3990  
95  	50    	2368.23	999.2 	4871.2
96  	50    	2427.46	824.4 	5194.4
97  	50    	2510.54	1189.2	4246.4
98  	50    	2446.38	1289.2	4288  
99  	50    	2432.91	976.8 	4216.4
100 	50    	2398.41	1433.6	4088  
101 	50    	2426.24	1152.4	3604  
102 	50    	2404.62	1555.6	3398.4
103 	50    	2441.59	1126.4	4009.6
104 	50    	2521.78	1686  	4334.8
105 	50    	2307.53	1323.2	3764.8
106 	50    	2397.82	1164.8	3358  
107 	50    	2374.34	1067.6	3249.6
108 	50    	2411.77	1200.4	3437.2
109 	50    	2514.7 	1445.2	4192.8
110 	50    	2402.48	950   	4373.6
111 	50    	2460.74	899.6 	4058.8
112 	50    	2530.09	994   	4892.8
113 	50    	2478.07	786.8 	3845.2
114 	50    	2473.32	722.4 	3885.2
115 	50    	2390.96	1120  	3626  
116 	50    	2502.78	1024.8	4262.4
117 	50    	2444.42	1352  	3824  
118 	50    	2530.33	1231.2	4344.4
119 	50    	2461.97	1612  	4324  
120 	50    	2491.88	1528.8	4176.8
121 	50    	2513.29	1422.4	3864  
122 	50    	2387.64	1605.6	4386  
123 	50    	2394.62	1378.8	3754.8
124 	50    	2482.31	1632.4	4034  
125 	50    	2531.17	1438  	4409.6
126 	50    	2686.93	1538.8	4748.8
127 	50    	2479.48	1319.2	4208  
128 	50    	2437.59	1399.6	3583.2
129 	50    	2363.22	1400  	4457.6
130 	50    	2492.9 	1398.4	4162.8
131 	50    	2430.4 	1304  	3615.2
132 	50    	2489.13	1417.6	3511.2
133 	50    	2443.14	1668.8	3734.4
134 	50    	2516.1 	1628  	3854.8
135 	50    	2469.09	1545.6	4574.8
136 	50    	2693.26	1810.8	4632.4
137 	50    	2531.47	1610.4	3831.2
138 	50    	2415.5 	1160.8	3395.6
139 	50    	2541.18	1658.8	3652  
140 	50    	2466.4 	1386.8	3818.8
141 	50    	2538.55	1015.6	4180  
142 	50    	2493.49	1519.2	3454  
143 	50    	2543.95	1492.8	3548.8
144 	50    	2525.03	1524.8	3896.8
145 	50    	2550.23	1353.6	3762.8
146 	50    	2440   	1297.2	4474.4
147 	50    	2422.79	1350.8	3798.8
148 	50    	2338.89	1137.6	3553.6
149 	50    	2568.86	1290.8	3837.2
150 	50    	2476.05	1462  	4696.4
151 	50    	2455.97	1298  	3933.6
152 	50    	2465.7 	1169.6	4626.4
153 	50    	2457.01	1451.6	3307.2
154 	50    	2493.95	969.2 	4084.8
155 	50    	2462.06	1222.4	3830  
156 	50    	2429.07	1527.6	4025.2
157 	50    	2372.79	1067.6	4711.2
158 	50    	2400.84	1027.2	4734.8
159 	50    	2427.3 	1404.8	5038  
160 	50    	2450.46	1544.8	4014.8
161 	50    	2506.83	1040.8	3911.6
162 	50    	2398.65	1553.6	3749.2
163 	50    	2343.89	1678.4	3227.6
164 	50    	2480.38	1108.4	4434  
165 	50    	2454.9 	1503.6	3798.8
166 	50    	2523.02	1434  	4357.2
167 	50    	2525.12	1505.2	4030.4
168 	50    	2485.89	1621.6	3361.6
169 	50    	2579.97	1321.2	4269.2
170 	50    	2541.76	1342  	4344.8
171 	50    	2564.11	1000.4	4264  
172 	50    	2589.38	1560.4	4154.4
173 	50    	2498.9 	1193.2	3580  
174 	50    	2506.29	1525.6	4106  
175 	50    	2598.87	1280.4	4651.6
176 	50    	2499.32	1444  	3941.2
177 	50    	2520.27	1366.4	3423.6
178 	50    	2527.34	1190.8	4355.2
179 	50    	2578.36	1118.4	4200  
180 	50    	2620.07	927.6 	4274.8
181 	50    	2703.28	1722.8	5222.4
182 	50    	2716.86	1460  	4471.6
183 	50    	2674.68	1251.2	4634  
184 	50    	2533.17	1408  	5248  
185 	50    	2686.77	1471.2	4468.8
186 	50    	2597.18	1447.2	4776.4
187 	50    	2650.66	1615.2	3838.8
188 	50    	2652.47	1518.4	4347.2
189 	50    	2585.65	1576.8	4050.8
190 	50    	2637.98	1567.6	4024  
191 	50    	2592   	1425.6	3961.6
192 	50    	2600.54	1204.8	3673.2
193 	50    	2608.09	1336.4	4026.8
194 	50    	2580.84	1390.8	4132.8
195 	50    	2534.42	1360.4	4108.4
196 	50    	2692.03	1312.4	4843.6
197 	50    	2554.86	1503.2	4412.8
198 	50    	2518.18	1192  	3761.2
199 	50    	2619.48	1277.6	4502  
200 	50    	2532.1 	1373.2	4632  
201 	50    	2518.59	1630  	4785.2
202 	50    	2576.55	1606.8	4448  
203 	50    	2415.06	1473.2	3832  
204 	50    	2614.13	1380  	4815.2
205 	50    	2535.1 	1472.8	4206.8
206 	50    	2539.94	1705.6	3868  
207 	50    	2557.68	1682  	3918.8
208 	50    	2560.81	1249.2	4486.4
209 	50    	2561.89	1589.6	4020  
210 	50    	2536.96	1548  	3841.2
211 	50    	2546.94	1241.6	3749.2
212 	50    	2602.58	1340.4	5048  
213 	50    	2568.51	1353.6	4135.2
214 	50    	2402.31	1255.6	4463.2
215 	50    	2570.58	1231.6	4139.2
216 	50    	2537.37	1368.8	5053.2
217 	50    	2487.61	1344.8	4170.8
218 	50    	2460.17	1212  	3676.8
219 	50    	2551.5 	1673.2	3925.6
220 	50    	2433.33	1401.2	4191.2
221 	50    	2557   	1193.2	3965.2
222 	50    	2436.06	1128  	4274.8
223 	50    	2551.84	1596.4	3833.6
224 	50    	2530.29	1638  	3618  
225 	50    	2474.03	1464.4	3429.6
226 	50    	2562.09	1293.6	5071.2
227 	50    	2496.26	1313.2	3943.6
228 	50    	2443.64	1506.4	3896.4
229 	50    	2478.02	1694.8	4175.2
230 	50    	2411.83	1289.6	3384.8
231 	50    	2511.42	1693.6	3660.8
232 	50    	2480.3 	1384.4	4147.2
233 	50    	2599.54	1619.2	4464.4
234 	50    	2618.04	1692.4	5565.6
235 	50    	2532.06	1650.8	3803.6
236 	50    	2551.46	1404.4	4705.6
237 	50    	2461.86	1398  	4852  
238 	50    	2520.62	1477.2	4055.2
239 	50    	2574.05	1490  	4810.4
240 	50    	2541.38	1506.4	4563.6
241 	50    	2511.64	874   	4235.2
242 	50    	2382.69	1578.8	4341.6
243 	50    	2420.4 	1414.8	3673.6
244 	50    	2475.16	1678.8	4421.6
245 	50    	2464.41	1439.6	3537.6
246 	50    	2504.53	1356.8	4618.8
247 	50    	2336.98	1190.8	4440.8
248 	50    	2432.66	1335.6	4872.4
249 	50    	2498.98	1632.4	4817.2
250 	50    	2575.64	1775.2	4040  
251 	50    	2509.54	1582.4	4203.2
252 	50    	2438.78	1323.6	3820.8
253 	50    	2470.75	1422  	3674.8
254 	50    	2443.77	1574.8	3317.2
255 	50    	2626.94	1783.6	4971.6
256 	50    	2525.17	1465.2	3981.2
257 	50    	2500.84	1292.8	3790.8
258 	50    	2431.34	1443.6	3482  
259 	50    	2654.19	1316.8	5020.8
260 	50    	2594.72	1523.2	3929.6
261 	50    	2655.06	1722.8	4922.4
262 	50    	2364   	1218.4	4377.6
263 	50    	2589.73	1135.2	4674  
264 	50    	2529.15	1220.4	4389.6
265 	50    	2471.88	1550.8	3938.8
266 	50    	2462.55	1411.2	4145.6
267 	50    	2467.17	1141.6	3835.6
268 	50    	2521.45	1458  	4096  
269 	50    	2540.38	1107.6	5005.2
270 	50    	2438.86	1628  	3817.6
271 	50    	2496.82	1414.8	4134.4
272 	50    	2452.74	1230.8	3699.6
273 	50    	2406.54	1552.4	4412  
274 	50    	2488.67	1756  	4307.6
275 	50    	2546.57	1474.4	4474  
276 	50    	2380.62	1206.8	4056.4
277 	50    	2529.37	1543.2	4612  
278 	50    	2553.9 	1340.8	4718.8
279 	50    	2531.14	1346.8	4841.2
280 	50    	2507.35	1436  	4241.2
281 	50    	2482.75	1488.8	4171.2
282 	50    	2462.15	1371.2	4744.4
283 	50    	2560.21	1503.6	4688  
284 	50    	2655.39	1622.4	4433.6
285 	50    	2592.19	1559.6	4644  
286 	50    	2468.21	1539.6	3749.2
287 	50    	2576.67	1741.2	4052.8
288 	50    	2583.31	1282  	4207.6
289 	50    	2582.22	1611.6	4415.6
290 	50    	2588.51	1452.8	4039.6
291 	50    	2508.36	1431.6	3694.4
292 	50    	2647.37	1344.8	3820  
293 	50    	2689.51	1564.4	3636  
294 	50    	2619.1 	1669.6	4389.2
295 	50    	2608.57	1873.2	4298.8
296 	50    	2594.08	1028.4	4550.4
297 	50    	2669.33	1847.2	3858  
298 	50    	2633.22	1510.8	4545.2
299 	50    	2674.78	1577.2	4762.8
300 	50    	2736.12	1590.4	4317.6
301 	50    	2584.03	1492.4	4470  
302 	50    	2561.77	1789.2	4515.6
303 	50    	2592.2 	1680.8	3993.2
304 	50    	2733.61	1450  	4852.4
305 	50    	2676.54	1573.2	4250.8
306 	50    	2845.13	1538.8	5197.6
307 	50    	2622.39	1466.4	4028.8
308 	50    	2601.53	1164.4	4266.8
309 	50    	2627.54	1301.6	3762.8
310 	50    	2578.62	1092.8	4081.6
311 	50    	2651.5 	1025.6	4657.2
312 	50    	2616.84	1733.2	4473.2
313 	50    	2671.69	1470  	4408  
314 	50    	2731.78	1548.4	4566.4
315 	50    	2664.07	1722.4	4110.4
316 	50    	2719.15	1559.6	4171.6
317 	50    	2743.9 	1668  	5101.2
318 	50    	2548.35	1458.8	4330  
319 	50    	2671.17	1358  	4766.8
320 	50    	2527.76	1555.6	3955.6
321 	50    	2471.8 	1546  	4836.4
322 	50    	2626.62	1369.6	4092.4
323 	50    	2784.85	1360.8	4636  
324 	50    	2735.7 	1736.8	5833.6
325 	50    	2669.51	1482  	4464  
326 	50    	2553.64	1501.2	3658  
327 	50    	2632.08	1681.6	4024.8
328 	50    	2700.65	1735.2	3823.6
329 	50    	2711.15	1626  	5565.2
330 	50    	2634.65	1668.8	4098  
331 	50    	2702.52	1762.8	4355.2
332 	50    	2687.1 	1854.8	4692  
333 	50    	2568.19	1746.8	4188.8
334 	50    	2673.54	1555.2	3929.2
335 	50    	2593.33	1644.4	3985.2
336 	50    	2547.19	1579.2	4328  
337 	50    	2452.54	1331.6	4010.4
338 	50    	2543.12	1812.4	3784  
339 	50    	2483.61	1421.2	4486  
340 	50    	2608.34	1177.6	3963.2
341 	50    	2635.68	1562  	4574  
342 	50    	2496.46	1367.2	3844.8
343 	50    	2621.23	1784  	5452.8
344 	50    	2557.04	1561.2	4428  
345 	50    	2489.27	1471.2	4226  
346 	50    	2539.76	1660.8	4655.2
347 	50    	2398.65	1477.6	4186.8
348 	50    	2568.84	1330.8	4882  
349 	50    	2661.9 	1439.6	5226.4
350 	50    	2580.67	1137.6	3735.6
351 	50    	2509.37	1418.4	3613.6
352 	50    	2419.1 	1379.6	4036.4
353 	50    	2477.76	1113.6	4088  
354 	50    	2473.76	1204.4	4684.4
355 	50    	2543.64	1388.8	4177.6
356 	50    	2530.19	1547.2	3962.4
357 	50    	2554.41	1292.4	3980  
358 	50    	2490.46	1424.4	4336.8
359 	50    	2537.67	1180  	4323.2
360 	50    	2628.62	1332.4	4771.2
361 	50    	2591.37	1515.2	4714.4
362 	50    	2561.78	1336.8	4119.6
363 	50    	2557.08	1426  	4616.4
364 	50    	2548.34	1678.8	4717.6
365 	50    	2557.69	1283.2	4086.4
366 	50    	2621.45	1169.2	4068.4
367 	50    	2570.26	901.2 	4042  
368 	50    	2591.45	1177.2	4744.4
369 	50    	2478.98	1250.4	3495.6
370 	50    	2628.43	1229.6	4570  
371 	50    	2576.94	1434.8	4174  
372 	50    	2733.52	1117.6	4549.2
373 	50    	2605.97	1407.6	3800  
374 	50    	2500.55	1329.2	4489.6
375 	50    	2653.09	1355.2	4346  
376 	50    	2519.36	1442.8	4132.4
377 	50    	2578.79	1602.8	4180  
378 	50    	2609.61	1367.2	4616.4
379 	50    	2586.04	1642  	4087.6
380 	50    	2514.18	1390.4	3582.8
381 	50    	2514.24	1614.8	3944.8
382 	50    	2549.55	1511.6	3691.6
383 	50    	2554.33	1666.4	4555.6
384 	50    	2464.44	1742.4	3919.2
385 	50    	2555.38	1425.6	4739.6
386 	50    	2538.66	1709.6	3842.8
387 	50    	2561.92	1550  	4093.6
388 	50    	2571.78	1496.8	4243.6
389 	50    	2548.92	1706  	4066  
390 	50    	2470.55	1391.2	3988  
391 	50    	2556.14	1702.8	5198.8
392 	50    	2554.2 	1773.2	4122  
393 	50    	2541.01	1336.8	3884.8
394 	50    	2571.34	1325.6	3925.6
395 	50    	2506.91	1576.4	3721.6
396 	50    	2560.3 	1607.2	3824.4
397 	50    	2584.03	1692  	5295.2
398 	50    	2538.28	1690.4	3420  
399 	50    	2419.68	1344.8	4050.8
400 	50    	2400.8 	1461.2	3511.2
401 	50    	2526.86	1598.4	4319.6
402 	50    	2498.97	1504.4	3787.2
403 	50    	2436.22	1542.8	3344.4
404 	50    	2453.84	1413.6	3825.2
405 	50    	2558.95	1128.4	3923.2
406 	50    	2415.68	1239.2	3906  
407 	50    	2423.06	1100  	3225.2
408 	50    	2467.96	649.6 	3617.2
409 	50    	2427.79	1172.4	3713.6
410 	50    	2474.39	1290.4	4001.6
411 	50    	2419.4 	1479.2	3188.8
412 	50    	2393.28	1180  	3812.8
413 	50    	2482.08	1746  	3898  
414 	50    	2500.01	1060.4	4835.6
415 	50    	2428.14	1175.2	3972.8
416 	50    	2413.67	1513.2	3566.4
417 	50    	2487.14	1566.4	4279.2
418 	50    	2396.4 	1638.8	3929.6
419 	50    	2489.87	1487.2	3822.4
420 	50    	2594.7 	1537.6	3601.2
421 	50    	2486.68	1388  	3700.4
422 	50    	2511.06	1570.4	4398.4
423 	50    	2404.43	1395.6	4227.6
424 	50    	2526.36	1270.8	3882  
425 	50    	2467.5 	1735.6	3236.4
426 	50    	2453.74	1528.4	3713.6
427 	50    	2440.85	1390.8	4327.2
428 	50    	2475.35	1658.4	4215.6
429 	50    	2495.34	1299.6	3911.6
430 	50    	2571.3 	1851.2	3831.6
431 	50    	2491.88	1506.4	3345.6
432 	50    	2488   	1732  	3636  
433 	50    	2616.94	1728  	5067.6
434 	50    	2603.39	1584.4	4628  
435 	50    	2617.99	1844.8	4212  
436 	50    	2574.54	1680.8	3989.2
437 	50    	2601.02	1674.8	4589.6
438 	50    	2554.24	1487.2	4312  
439 	50    	2525.42	1586  	4150.4
440 	50    	2591.1 	1556.4	4138.4
441 	50    	2510.74	1424.8	4039.2
442 	50    	2593.9 	1785.6	4531.2
443 	50    	2579.55	1504.8	3685.2
444 	50    	2510.66	1414  	4239.2
445 	50    	2674.46	1337.6	4118.4
446 	50    	2606.95	1067.2	3724  
447 	50    	2543.25	1593.2	4163.2
448 	50    	2692.4 	884.4 	4384.4
449 	50    	2412.18	857.6 	3580  
450 	50    	2507.98	1551.2	4104.8
451 	50    	2471.85	1292.4	3824  
452 	50    	2516.19	1263.2	4483.2
453 	50    	2643.22	1582.4	5040  
454 	50    	2622.92	1692.4	4401.2
455 	50    	2504.82	1232  	4174  
456 	50    	2531.36	1363.2	5228.8
457 	50    	2623.97	1600  	4096.8
458 	50    	2598.94	1365.2	4238  
459 	50    	2646.33	1286  	4296.4
460 	50    	2497.4 	1656.8	4258.4
461 	50    	2498.9 	1437.2	3764.8
462 	50    	2496.66	1804.8	3847.2
463 	50    	2581.7 	1760.8	4150.4
464 	50    	2605.18	1348.4	4472.8
465 	50    	2591.42	1364.4	4692.4
466 	50    	2516.53	1688  	4280.8
467 	50    	2552.07	1369.6	4225.6
468 	50    	2464.72	1498.4	3868  
469 	50    	2502.76	1090.4	4144  
470 	50    	2601.98	1260  	4327.2
471 	50    	2467.44	1436.8	4317.6
472 	50    	2581.6 	1668.4	4906  
473 	50    	2465.57	1730.8	3969.2
474 	50    	2467.82	1458.4	4277.6
475 	50    	2465.87	1285.6	3556  
476 	50    	2501.79	1471.2	3603.2
477 	50    	2525.24	1569.6	3449.2
478 	50    	2441.14	1425.6	3494.8
479 	50    	2533.5 	1486  	4012  
480 	50    	2444.41	1439.2	3662  
481 	50    	2547.02	1192.4	3554.8
482 	50    	2426.12	1375.2	4150.4
483 	50    	2518.57	1350  	3925.6
484 	50    	2517.35	1055.6	4793.6
485 	50    	2597.26	1794  	4561.2
486 	50    	2500.4 	1609.6	3956.4
487 	50    	2574.8 	1459.2	4450  
488 	50    	2458.45	1398.4	3842.8
489 	50    	2524.98	1320.8	3950  
490 	50    	2540.98	952   	4385.2
491 	50    	2545.28	1375.2	3950  
492 	50    	2713.34	1429.6	3868.4
493 	50    	2571.78	1851.2	4493.6
494 	50    	2545.25	1470.4	4093.2
495 	50    	2640.42	1827.2	4215.2
496 	50    	2591.17	1513.6	4770.4
497 	50    	2667.98	1772  	3836  
498 	50    	2462.46	1690.4	4089.2
499 	50    	2539.38	1756.4	3730.8
500 	50    	2418.55	1308  	3966.4
501 	50    	2617.62	1497.6	4397.6
502 	50    	2553.98	1603.6	4037.6
503 	50    	2569.92	1180  	3645.6
504 	50    	2525.9 	1632.4	4468  
505 	50    	2454.77	1588.4	3494.4
506 	50    	2517.5 	1565.6	4389.2
507 	50    	2514.62	1208  	3820  
508 	50    	2487.03	1484.4	4130.8
509 	50    	2535.53	1588  	4335.6
510 	50    	2516.43	1570  	4063.6
511 	50    	2555.57	1587.6	4330.4
512 	50    	2464.66	1440  	3664.4
513 	50    	2448.78	1282.8	3548  
514 	50    	2503.38	1060.8	4062.4
515 	50    	2520.59	577.2 	4341.6
516 	50    	2536.08	922.4 	4280.8
517 	50    	2562.94	1137.6	3806.4
518 	50    	2423.02	836.4 	4613.2
519 	50    	2510.07	1072.4	4111.6
520 	50    	2529.7 	1011.6	3904  
521 	50    	2541.74	1416.4	4446.8
522 	50    	2630.36	1547.6	4618  
523 	50    	2451.62	1275.6	3738  
524 	50    	2549.54	1305.6	4969.2
525 	50    	2494.51	1677.2	3584.8
526 	50    	2525.33	1450.4	4296  
527 	50    	2527.75	1272  	3939.2
528 	50    	2566.88	1422.8	3405.6
529 	50    	2568.88	1532.4	3953.6
530 	50    	2392.89	1289.2	3662.8
531 	50    	2469.87	1429.2	3880  
532 	50    	2445.71	1597.6	3624.4
533 	50    	2403.81	1453.6	3394.4
534 	50    	2512.5 	1346.4	4051.2
535 	50    	2500.86	1148  	3680  
536 	50    	2475.72	1127.6	4110  
537 	50    	2471.72	1420  	4558.4
538 	50    	2377.69	1030.8	3465.2
539 	50    	2529.95	1716  	4082  
540 	50    	2565.76	1529.6	3706  
541 	50    	2502.3 	1296.8	3769.6
542 	50    	2426.23	1324.8	4430.8
543 	50    	2418.82	987.2 	3932.4
544 	50    	2408.18	916.4 	3997.2
545 	50    	2508.12	1389.2	3989.6
546 	50    	2533.58	1356.4	4327.2
547 	50    	2543.34	1554.4	3551.2
548 	50    	2475.65	1386.4	3836.8
549 	50    	2381.66	1412.8	3383.2
550 	50    	2528.75	1790.8	3989.6
551 	50    	2493   	1518.8	3802  
552 	50    	2457.95	1344.4	3876.8
553 	50    	2554.2 	1480.4	3750.8
554 	50    	2544.46	1754.8	3772.8
555 	50    	2572.32	1405.6	4197.2
556 	50    	2430.9 	1349.2	3696  
557 	50    	2488.14	1363.6	4014.4
558 	50    	2530.43	1450  	3929.6
559 	50    	2542.21	1596.8	3857.2
560 	50    	2628.1 	1089.6	3800.8
561 	50    	2460.46	1480  	3765.6
562 	50    	2665.59	1534  	4318  
563 	50    	2470.89	1606.4	3303.6
564 	50    	2632.77	1706  	4368.8
565 	50    	2524.56	1492.4	5060  
566 	50    	2453.94	1309.2	3670  
567 	50    	2576.58	1158.8	4150  
568 	50    	2519.37	1508.8	3844  
569 	50    	2569.22	1327.2	4151.2
570 	50    	2568.82	1078  	4436  
571 	50    	2395.02	985.2 	3823.6
572 	50    	2450.56	1425.2	4253.6
573 	50    	2638.34	1418.4	3756.4
574 	50    	2509.94	1145.2	4266  
575 	50    	2383.19	1334.4	3561.2
576 	50    	2623.7 	1536  	4300.8
577 	50    	2709.15	1568.8	4508.8
578 	50    	2684.42	1488  	4142.8
579 	50    	2483.1 	1121.6	4358.8
580 	50    	2623.23	1718.4	4359.2
581 	50    	2504.83	1565.6	3964  
582 	50    	2644.82	1608.4	3985.2
583 	50    	2536.65	1385.2	4379.2
584 	50    	2651.5 	1450.8	4436  
585 	50    	2630.04	1340.8	4354.4
586 	50    	2593.94	1475.6	4293.2
587 	50    	2556.29	1472.8	3862.4
588 	50    	2621.03	1634  	3948.4
589 	50    	2687.57	1529.6	4412.4
590 	50    	2600.08	1441.2	4135.6
591 	50    	2442.14	1169.2	3465.6
592 	50    	2644.74	1233.6	4280.8
593 	50    	2536.3 	1476  	4624.4
594 	50    	2563.14	1679.6	4683.2
595 	50    	2503.59	1644.4	5203.2
596 	50    	2515.16	1377.2	4026.4
597 	50    	2554.02	1506.4	4070  
598 	50    	2436.14	1638.4	4419.2
599 	50    	2492.21	1648  	3916.8
600 	50    	2497.34	1582.4	4432  
601 	50    	2556.04	1831.6	4525.6
602 	50    	2516.24	1478.4	4428  
603 	50    	2578.98	1482.8	3937.2
604 	50    	2521.26	1654.8	4535.2
605 	50    	2470.88	1527.6	4363.2
606 	50    	2575.34	1199.6	3978.4
607 	50    	2482.06	1238.4	4371.2
608 	50    	2501.13	1331.2	3868  
609 	50    	2474.62	1204  	3631.6
610 	50    	2385.5 	1332.4	3886.4
611 	50    	2468.25	1413.2	3972  
612 	50    	2527.86	1242.8	4191.6
613 	50    	2476.74	1373.2	3370  
614 	50    	2439.62	1271.2	4204.4
615 	50    	2513.47	1400.4	3696.4
616 	50    	2448.61	1470.4	4014  
617 	50    	2539.26	1536.8	4057.6
618 	50    	2439.1 	1708.8	3989.2
619 	50    	2507.76	1528  	4106.8
620 	50    	2533.83	1491.6	3829.2
621 	50    	2428.29	1152  	3610.4
622 	50    	2466.21	1505.6	3797.2
623 	50    	2497.42	1422.8	4754.8
624 	50    	2456.31	1772  	4278.8
625 	50    	2454.05	1609.2	3651.2
626 	50    	2413.82	1420  	3756.8
627 	50    	2478.34	1384  	3632.8
628 	50    	2600.14	1495.6	4469.6
629 	50    	2465.65	1564.4	4464.8
630 	50    	2494.26	1204.4	3987.2
631 	50    	2447.06	1034.4	4955.6
632 	50    	2458.68	708.4 	4028.8
633 	50    	2500.26	934   	4615.2
634 	50    	2512.49	1706.8	3592.8
635 	50    	2538.1 	1748.4	4516.4
636 	50    	2522.1 	1451.6	3808  
637 	50    	2552.11	1735.6	3954.8
638 	50    	2560.16	1598.4	4422  
639 	50    	2538.86	1242  	4022.4
640 	50    	2513.83	1301.6	4154  
641 	50    	2451.92	1480  	4140.8
642 	50    	2637.75	1132.4	4294.4
643 	50    	2496.05	1150.4	5686.8
644 	50    	2538.37	1381.6	4313.6
645 	50    	2637.25	1474  	4535.6
646 	50    	2609.02	1321.6	4186.4
647 	50    	2598.01	1177.6	4380.4
648 	50    	2519.78	1299.6	3711.6
649 	50    	2514.63	1614  	3762.8
650 	50    	2554.83	1503.2	3787.6
651 	50    	2512.3 	1253.2	3612.4
652 	50    	2539.22	1294.4	4238.4
653 	50    	2463.19	1475.2	3842.4
654 	50    	2564.42	1436.4	5157.6
655 	50    	2546.74	1332.4	4494.8
656 	50    	2505.04	1330.8	4729.6
657 	50    	2533.18	971.2 	4465.6
658 	50    	2713.94	1161.6	4422.4
659 	50    	2513.55	1522.4	3792.8
660 	50    	2541.54	1365.6	3537.6
661 	50    	2717.01	1529.2	4136.8
662 	50    	2608.76	1446  	4283.6
663 	50    	2525.5 	1633.6	3957.6
664 	50    	2474.03	1556.8	3920  
665 	50    	2574.23	1251.2	4478.4
666 	50    	2558.35	934   	4080  
667 	50    	2647.38	1189.2	4374.8
668 	50    	2554.22	1192  	4006  
669 	50    	2615.69	1506.4	4091.2
670 	50    	2566.18	1340.8	4324  
671 	50    	2570.36	1504.8	4377.2
672 	50    	2583.49	1283.2	3969.6
673 	50    	2587.47	1393.6	5142  
674 	50    	2523.16	1228.8	4338  
675 	50    	2476.9 	1557.2	4422.4
676 	50    	2495.43	1418.8	5335.2
677 	50    	2583.06	1112.4	4550.8
678 	50    	2587.67	1680.4	4288.4
679 	50    	2567.32	1598.8	3814  
680 	50    	2747.66	1861.2	4786.4
681 	50    	2645.81	1709.2	5186.4
682 	50    	2578.9 	1425.6	3855.2
683 	50    	2632.22	1707.6	4395.2
684 	50    	2656.55	1530.8	4182.8
685 	50    	2634.46	1702  	4012.4
686 	50    	2546.43	1586  	3816.4
687 	50    	2599.42	1240.8	3969.2
688 	50    	2639.96	1735.2	3986.4
689 	50    	2571.62	1759.2	3950.8
690 	50    	2518.26	1608  	3443.6
691 	50    	2604.46	1485.6	4296.8
692 	50    	2580.73	1572.8	3868.4
693 	50    	2472.68	1255.2	4192.8
694 	50    	2536.43	1414.4	4411.2
695 	50    	2428.88	1264.8	4381.6
696 	50    	2510.64	1420  	4274.4
697 	50    	2493.59	1398.8	4171.2
698 	50    	2549.06	1339.2	4446.8
699 	50    	2493.18	1430  	4010.4
700 	50    	2455.1 	1278  	4146  
701 	50    	2529.64	1513.6	3699.6
702 	50    	2411.58	1500  	3551.6
703 	50    	2568.52	1574  	4864  
704 	50    	2514.99	1570.4	4803.6
705 	50    	2536.41	1572  	4322.4
706 	50    	2639.92	1634.4	4807.2
707 	50    	2611.48	1659.2	4215.2
708 	50    	2505.9 	1625.2	3374  
709 	50    	2576.76	1372.4	4278.8
710 	50    	2531.31	1324.8	4522.4
711 	50    	2608.78	1143.2	4901.6
712 	50    	2351.14	922.8 	3620.8
713 	50    	2500.49	1254.8	3918.8
714 	50    	2442.5 	1652  	3722.8
715 	50    	2575.02	1600.4	4941.2
716 	50    	2439.01	1336.4	4466.4
717 	50    	2524.79	1272  	4434.8
718 	50    	2524.8 	1492  	4386.4
719 	50    	2544.22	1631.2	4267.6
720 	50    	2621.7 	1456.4	5573.6
721 	50    	2570.62	1534.8	4284.4
722 	50    	2424.74	1605.6	3996.4
723 	50    	2554.9 	1240.4	4074.4
724 	50    	2574.02	1135.2	5088.8
725 	50    	2656.3 	1650  	4120  
726 	50    	2531.5 	1759.2	3895.6
727 	50    	2517.95	1349.6	3697.2
728 	50    	2619.38	1818.8	4573.6
729 	50    	2582.56	1600  	3888  
730 	50    	2503.86	1355.6	3738.8
731 	50    	2591.87	1324.8	4084  
732 	50    	2480.34	1240  	3770.8
733 	50    	2549.11	1622  	3718  
734 	50    	2521.68	1493.2	3726.4
735 	50    	2466.98	1332.4	4092  
736 	50    	2480.29	1466.4	4439.6
737 	50    	2540.66	1436.4	4221.2
738 	50    	2501.82	1334  	3796.4
739 	50    	2499.62	1605.6	3820.8
740 	50    	2521.18	1477.6	3982.4
741 	50    	2628.06	1422.4	4045.6
742 	50    	2653.53	1329.6	5016.8
743 	50    	2487.75	1459.6	4662.4
744 	50    	2612.51	1629.6	4232.4
745 	50    	2574.85	1146.8	4470.4
746 	50    	2443.65	1310.4	4876.4
747 	50    	2528.82	1442.8	4540  
748 	50    	2525.3 	1316.8	4431.2
749 	50    	2379.31	1151.2	3796  
750 	50    	2535.47	1309.6	4080.8
751 	50    	2513.83	1289.6	4245.6
752 	50    	2397.57	1442  	4469.2
753 	50    	2488.6 	1388.8	4078  
754 	50    	2363.04	1224.4	3774.4
755 	50    	2509.94	1168.8	4042.8
756 	50    	2505.38	886.4 	4055.6
757 	50    	2602.08	1315.6	4276.8
758 	50    	2538.8 	1134  	4308.8
759 	50    	2536.46	1605.6	3817.2
760 	50    	2501.18	1416  	4365.2
761 	50    	2603.61	1591.2	3938.4
762 	50    	2610.74	1701.6	4296.4
763 	50    	2558.98	1779.6	4164.8
764 	50    	2537.55	1564.8	3664.4
765 	50    	2582.69	1647.2	4195.2
766 	50    	2572.63	1566.8	3643.2
767 	50    	2534.56	1472.8	5374.4
768 	50    	2424.42	1657.2	4269.6
769 	50    	2532.61	1464  	3982.8
770 	50    	2469.58	1533.6	4379.6
771 	50    	2456.7 	1433.6	3841.2
772 	50    	2520.8 	1467.2	4808.8
773 	50    	2394.94	1446  	3360  
774 	50    	2465.82	1147.6	4232  
775 	50    	2606.69	1244.8	4257.2
776 	50    	2570.12	1338.4	5312.4
777 	50    	2662.65	1505.6	3820.8
778 	50    	2651.76	1492.4	4297.2
779 	50    	2560.65	1694.4	3728  
780 	50    	2550.07	1795.2	4234  
781 	50    	2543.68	1593.2	4142.8
782 	50    	2487.22	1408.4	3452  
783 	50    	2647.3 	1558.8	4014.8
784 	50    	2705.31	1870.4	4260  
785 	50    	2607.14	1603.6	3606.8
786 	50    	2650.62	1719.2	3888.8
787 	50    	2629.83	1329.6	4001.6
788 	50    	2673.5 	1703.6	4264  
789 	50    	2569.34	1291.6	3819.2
790 	50    	2606.66	1646.4	3772.4
791 	50    	2553.47	1538.4	3934.4
792 	50    	2503.06	1568.4	3591.2
793 	50    	2495.97	1262.4	4440  
794 	50    	2512.85	1182.8	3904.8
795 	50    	2652.51	1622.4	4340  
796 	50    	2603.42	1511.6	4127.6
797 	50    	2711.08	1417.2	4758.4
798 	50    	2569.86	1620.8	4812  
799 	50    	2651.35	1574.8	4022  
800 	50    	2697.55	1556.8	4096.4
801 	50    	2623.82	1755.6	4665.6
802 	50    	2649.18	1634.4	4366.8
803 	50    	2667.51	1666.4	3870.4
804 	50    	2718.66	1722.8	3842.4
805 	50    	2777.94	1905.2	4938.8
806 	50    	2617.14	1767.6	4625.6
807 	50    	2565.71	1368  	3835.2
808 	50    	2521.52	1200.4	4192  
809 	50    	2673.29	928.4 	4400.8
810 	50    	2584.86	1167.2	3904.4
811 	50    	2664.19	848   	5496.4
812 	50    	2587.41	1114.4	3842  
813 	50    	2658.89	1538.4	4264  
814 	50    	2592   	1366  	4120.4
815 	50    	2538.76	1400.8	4146  
816 	50    	2589.23	1324.4	4088.8
817 	50    	2490.27	1322.8	3858.4
818 	50    	2562.48	1535.2	4542.8
819 	50    	2469.12	1551.2	3894  
820 	50    	2646.69	1666.4	4139.6
821 	50    	2612.18	1598  	4354.8
822 	50    	2622.3 	1408  	4107.2
823 	50    	2618.1 	1731.2	4665.2
824 	50    	2700.47	1456.4	4650.4
825 	50    	2600.66	1712.4	3730.8
826 	50    	2565.36	1720.4	3876  
827 	50    	2558.7 	1345.2	4226.8
828 	50    	2530.45	1566.8	3677.6
829 	50    	2543.86	1389.2	3845.6
830 	50    	2574.72	1542.4	4399.2
831 	50    	2558.34	1433.6	3884.8
832 	50    	2495.14	1534.8	3494.4
833 	50    	2579.57	1560  	4455.6
834 	50    	2453.99	1356  	3680  
835 	50    	2487.93	1504.4	3821.6
836 	50    	2507.51	1702  	4368.8
837 	50    	2473.65	1524  	4223.6
838 	50    	2506.52	986.4 	4476.4
839 	50    	2498.66	1477.6	3840  
840 	50    	2544.97	1335.2	5376.8
841 	50    	2619.89	1586.8	4066.4
842 	50    	2699.61	1454.4	4323.2
843 	50    	2499.65	1184.8	4123.2
844 	50    	2584.55	1284.8	4332  
845 	50    	2554.42	1466.8	4340.8
846 	50    	2590.58	1327.6	4866.8
847 	50    	2625.89	1428.8	5005.2
848 	50    	2576.27	1403.2	3818  
849 	50    	2585.17	1441.2	4065.6
850 	50    	2609.44	1425.6	4565.6
851 	50    	2572.74	1306.4	4018.8
852 	50    	2485   	1462  	3598.4
853 	50    	2648.63	1166  	4004.8
854 	50    	2649.53	1383.2	4803.2
855 	50    	2559.22	1454.4	3901.2
856 	50    	2607.27	1072.4	5066.8
857 	50    	2578.93	1516.4	4070.8
858 	50    	2703.79	1621.6	4791.6
859 	50    	2617.35	1597.2	4826  
860 	50    	2681.83	1253.2	4310.8
861 	50    	2652.71	1479.6	4433.6
862 	50    	2683.91	1814.8	4152.4
863 	50    	2614.14	1541.6	3570.8
864 	50    	2544.01	1360  	4407.6
865 	50    	2663.04	1346.8	4046.8
866 	50    	2510.98	1431.6	4418.4
867 	50    	2501.35	1408.4	3800.4
868 	50    	2658.6 	1514.4	4326.4
869 	50    	2585.08	1556.8	4171.2
870 	50    	2628.27	1692.4	3838.4
871 	50    	2609.26	1515.6	4567.2
872 	50    	2687.5 	1568.4	4112.8
873 	50    	2632.9 	1369.6	4216  
874 	50    	2589.62	1561.6	3904  
875 	50    	2652.22	1394.4	4497.2
876 	50    	2504.68	984.4 	4317.2
877 	50    	2595.18	941.2 	4119.6
878 	50    	2624.18	1208.8	4014  
879 	50    	2549.39	1134.8	4181.6
880 	50    	2531.58	1133.2	3815.6
881 	50    	2647.28	1082.4	3981.6
882 	50    	2567.62	1396.8	3712  
883 	50    	2565.18	1111.2	3960  
884 	50    	2577.7 	1327.6	4256.8
885 	50    	2639.32	836.8 	4412.4
886 	50    	2661.06	1331.6	4408.8
887 	50    	2652.78	1387.6	4670  
888 	50    	2739.76	1548  	4163.6
889 	50    	2682.27	1516.8	3828  
890 	50    	2784.66	1450  	3876.4
891 	50    	2595.09	1669.6	4217.2
892 	50    	2639.22	1319.6	3780.8
893 	50    	2747.99	1831.6	4474.8
894 	50    	2683.25	1734.8	4520  
895 	50    	2797.86	1654.4	5177.6
896 	50    	2662.79	1514  	4810.8
897 	50    	2670.27	1218.8	4512.4
898 	50    	2527.17	1281.2	4013.2
899 	50    	2632.23	1411.2	4685.2
900 	50    	2692.59	1640.4	4267.2
901 	50    	2727.59	1718.8	4288  
902 	50    	2611.95	1510.4	4167.2
903 	50    	2608.75	1366  	4140.4
904 	50    	2688.74	1663.6	4057.6
905 	50    	2585.43	1654.4	3928.4
906 	50    	2719.94	1331.6	4416.8
907 	50    	2620.38	1528.4	4430.4
908 	50    	2618.73	1227.6	4951.2
909 	50    	2628.99	1253.6	5203.2
910 	50    	2588.94	1204  	3892  
911 	50    	2589.58	1245.2	4494  
912 	50    	2698.02	1426.8	4572  
913 	50    	2646.02	1664.4	5021.6
914 	50    	2690.41	1470  	5798.8
915 	50    	2596.91	1505.6	4408  
916 	50    	2567.13	1322  	3756.8
917 	50    	2626.4 	1340.4	5403.6
918 	50    	2747.46	1320  	4506  
919 	50    	2636.56	1341.6	4608.4
920 	50    	2624.68	1452.4	4362.8
921 	50    	2610.38	1352.8	4166  
922 	50    	2532.92	1044.4	3968.4
923 	50    	2601.98	1337.6	4427.6
924 	50    	2642.4 	1386  	3964.4
925 	50    	2689.77	1534  	4998  
926 	50    	2587.06	1341.2	4290  
927 	50    	2487.26	1778  	4592  
928 	50    	2513.34	1243.2	4084  
929 	50    	2529.5 	1776.8	3522.8
930 	50    	2671.61	1541.6	4558.8
931 	50    	2624.02	1894.8	3714.8
932 	50    	2530.59	1756  	3472.8
933 	50    	2589   	1660  	4805.6
934 	50    	2549.64	1710  	4810.4
935 	50    	2567.61	1296.8	4004  
936 	50    	2516.2 	1463.2	4134.8
937 	50    	2623.49	1494  	4387.6
938 	50    	2468.86	1592  	4112.4
939 	50    	2468.5 	1564.8	3724.4
940 	50    	2500.82	1318  	4202  
941 	50    	2598.26	1650  	4981.6
942 	50    	2480.9 	1358  	3718  
943 	50    	2521.3 	1191.2	4766.4
944 	50    	2458.56	1382  	3739.6
945 	50    	2535.21	1675.2	4075.6
946 	50    	2594.69	1635.2	4005.6
947 	50    	2590.23	1571.2	4227.6
948 	50    	2547.66	1422  	4346.4
949 	50    	2449.84	1374  	3388  
950 	50    	2487.92	1439.2	4012.8
951 	50    	2616.49	1492.8	4986.4
952 	50    	2575.3 	1573.6	3898  
953 	50    	2395.14	1818.8	3458  
954 	50    	2516.98	1461.6	4186  
955 	50    	2447.02	1279.2	4560.8
956 	50    	2578.07	1350  	3857.2
957 	50    	2688.7 	1639.6	4803.6
958 	50    	2721.74	1918.8	4171.2
959 	50    	2661.86	1684.4	3840  
960 	50    	2571.83	1260.8	3589.2
961 	50    	2662.96	1654.8	4776.4
962 	50    	2593.89	1582.8	4264  
963 	50    	2555.19	1218.8	4422.4
964 	50    	2584.07	1428  	4081.2
965 	50    	2556.74	1391.2	4465.6
966 	50    	2521.77	1640  	3977.6
967 	50    	2395.56	1158  	4239.6
968 	50    	2530.98	1299.6	3879.2
969 	50    	2573.75	1160.4	3668  
970 	50    	2481.87	1442.4	3556  
971 	50    	2478.94	1609.2	4218  
972 	50    	2455.08	1218.4	3627.2
973 	50    	2401.74	996   	3545.6
974 	50    	2537.84	1330  	4238.4
975 	50    	2477.18	1578.4	4051.2
976 	50    	2539.47	1425.2	3890.4
977 	50    	2562.73	1555.6	4190  
978 	50    	2646.02	1707.6	5055.6
979 	50    	2460.3 	1408.8	3963.6
980 	50    	2649.16	1700.8	4362.4
981 	50    	2579.47	1504.8	4104.4
982 	50    	2600.82	1466.8	4392.4
983 	50    	2763.01	810   	4031.2
984 	50    	2596.64	1601.2	4748.4
985 	50    	2661.65	1278  	4291.6
986 	50    	2585.38	1476  	4011.2
987 	50    	2576.41	1688  	4452  
988 	50    	2625.97	1464.8	3986  
989 	50    	2579.28	1737.6	3644.4
990 	50    	2513.9 	1740.8	3737.6
991 	50    	2545.05	1427.2	3784  
992 	50    	2604.94	1528.4	5091.2
993 	50    	2397.4 	1554.4	3592.4
994 	50    	2439.14	1327.2	3940.8
995 	50    	2425.49	1363.6	4046  
996 	50    	2560.06	1359.2	3833.2
997 	50    	2468.26	1398.8	3394.4
998 	50    	2522.38	1192.4	4843.6
999 	50    	2561.47	1708  	3741.6
1000	50    	2693   	1977.2	4575.2
1001	50    	2634.59	1443.6	3984.8
1002	50    	2549.49	1717.2	3935.2
1003	50    	2556.74	1600  	4118  
1004	50    	2595.87	1752  	4351.6
1005	50    	2688.4 	1370.8	4438  
1006	50    	2512.99	1534  	3514.8
1007	50    	2653.23	1573.6	4140  
1008	50    	2550.94	1321.2	4073.2
1009	50    	2591.4 	1290  	3667.6
1010	50    	2650.94	1450.4	4112.4
1011	50    	2645.82	1585.6	4038.8
1012	50    	2611.15	1245.2	4956.8
1013	50    	2573.56	1388  	4765.2
1014	50    	2518.57	1775.6	3549.6
1015	50    	2457.85	1399.6	5070.8
1016	50    	2601.18	1138  	4128.4
1017	50    	2509.04	880   	3631.2
1018	50    	2546.55	739.6 	4405.2
1019	50    	2516.62	1410  	3966.8
1020	50    	2450.63	1458.4	4386.4