gen 	nevals	avg    	min   	max   
0   	50    	2075.82	582   	3232.4
1   	50    	2257.58	520.8 	3581.2
2   	50    	2275.46	589.6 	3222  
3   	50    	2223.11	588.8 	3638  
4   	50    	2367.19	1012.8	3633.2
5   	50    	2195.3 	557.2 	3671.2
6   	50    	2370.48	514.8 	3512  
7   	50    	2452.67	1092.4	3067.2
8   	50    	2391.94	873.6 	3162.8
9   	50    	2373.74	731.6 	3082.8
10  	50    	2357.39	769.6 	3444.8
11  	50    	2299.21	658.8 	3357.2
12  	50    	2444.6 	686   	3526  
13  	50    	2263.77	486   	3164  
14  	50    	2404.66	938.4 	3594  
15  	50    	2307.79	690.8 	3003.6
16  	50    	2522.3 	844.4 	4009.2
17  	50    	2320.19	534.8 	3238.8
18  	50    	2420.42	722.8 	3158  
19  	50    	2325.26	653.2 	3427.2
20  	50    	2423.57	660.4 	3450.8
21  	50    	2343.21	757.2 	2967.2
22  	50    	2263.65	577.6 	2991.2
23  	50    	2378.49	741.6 	3230.8
24  	50    	2295.07	629.6 	3124.4
25  	50    	2428.87	895.6 	3986.8
26  	50    	2492.45	1810.4	3829.6
27  	50    	2530.5 	782.8 	3621.2
28  	50    	2576.13	643.6 	3657.2
29  	50    	2579.24	1752.4	3874.8
30  	50    	2541.16	1854.8	3396.4
31  	50    	2490.9 	1754.4	3336.8
32  	50    	2483.26	1843.6	3212  
33  	50    	2508.47	1829.2	3829.6
34  	50    	2490.22	536.8 	3611.6
35  	50    	2541.08	1739.2	3668.4
36  	50    	2468.28	1328.4	3265.2
37  	50    	2472.59	1081.6	3676.8
38  	50    	2474.12	1598.8	3368  
39  	50    	2533.51	1643.6	3192  
40  	50    	2504.02	1820.8	3257.2
41  	50    	2460.7 	1037.2	3698  
42  	50    	2540.35	1866.4	3545.2
43  	50    	2531.74	1653.2	3435.2
44  	50    	2528.23	862.8 	3620.4
45  	50    	2558.58	1641.6	3698  
46  	50    	2469.32	615.2 	3590.8
47  	50    	2505.56	980.8 	3371.6
48  	50    	2577.68	1619.2	3707.2
49  	50    	2623.16	1842.8	3479.2
50  	50    	2463.18	1002.8	3384.4
51  	50    	2405.79	665.6 	3679.2
52  	50    	2459.74	800   	3314.8
53  	50    	2401.82	1625.6	3335.2
54  	50    	2454.84	936.8 	3300.4
55  	50    	2552.32	1756.8	3568  
56  	50    	2544.44	1916.8	3775.6
57  	50    	2575.29	1649.6	3442.4
58  	50    	2476.31	1668.4	3516  
59  	50    	2593.2 	1922.8	3428.4
60  	50    	2553.49	1836  	3404.4
61  	50    	2546.03	1442  	3825.6
62  	50    	2527.44	1681.6	3208.4
63  	50    	2539.77	1733.2	3708  
64  	50    	2550.55	1618.8	3411.2
65  	50    	2569.18	1596.8	3401.6
66  	50    	2581.79	2044  	3200  
67  	50    	2603.2 	1764  	3573.2
68  	50    	2440.02	1676  	3473.2
69  	50    	2619.76	1768.4	3735.2
70  	50    	2665.47	1747.6	3735.2
71  	50    	2557.48	1698.4	3967.6
72  	50    	2510.42	1624.8	3417.2
73  	50    	2568.94	1886.4	3372.4
74  	50    	2559.9 	1848.4	3380  
75  	50    	2463.74	1748  	3306.4
76  	50    	2545.7 	1709.2	3520.8
77  	50    	2442.09	1540.8	3936  
78  	50    	2485.91	1585.6	3451.6
79  	50    	2537   	1675.6	3556.8
80  	50    	2556.49	1535.2	3272  
81  	50    	2489.91	1878  	3337.2
82  	50    	2527.49	1549.2	3408.8
83  	50    	2527.3 	1746  	3496.8
84  	50    	2443.96	638.8 	3320  
85  	50    	2460.74	828.8 	3385.6
86  	50    	2474.05	1786  	3358.8
87  	50    	2500.78	1833.6	3444.8
88  	50    	2469.1 	863.6 	3676.8
89  	50    	2440.13	953.6 	3547.2
90  	50    	2416.4 	813.2 	3399.6
91  	50    	2624.56	1840.8	3380.4
92  	50    	2483.64	1727.2	3320.8
93  	50    	2432.57	946.8 	3388.8
94  	50    	2406.26	734   	3350.8
95  	50    	2479.32	764.4 	3692  
96  	50    	2538.1 	785.2 	3520.8
97  	50    	2526.73	1754.8	4122  
98  	50    	2535.81	1665.6	3489.6
99  	50    	2502.92	1800  	3274  
100 	50    	2605.85	1704.4	3531.2
101 	50    	2595.18	1880  	3286.4
102 	50    	2465.54	1747.2	3514  
103 	50    	2463.41	1749.2	3395.2
104 	50    	2507.1 	841.2 	4084.8
105 	50    	2494.55	1837.6	3642.8
106 	50    	2477.11	1613.6	3187.6
107 	50    	2564.98	1892.8	3365.2
108 	50    	2491.98	1460.8	3485.6
109 	50    	2566.72	1884.8	3565.2
110 	50    	2578.28	1620.4	3298.8
111 	50    	2447.78	1725.6	3290.4
112 	50    	2432.14	1562  	3614.4
113 	50    	2492.1 	1635.6	3262.8
114 	50    	2512.29	1895.2	3322.4
115 	50    	2465.17	1577.6	3410.8
116 	50    	2526.73	1520.4	3784.8
117 	50    	2577.98	1768.4	3566.4
118 	50    	2505.73	1729.2	3572.8
119 	50    	2450.99	1801.6	3352.8
120 	50    	2480.51	1758  	3429.2
121 	50    	2511.18	743.2 	3289.6
122 	50    	2588.72	1952.4	3864  
123 	50    	2550.9 	1633.6	3416  
124 	50    	2512.62	1510  	3430  
125 	50    	2502.59	1704.8	3330.8
126 	50    	2506.61	1720.4	3539.6
127 	50    	2570.81	1788.4	3217.6
128 	50    	2484.14	1580.8	3821.2
129 	50    	2541.31	1742.4	3224.4
130 	50    	2642.46	1811.6	3340.8
131 	50    	2568.06	1749.2	4022.4
132 	50    	2523.19	1745.2	3482.4
133 	50    	2530.51	1764.8	3419.6
134 	50    	2498.5 	1927.2	3348.8
135 	50    	2591.1 	1822  	3490.8
136 	50    	2569.44	1754  	3593.2
137 	50    	2439.67	1856.4	3078.4
138 	50    	2544.94	1673.6	3380  
139 	50    	2499.21	1684.8	3433.6
140 	50    	2514.06	1628.4	3395.6
141 	50    	2401.84	1594.4	3192  
142 	50    	2618.29	1797.2	3443.2
143 	50    	2597.79	1837.2	3407.2
144 	50    	2707.5 	1616.8	3646.4
145 	50    	2499.26	1707.2	3772.8
146 	50    	2569.73	1633.6	3691.2
147 	50    	2508.27	1746  	3706  
148 	50    	2540.54	1564.8	3402.8
149 	50    	2555.55	1858.8	3646.8
150 	50    	2520.43	1790.4	3407.2
151 	50    	2583.78	1622  	3272.8
152 	50    	2523.9 	1722.8	3238.4
153 	50    	2522.82	1584.4	3459.6
154 	50    	2499.65	1628.4	3429.2
155 	50    	2528.29	1920.4	3173.2
156 	50    	2490.3 	1184.8	3298  
157 	50    	2684.65	1483.2	3662.4
158 	50    	2501.6 	1454  	4122  
159 	50    	2557.35	1784  	3457.6
160 	50    	2620.38	1698  	3390.8
161 	50    	2440.42	1702.8	3321.6
162 	50    	2710.48	1876  	3518.4
163 	50    	2643.72	1516  	3528.8
164 	50    	2564.33	1682.4	3603.6
165 	50    	2568.03	1484.8	3637.2
166 	50    	2619.44	1881.2	3150.4
167 	50    	2563.94	1823.6	3625.2
168 	50    	2650.35	1951.6	3522.4
169 	50    	2580.21	1812.4	3559.6
170 	50    	2527.54	1746.4	3613.6
171 	50    	2540.18	2009.2	3273.6
172 	50    	2485.17	1539.6	3533.6
173 	50    	2622.41	1675.6	3646.4
174 	50    	2569.85	1821.6	3539.6
175 	50    	2564.51	1555.2	3619.6
176 	50    	2561.71	1940.8	3593.6
177 	50    	2611.75	1819.6	3390.8
178 	50    	2492.83	1730  	3328.8
179 	50    	2606.86	1750.4	3410  
180 	50    	2509.9 	1659.6	3483.6
181 	50    	2487   	1681.6	3504  
182 	50    	2535.23	1669.6	3289.2
183 	50    	2497.2 	869.6 	3569.2
184 	50    	2448.85	1690.4	3570  
185 	50    	2490.96	1601.6	3123.6
186 	50    	2491.09	1709.2	3565.2
187 	50    	2521.28	1620  	3469.6
188 	50    	2653.15	2023.6	3698  
189 	50    	2446.97	1693.6	3584  
190 	50    	2533.12	1923.2	3318.8
191 	50    	2603.18	1616  	3562.8
192 	50    	2475.88	1812  	3224.4
193 	50    	2548.36	1840.8	3239.2
194 	50    	2441.12	1665.6	3319.2
195 	50    	2523.1 	1727.6	3277.6
196 	50    	2631.93	1820  	3435.6
197 	50    	2507.71	1538.4	3671.2
198 	50    	2588.8 	1694.4	3657.6
199 	50    	2622.75	1412.8	3284.4
200 	50    	2530.84	1612.8	3479.6
201 	50    	2520.74	1714.4	3856  
202 	50    	2526.2 	1850  	3654.4
203 	50    	2451.66	925.2 	3550.4
204 	50    	2531.26	1739.2	3366.4
205 	50    	2541.82	1562.4	3337.2
206 	50    	2512.53	1596  	3405.2
207 	50    	2564.55	1840.8	3483.6
208 	50    	2568.69	1952.8	3752  
209 	50    	2568.49	1691.6	3471.2
210 	50    	2521.92	1673.6	3521.6
211 	50    	2546.47	1846.4	3305.2
212 	50    	2522.18	1698.4	3740.8
213 	50    	2593.99	1922  	3334  
214 	50    	2512.61	484.8 	3474.8
215 	50    	2590.41	1919.2	3745.2
216 	50    	2501.71	1872.4	3270.4
217 	50    	2576.61	1435.2	3535.2
218 	50    	2664.2 	2052.8	3255.6
219 	50    	2536.68	1965.6	3225.6
220 	50    	2522.05	1688.4	3350  
221 	50    	2620.79	1807.6	3380  
222 	50    	2484.62	1622.8	3644.8
223 	50    	2616.96	1796.8	3432.4
224 	50    	2477.91	1206.4	3216  
225 	50    	2553.42	1026  	3885.2
226 	50    	2634.06	1691.2	3817.6
227 	50    	2617.54	1716  	3405.2
228 	50    	2577.7 	1899.6	4021.2
229 	50    	2587.77	1712.4	3380  
230 	50    	2460.17	808   	3292  
231 	50    	2545.67	1653.2	3284.8
232 	50    	2560.43	804.4 	3556.8
233 	50    	2544.37	1447.6	3298  
234 	50    	2463.29	1586.4	3476.8
235 	50    	2541.2 	1504.4	3418  
236 	50    	2475.72	1801.6	3655.6
237 	50    	2482.59	1580  	3532  
238 	50    	2487.35	1834.8	3693.6
239 	50    	2548.26	1860  	3446.8
240 	50    	2543.3 	1732.4	4291.6
241 	50    	2576.98	1908.8	3527.2
242 	50    	2572.65	1999.2	3534.8
243 	50    	2407.58	1685.2	3326.4
244 	50    	2536.27	984.4 	3359.2
245 	50    	2498.15	1807.6	3401.6
246 	50    	2574.32	1779.2	3363.6
247 	50    	2495.13	1699.2	3477.2
248 	50    	2465.92	1678.4	3875.2
249 	50    	2438.48	1752.8	3155.2
250 	50    	2494.16	1566  	3518.4
251 	50    	2491.48	1922  	3601.6
252 	50    	2581.48	1822.8	3525.6
253 	50    	2582.02	1743.2	3366  
254 	50    	2598.34	1849.2	4120.8
255 	50    	2391.39	1182.8	3526  
256 	50    	2495.94	824.4 	3185.2
257 	50    	2589.39	2031.2	3600.4
258 	50    	2574.18	1802.4	3681.2
259 	50    	2570.09	2063.6	3642.4
260 	50    	2543.87	1623.6	3922.8
261 	50    	2594.26	1724.8	3492.4
262 	50    	2499.82	1767.6	3112.4
263 	50    	2474.1 	1863.6	3535.6
264 	50    	2515.81	1742.8	4019.2
265 	50    	2466.96	1776  	3530.4
266 	50    	2551.88	1731.6	3350.4
267 	50    	2683.7 	1893.6	3816.8
268 	50    	2506.87	1369.6	3265.2
269 	50    	2606.25	1674.8	3560.4
270 	50    	2525.72	1706  	3398  
271 	50    	2570.36	1533.2	3328  
272 	50    	2502.58	1548.4	3199.2
273 	50    	2386.42	1615.2	3182  
274 	50    	2484.71	1655.6	3685.2
275 	50    	2524.75	610   	3341.6
276 	50    	2454.26	1474.8	3162  
277 	50    	2507.97	1768.8	3433.2
278 	50    	2600.34	691.6 	3632  
279 	50    	2557.97	1447.2	3616.4
280 	50    	2457.98	1001.2	3693.6
281 	50    	2577.72	1834.4	4152.8
282 	50    	2531.18	1724  	3364.8
283 	50    	2578.93	1572  	3457.6
284 	50    	2692.81	1618  	3611.6
285 	50    	2549.74	1002  	3684.8
286 	50    	2460.1 	964.4 	3696.4
287 	50    	2472.06	884   	3492.4
288 	50    	2438.54	1736.8	3321.6
289 	50    	2458.66	1588.4	3373.6
290 	50    	2479.71	1885.2	3213.2
291 	50    	2439.25	1812  	3312.8
292 	50    	2500   	991.2 	3498  
293 	50    	2586.78	1935.2	3603.2
294 	50    	2557.7 	1938.4	3286.4
295 	50    	2551.35	724.4 	3474.4
296 	50    	2539.51	871.2 	3418.4
297 	50    	2531.78	1664.8	3739.2
298 	50    	2523.54	1764  	4238  
299 	50    	2599.6 	856   	3619.6
300 	50    	2493.15	769.2 	3431.2
301 	50    	2614.93	1833.2	3392  
302 	50    	2529.04	1819.6	3821.2
303 	50    	2605.86	1735.2	3525.2
304 	50    	2536.75	1420.8	4348.4
305 	50    	2433.27	656   	3836.8
306 	50    	2593.14	1764.4	3416.8
307 	50    	2606.54	1630.8	4031.6
308 	50    	2576.42	1460.8	4608  
309 	50    	2612.77	1942  	3366.8
310 	50    	2519.77	1800.8	3405.2
311 	50    	2604.37	2043.2	3259.6
312 	50    	2465.81	937.6 	3067.6
313 	50    	2454.56	1860.4	3779.2
314 	50    	2576.26	1622.8	3381.2
315 	50    	2505.78	893.2 	3637.6
316 	50    	2483.47	919.6 	3718  
317 	50    	2562.9 	917.2 	3361.2
318 	50    	2501.48	1743.6	3265.6
319 	50    	2465.87	555.2 	3563.6
320 	50    	2586.34	1858.4	3743.2
321 	50    	2532.94	1535.2	3400.4
322 	50    	2517.64	1676  	3248.4
323 	50    	2558.81	1800  	3626.8
324 	50    	2571.74	1640.8	3786.4
325 	50    	2472.78	1824.4	2977.6
326 	50    	2537.83	1588.8	3293.2
327 	50    	2528.59	1709.2	3631.2
328 	50    	2583.9 	736.4 	3602.4
329 	50    	2539.78	1624.8	3603.6
330 	50    	2617.11	1884.8	3576  
331 	50    	2502.49	1817.6	3257.6
332 	50    	2458.7 	1953.6	3606.8
333 	50    	2546.89	1517.6	3734.4
334 	50    	2506.46	1748.4	3541.2
335 	50    	2480.42	1048.8	3718.4
336 	50    	2549.87	1722.4	3726.4
337 	50    	2519.59	1483.2	3157.6
338 	50    	2520.99	1616.4	3610  
339 	50    	2587.79	1954.4	3397.2
340 	50    	2400.05	675.2 	3202.4
341 	50    	2661.49	1892  	3869.6
342 	50    	2553.62	1860.4	3522.8
343 	50    	2481.6 	1728.8	3508  
344 	50    	2533.53	1720.4	3743.2
345 	50    	2456.1 	1618.8	3390.8
346 	50    	2498.14	704   	3396.8
347 	50    	2416.2 	1838.4	3201.6
348 	50    	2515.02	805.2 	3484  
349 	50    	2522.29	1714  	3482.8
350 	50    	2396.18	892   	3169.6
351 	50    	2410.72	628   	3619.2
352 	50    	2520.6 	1825.6	3475.2
353 	50    	2486.98	1782.8	3297.2
354 	50    	2532.58	786   	3536  
355 	50    	2678.14	1488  	3472  
356 	50    	2578.24	1728.4	3612.4
357 	50    	2469.57	1557.2	3334.4
358 	50    	2570.98	1908  	3562.8
359 	50    	2528.54	1592  	3402  
360 	50    	2551.99	1935.6	3104.4
361 	50    	2609.8 	1710.4	4120.8
362 	50    	2496.09	1603.6	3406  
363 	50    	2522.5 	1784.8	3167.6
364 	50    	2531.94	1887.6	3190.4
365 	50    	2540.59	1791.6	3145.6
366 	50    	2436.94	548.8 	3402.4
367 	50    	2627.38	1830  	3601.6
368 	50    	2560.14	1785.6	3750.4
369 	50    	2447.47	1769.6	3760  
370 	50    	2587.14	1766  	3750.8
371 	50    	2478.63	1604  	3714.4
372 	50    	2586.34	1800.4	3660.4
373 	50    	2440.06	1782.4	3613.6
374 	50    	2570.1 	1839.2	4048.4
375 	50    	2639.74	1766.4	3516  
376 	50    	2571.95	1369.6	3433.2
377 	50    	2614.78	1695.6	3511.6
378 	50    	2563.94	1895.6	3152.8
379 	50    	2562.58	1690  	3548  
380 	50    	2661.12	1608.8	3784.4
381 	50    	2491.47	1517.6	3261.2
382 	50    	2445.82	1549.2	3359.6
383 	50    	2410.15	1504.8	3546.8
384 	50    	2480.67	1717.2	3174.4
385 	50    	2496.36	937.6 	3404  
386 	50    	2606.14	1817.2	3271.6
387 	50    	2460.39	1559.6	3332.8
388 	50    	2646.02	2027.6	3654.8
389 	50    	2450.42	1711.6	3017.2
390 	50    	2583.85	1912.8	3372.4
391 	50    	2660   	1789.2	4044.8
392 	50    	2617.35	1846  	4059.6
393 	50    	2563.17	1929.6	3319.6
394 	50    	2551.35	1722.4	3633.6
395 	50    	2478.93	1726  	3300.8
396 	50    	2597.57	1714.4	3623.6
397 	50    	2503.72	1550.8	3411.6
398 	50    	2473.46	1694  	3638.4
399 	50    	2511.38	1788.4	3200.4
400 	50    	2447.16	1935.2	3187.6
401 	50    	2545.65	1727.2	3518.8
402 	50    	2491.87	1572  	3312.4
403 	50    	2651.47	1890.4	3924.4
404 	50    	2495.18	1686.4	3301.2
405 	50    	2561.46	794.8 	3599.6
406 	50    	2459.74	1673.6	3491.6
407 	50    	2568.43	689.2 	3866  
408 	50    	2526.3 	1794.4	3545.2
409 	50    	2593.64	1814.4	3509.6
410 	50    	2498.27	1669.6	3330.8
411 	50    	2509.49	1868.4	3516.4
412 	50    	2488.8 	1706.4	3862  
413 	50    	2528.84	1695.2	3431.2
414 	50    	2558.49	1417.6	3703.2
415 	50    	2539.54	1920.8	3501.2
416 	50    	2520.23	1732.4	3374.8
417 	50    	2507.1 	1663.2	3497.2
418 	50    	2552.6 	1424.8	3354  
419 	50    	2551.9 	2000.8	3473.2
420 	50    	2592.93	1996.8	3493.2
421 	50    	2630.48	1880.8	3728.8
422 	50    	2466.94	1728.4	3604.8
423 	50    	2585.56	1918.4	3173.6
424 	50    	2496.75	1605.6	3691.6
425 	50    	2570.05	1767.2	3560.8
426 	50    	2528.06	1812  	3646.4
427 	50    	2576.79	1830  	3566.4
428 	50    	2558.48	1657.2	3404  
429 	50    	2483.94	1565.2	3523.2
430 	50    	2510.62	1739.2	3272.4
431 	50    	2590.54	1934  	3296.4
432 	50    	2581.71	1852.8	3977.6
433 	50    	2601.58	1846.4	3530  
434 	50    	2511.44	1847.2	3582.8
435 	50    	2473.58	859.6 	3516.8
436 	50    	2521.85	742.4 	3556.8
437 	50    	2549.11	1730.8	3419.6
438 	50    	2591.03	1766.4	3797.2
439 	50    	2507.34	1882.8	4022.4
440 	50    	2450.25	1836.4	3545.6
441 	50    	2470.59	1520  	3482.4
442 	50    	2493.42	1586.8	3481.2
443 	50    	2448.89	1714.4	3334.4
444 	50    	2425.85	1499.2	3270.8
445 	50    	2564.86	1655.2	3336.4
446 	50    	2501.33	1822.4	3172.8
447 	50    	2630.37	1838  	3343.6
448 	50    	2533.33	1712.8	3508.4
449 	50    	2422.18	1502.8	3285.2
450 	50    	2564.95	1927.6	3402  
451 	50    	2597.06	1648.8	3578.8
452 	50    	2519.25	1568.8	3347.2
453 	50    	2402.46	754.8 	3230.4
454 	50    	2643.15	1913.6	3577.6
455 	50    	2444.13	1885.6	3341.2
456 	50    	2466.3 	650.4 	3593.6
457 	50    	2500.56	1651.6	3368.8
458 	50    	2545.62	1627.6	3737.6
459 	50    	2466.48	906.8 	3102.4
460 	50    	2443.26	1732.4	3131.2
461 	50    	2517.17	714.8 	3458.4
462 	50    	2544.15	709.2 	3268  
463 	50    	2544.19	1807.2	3712.8
464 	50    	2586.86	1845.2	3530.4
465 	50    	2530.74	1598.8	3362  
466 	50    	2425.46	942   	3261.2
467 	50    	2471.02	1678  	3333.2
468 	50    	2576.3 	1634.4	3452.4
469 	50    	2461.45	880   	3200  
470 	50    	2554.14	1714  	3341.6
471 	50    	2475.19	1598  	3322.4
472 	50    	2513.81	1896.4	3403.2
473 	50    	2549.3 	1724.8	3342  
474 	50    	2650.1 	1584  	3852  
475 	50    	2582.92	1985.6	3637.6
476 	50    	2494.62	1641.2	3927.6
477 	50    	2583.78	1840.4	3338.8
478 	50    	2564.94	1696.8	3246  
479 	50    	2535.25	1745.6	3278  
480 	50    	2512.37	1572  	3453.2
481 	50    	2592.04	1747.2	3551.2
482 	50    	2509.94	1580  	3295.6
483 	50    	2578.31	1994.4	3419.2
484 	50    	2508.79	1803.6	3576  
485 	50    	2538.19	757.6 	3306  
486 	50    	2497.37	1217.6	3446.4
487 	50    	2504   	842.8 	3238  
488 	50    	2492.17	1884.4	3454  
489 	50    	2433   	1741.2	3496.4
490 	50    	2523.13	1633.6	3125.6
491 	50    	2525.99	1875.2	3441.6
492 	50    	2476.31	1474.8	3189.2
493 	50    	2467.78	1485.6	3132.4
494 	50    	2536.36	1718.8	3435.2
495 	50    	2499.06	1790  	3238  
496 	50    	2618.74	1567.2	3675.6
497 	50    	2466.37	824.4 	3425.6
498 	50    	2551.66	1866.8	3201.2
499 	50    	2628.98	1870.4	3856  
500 	50    	2466.75	1766  	3376  
501 	50    	2510.1 	1823.2	3297.6
502 	50    	2574.58	1825.6	3807.2
503 	50    	2455.25	1834.8	3353.2
504 	50    	2544.25	1871.2	3250.4
505 	50    	2543.78	1671.6	3497.2
506 	50    	2599.9 	1668  	3589.6
507 	50    	2428.92	1676  	3213.6
508 	50    	2521.71	1853.2	3241.6
509 	50    	2422.57	1735.2	3320  
510 	50    	2524.45	1828.4	3726.4
511 	50    	2543.05	1734  	3334.4
512 	50    	2483.47	1761.2	3426.8
513 	50    	2484.09	1692.8	3585.2
514 	50    	2479.04	794   	3316  
515 	50    	2532.39	1774.4	3332  
516 	50    	2555.97	1101.6	3524  
517 	50    	2506.09	1683.2	3384.8
518 	50    	2577.93	1794.8	3480.4
519 	50    	2462.46	697.6 	3571.2
520 	50    	2509.26	1877.2	3368  
521 	50    	2606.91	1822.4	3334.4
522 	50    	2490.2 	1646  	3303.2
523 	50    	2476.06	802.8 	3539.2
524 	50    	2590.21	1699.2	3331.6
525 	50    	2561.89	745.2 	3603.6
526 	50    	2485.74	1644.4	3174  
527 	50    	2520.29	743.2 	3565.2
528 	50    	2495.03	1718.4	3365.2
529 	50    	2466.7 	804.8 	3244  
530 	50    	2472.17	1610.8	3273.2
531 	50    	2583.97	1872  	3588.4
532 	50    	2600.43	1734.4	3456.8
533 	50    	2524.97	1535.6	3521.2
534 	50    	2549.11	635.6 	3478  
535 	50    	2610.04	1454  	3646.4
536 	50    	2584.66	1734.4	3415.2
537 	50    	2592.04	1710.8	3319.2
538 	50    	2537.17	1860.8	3240.8
539 	50    	2532.55	1862.4	3310  
540 	50    	2524.8 	1734  	3654.8
541 	50    	2495.94	813.6 	3460  
542 	50    	2561.29	846.8 	3499.2
543 	50    	2537.4 	1918.8	3516  
544 	50    	2419.69	1617.2	3356  
545 	50    	2492.07	1871.6	3332.8
546 	50    	2548.14	1236.4	3361.2
547 	50    	2572.86	1585.2	3517.2
548 	50    	2551.7 	1712  	3278  
549 	50    	2669.84	1880  	3507.6
550 	50    	2553.44	1549.2	3248  
551 	50    	2557.46	1681.2	3703.2
552 	50    	2561.15	890.4 	3546.4
553 	50    	2536.18	1766  	3436  
554 	50    	2504.05	585.2 	3326.8
555 	50    	2431.78	872   	3202  
556 	50    	2456.08	1926  	3218  
557 	50    	2292.61	727.2 	3321.6
558 	50    	2396.77	954   	3274.4
559 	50    	2501.78	1341.2	3632  
560 	50    	2453.81	1774.4	3050  
561 	50    	2525.74	1695.2	3386.8
562 	50    	2543.5 	1882.4	3511.6
563 	50    	2454.2 	669.2 	2970.4
564 	50    	2576.86	1916.4	3646  
565 	50    	2543.5 	642.8 	3371.6
566 	50    	2559.4 	1752.8	3528.4
567 	50    	2525.34	1731.2	3420.8
568 	50    	2531.61	1927.2	3526.4
569 	50    	2593.66	1679.6	3734.4
570 	50    	2467.09	771.2 	3006  
571 	50    	2451.06	1752.8	3811.6
572 	50    	2518.6 	1634.8	3429.6
573 	50    	2507.77	1764  	3458.4
574 	50    	2545.11	1921.2	3170.8
575 	50    	2582.07	1683.6	3514.8
576 	50    	2607.19	1470.8	3300.8
577 	50    	2587.11	1660.4	4091.6
578 	50    	2456.26	1610.8	3255.2
579 	50    	2520.45	1854.8	3370  
580 	50    	2540.77	1698.4	3412  
581 	50    	2478.34	638   	3363.2
582 	50    	2511.81	764.4 	3475.2
583 	50    	2612.14	1868.4	3718  
584 	50    	2580.07	1865.6	3517.6
585 	50    	2522.09	532.4 	3782.4
586 	50    	2615.89	1603.6	3978  
587 	50    	2485.58	1669.2	3191.2
588 	50    	2640.54	1872  	3458.4
589 	50    	2551.31	1756.4	3481.2
590 	50    	2522.26	1869.2	3762  
591 	50    	2604.7 	1686.4	3948.4
592 	50    	2560.94	1902  	3596.8
593 	50    	2616.1 	1855.2	3419.6
594 	50    	2554.84	1300  	3302  
595 	50    	2518.5 	1653.2	3456  
596 	50    	2544.9 	1805.2	3573.6
597 	50    	2525.43	1764  	3637.2
598 	50    	2540.14	1622  	3562.8
599 	50    	2494.12	1570.4	3417.2
600 	50    	2598.99	1920  	3382.8
601 	50    	2525.23	1699.2	3819.2
602 	50    	2531.98	760   	3374.8
603 	50    	2415.9 	733.2 	3146.4
604 	50    	2491.28	1859.6	3509.2
605 	50    	2485.92	1644.8	3643.2
606 	50    	2494.51	692   	3303.6
607 	50    	2558.94	1580.4	3679.2
608 	50    	2486.1 	1654  	3561.6
609 	50    	2486.99	1782.4	3755.6
610 	50    	2529.44	1784.4	3353.6
611 	50    	2527.49	1736.8	3450.8
612 	50    	2642.03	1746  	3784.4
613 	50    	2492.51	1727.6	3507.2
614 	50    	2388.65	714.4 	3012.8
615 	50    	2509.26	1814.4	3321.2
616 	50    	2585.38	1954  	3482.8
617 	50    	2529.02	1748.4	3244.4
618 	50    	2578.71	1908.8	3508.4
619 	50    	2571.31	1904  	3492  
620 	50    	2593.97	1863.6	3366.4
621 	50    	2525.78	712   	3561.2
622 	50    	2500.78	1720.4	3372  
623 	50    	2607.69	1897.6	3437.2
624 	50    	2563.21	1673.6	3566  
625 	50    	2548.93	1729.6	3319.2
626 	50    	2546.28	1701.2	3601.6
627 	50    	2508.8 	1824.4	3276  
628 	50    	2488   	1738.4	3718.8
629 	50    	2503.14	1764  	3464.4
630 	50    	2473.17	1847.6	3082.4
631 	50    	2563.33	1730  	3290  
632 	50    	2623.48	1837.6	3476  
633 	50    	2417.37	1550  	3210  
634 	50    	2539.58	1562.8	3224.4
635 	50    	2576.97	1782.4	3734.4
636 	50    	2514.52	1400  	3447.2
637 	50    	2533.03	1640  	3304.8
638 	50    	2495.19	1833.2	3304.8
639 	50    	2511.38	1670  	3332.8
640 	50    	2569.04	1826.8	3352.4
641 	50    	2482.26	1592  	3470.8
642 	50    	2544.12	1811.2	3412.4
643 	50    	2539.31	1725.2	3733.2
644 	50    	2503.49	856.8 	3476  
645 	50    	2561.79	1762  	3341.6
646 	50    	2566.76	1889.2	3674  
647 	50    	2563.54	1684.8	3790.8
648 	50    	2535.22	1672.4	4000  
649 	50    	2590.54	1808  	3708  
650 	50    	2453.26	1597.6	3575.2
651 	50    	2577.73	1782.4	3682.8
652 	50    	2535.25	1885.6	3164  
653 	50    	2569.17	1740.8	3557.2
654 	50    	2561.25	1888  	3663.2
655 	50    	2482.09	1672  	3326  
656 	50    	2518.7 	1625.2	3529.6
657 	50    	2571.77	1480.8	3573.2
658 	50    	2439.84	1804.8	3080.4
659 	50    	2539.58	1593.2	3540.8
660 	50    	2485.14	1572  	3291.2
661 	50    	2643.41	1883.2	3784  
662 	50    	2485.49	1635.6	3646.8
663 	50    	2510.88	539.2 	4048.4
664 	50    	2511.63	1805.6	3477.6
665 	50    	2645.09	1935.6	3847.2
666 	50    	2530.59	1721.2	3336.8
667 	50    	2476.93	1538.4	3609.2
668 	50    	2545.36	1268.4	3620  
669 	50    	2415.5 	1698.8	3264.4
670 	50    	2529.54	1891.6	3364  
671 	50    	2507.1 	1759.6	3265.6
672 	50    	2498.28	1300  	3515.6
673 	50    	2514.53	1767.2	3293.2
674 	50    	2600.98	1849.2	3560  
675 	50    	2456.91	784.4 	3148.8
676 	50    	2476.77	1697.6	3282  
677 	50    	2432.96	732.4 	4077.2
678 	50    	2473.69	1549.2	3269.2
679 	50    	2540.68	1851.2	3648.8
680 	50    	2485.02	1566.8	3478.8
681 	50    	2599.84	1827.6	3407.6
682 	50    	2451.3 	1739.2	3287.2
683 	50    	2572.9 	1630  	3752.4
684 	50    	2580.59	1705.6	3807.2
685 	50    	2532.93	1830.4	3354  
686 	50    	2613.58	1876  	3273.6
687 	50    	2530.69	1739.6	3282.8
688 	50    	2438.84	1833.2	3474  
689 	50    	2555.01	1761.6	3432.4
690 	50    	2563.44	1749.2	3792  
691 	50    	2623.93	1573.2	3750  
692 	50    	2563.26	1710  	3518.4
693 	50    	2513.66	1874.8	3745.2
694 	50    	2450.98	908.4 	3923.2
695 	50    	2538.11	1977.2	3414.4
696 	50    	2496.48	1726.8	3582  
697 	50    	2586.66	1834  	3432.8
698 	50    	2525.67	1778.8	3580.8
699 	50    	2596.94	760   	4036.4
700 	50    	2468.23	1439.6	3064.4
701 	50    	2562.14	1644.8	3680.4
702 	50    	2571.73	1554  	3554  
703 	50    	2475.5 	1785.6	3256.4
704 	50    	2498.02	1680.8	3479.6
705 	50    	2643.23	2040  	3481.6
706 	50    	2550.14	1672.8	3532  
707 	50    	2654.67	883.6 	3711.6
708 	50    	2548.74	722.8 	3304.8
709 	50    	2492.14	1770.4	3294.8
710 	50    	2575.06	1740.4	3688.4
711 	50    	2558.57	1860.8	3422.4
712 	50    	2436.69	1600.4	3331.2
713 	50    	2543.27	1644.8	3568  
714 	50    	2561.03	658   	3582.8
715 	50    	2446.66	1742.8	3456.4
716 	50    	2497.46	1863.2	3166.8
717 	50    	2535.59	1763.6	3448.4
718 	50    	2513.22	1704.4	3880.4
719 	50    	2525.6 	1602.4	3415.6
720 	50    	2439.06	1539.6	3979.6
721 	50    	2620.4 	1429.6	3555.2
722 	50    	2557.64	1721.2	3442  
723 	50    	2530.16	1524.4	3488.8
724 	50    	2529.18	1914.4	3344  
725 	50    	2628.62	1781.6	3436.8
726 	50    	2500.26	1854.4	3284  
727 	50    	2591.88	1883.2	3864.4
728 	50    	2507.5 	1856  	3922.8
729 	50    	2609.12	1760.4	4044.8
730 	50    	2514.31	1385.6	3625.2
731 	50    	2509.38	1494  	3394.8
732 	50    	2546.57	1920.8	3833.6
733 	50    	2650.98	1850  	3254.4
734 	50    	2512.19	1753.6	3379.6
735 	50    	2581.78	1839.6	3804  
736 	50    	2581.32	1674  	3559.2
737 	50    	2492.45	1754.8	3390.8
738 	50    	2529.67	1735.2	3252  
739 	50    	2544.65	1640  	3543.6
740 	50    	2588.51	1830.8	3621.6
741 	50    	2518.02	1756.8	3424.4
742 	50    	2550.91	1738  	3500.8
743 	50    	2521.95	1777.6	3142.8
744 	50    	2472.76	726   	3660.4
745 	50    	2528.42	1877.6	3556  
746 	50    	2499.86	1922.8	3230  
747 	50    	2557.83	1643.2	3471.6
748 	50    	2478.46	1768.8	3436  
749 	50    	2632.65	1728.8	3329.2
750 	50    	2501.51	1872  	3545.6
751 	50    	2456.91	1819.2	3184.8
752 	50    	2524.92	1040.4	3497.6
753 	50    	2553.7 	906.8 	3338.4
754 	50    	2626.7 	1866.4	3386.4
755 	50    	2555.46	1740.4	3586.4
756 	50    	2546.98	1707.6	4169.6
757 	50    	2629.34	1763.6	3778  
758 	50    	2531.81	1481.2	3524.8
759 	50    	2562.94	1570  	3356.8
760 	50    	2498.76	1593.2	3376.8
761 	50    	2531.42	1774  	3561.2
762 	50    	2610.81	1986.4	3224.8
763 	50    	2481.46	1791.2	3710.4
764 	50    	2663.98	1795.2	3668.4
765 	50    	2587.58	1742.4	3625.6
766 	50    	2605.96	1852  	3390  
767 	50    	2488.34	699.2 	3188.4
768 	50    	2568.08	1008.8	4009.2
769 	50    	2558.54	1535.2	3133.6
770 	50    	2594.82	1873.6	3711.6
771 	50    	2488.9 	1725.2	3236  
772 	50    	2568.01	1738  	3809.6
773 	50    	2512.06	1764.4	3716.4
774 	50    	2485.12	1672.4	3268  
775 	50    	2565.71	1942.4	3570.8
776 	50    	2467.06	1602.4	3281.6
777 	50    	2543.5 	1854.4	3214  
778 	50    	2516.97	1800.4	3620.4
779 	50    	2527.64	1828  	3314.4
780 	50    	2435.14	1726  	3263.6
781 	50    	2602.82	1717.6	3544.8
782 	50    	2510.39	1598  	3392  
783 	50    	2558.26	1899.2	3320.8
784 	50    	2598.83	1896.4	3449.2
785 	50    	2539.1 	1549.2	3456.4
786 	50    	2552.16	1894.4	3489.2
787 	50    	2526.06	953.6 	3326.8
788 	50    	2471.62	1882.4	3135.6
789 	50    	2415.42	1795.2	3333.2
790 	50    	2442.34	657.2 	3998.4
791 	50    	2432.38	1708  	3610.4
792 	50    	2570.7 	1170  	3256.8
793 	50    	2619.56	1650  	3519.6
794 	50    	2523.06	1852.8	3281.6
795 	50    	2528.76	1499.2	3469.6
796 	50    	2453.22	1828.8	3518.4
797 	50    	2493.23	1754  	3454.4
798 	50    	2530.18	722.4 	3240.4
799 	50    	2613.65	612.8 	3520.4
800 	50    	2477.38	932.4 	3354  
801 	50    	2396.44	580.8 	3314.4
802 	50    	2554.23	1785.2	3338  
803 	50    	2540.54	1768.8	3222.4
804 	50    	2580.68	1856.8	3532.4
805 	50    	2480.44	1737.2	3487.6
806 	50    	2543.38	1527.2	3482.8
807 	50    	2425.46	1654.8	3318.8
808 	50    	2488.97	1800.8	3444.8
809 	50    	2553.38	1838.8	3185.2
810 	50    	2523.18	1690  	3169.6
811 	50    	2538.08	1822.4	4009.2
812 	50    	2546.55	683.2 	3480.8
813 	50    	2620.84	1718  	3474  
814 	50    	2522.2 	1633.6	4116.8
815 	50    	2596.22	1742  	3382.8
816 	50    	2517.3 	1792.8	3683.2
817 	50    	2500.71	1837.2	3281.6
818 	50    	2490.58	1649.2	3348  
819 	50    	2425.24	1501.6	3520.4
820 	50    	2543.94	698   	3608  
821 	50    	2530.46	1579.6	3282.8
822 	50    	2578.93	1825.6	3519.2
823 	50    	2460.64	1922.8	3359.2
824 	50    	2470.26	1716.8	3225.6
825 	50    	2485.16	1443.6	3446  
826 	50    	2504.13	1552.4	3394.4
827 	50    	2517.22	755.2 	3633.2
828 	50    	2645.64	1949.6	3603.6
829 	50    	2563.7 	1754  	3816.8
830 	50    	2477.68	874.4 	3273.6
831 	50    	2553.21	1752.4	3432.8
832 	50    	2471.52	1518.8	3260.4
833 	50    	2587.03	1129.6	3449.6
834 	50    	2529   	1598.4	3374.8
835 	50    	2483.12	865.6 	3486.4
836 	50    	2591.64	1899.6	3421.6
837 	50    	2392.74	712   	3400.8
838 	50    	2485.01	783.2 	3437.2
839 	50    	2350.21	670   	3449.2
840 	50    	2520.26	1426.8	3416  
841 	50    	2419.1 	1675.2	3216.4
842 	50    	2501.73	1873.6	3263.2
843 	50    	2572.18	1577.2	3831.2
844 	50    	2417.92	1822  	2996  
845 	50    	2396.31	738.4 	3573.2
846 	50    	2476.71	880.4 	3524  
847 	50    	2548.18	1508  	3410  
848 	50    	2498.25	1382.4	3798.4
849 	50    	2625.62	1750.4	3516.4
850 	50    	2519.5 	1680  	3424  
851 	50    	2571.65	908   	3585.6
852 	50    	2531.01	1914.8	3564.8
853 	50    	2617.02	1938.4	3456  
854 	50    	2543.56	1734  	4245.2
855 	50    	2564.27	1710  	4077.2
856 	50    	2529.82	1660.4	3628.4
857 	50    	2516.5 	670.4 	3162  
858 	50    	2468.7 	879.2 	3706  
859 	50    	2539.59	1850  	3213.6
860 	50    	2478.7 	702.4 	3478.4
861 	50    	2582.17	980.4 	3477.6
862 	50    	2536.66	803.6 	3564.4
863 	50    	2596.15	1922.4	3148.4
864 	50    	2419.48	616.8 	3288.4
865 	50    	2439.1 	962   	3332.4
866 	50    	2471.26	756.4 	3582  
867 	50    	2398.42	861.6 	3130  
868 	50    	2567   	1802.8	3518.8
869 	50    	2543.6 	1795.2	3412.8
870 	50    	2454.52	1782.8	4122  
871 	50    	2377.98	710.8 	2928.8
872 	50    	2518.69	1647.2	3529.6
873 	50    	2431.45	512.8 	3969.2
874 	50    	2502.42	1912.8	3490.8
875 	50    	2485.42	1631.2	3276.4
876 	50    	2541.65	1728  	3508  
877 	50    	2514.65	1786.8	3414.4
878 	50    	2555.83	1184  	3495.2
879 	50    	2466.94	940.8 	3355.2
880 	50    	2515.44	833.2 	3538.8
881 	50    	2431.67	1100.8	3852  
882 	50    	2503.07	1884.4	3284.8
883 	50    	2505.47	1067.6	3485.6
884 	50    	2413.44	960   	3550  
885 	50    	2519.16	1549.2	3632.8
886 	50    	2479.76	516   	3476.4
887 	50    	2586.77	1745.2	3468.8
888 	50    	2464.32	690.4 	3451.6
889 	50    	2542.3 	1630.8	3276.4
890 	50    	2594.17	1826.4	3290.8
891 	50    	2447.89	1598.4	3286.8
892 	50    	2561.3 	1461.2	3415.2
893 	50    	2525.51	1682.8	3167.6
894 	50    	2489.54	659.2 	3643.6
895 	50    	2555.79	1829.2	3292.4
896 	50    	2424.91	545.2 	3923.2
897 	50    	2560.19	1777.2	3650  
898 	50    	2526.55	1520.4	3313.6
899 	50    	2617.86	1747.2	3797.2
900 	50    	2491.1 	1830.8	3829.2
901 	50    	2452.34	861.2 	3472.8
902 	50    	2499.86	838.4 	3518  
903 	50    	2533.34	1757.2	3509.2
904 	50    	2519.92	1132.4	3492  
905 	50    	2541.22	1850.4	3429.6
906 	50    	2552.42	1586.4	3521.6
907 	50    	2516.62	1668.8	3254  
908 	50    	2512.89	1852  	3286.8
909 	50    	2503.59	706.8 	3250.8
910 	50    	2600.06	2035.2	3428  
911 	50    	2484.34	554.8 	3435.6
912 	50    	2486.09	1674.8	3186  
913 	50    	2421.79	716   	3242.8
914 	50    	2454.74	667.2 	3349.2
915 	50    	2473.36	851.6 	3510  
916 	50    	2502.74	1854.8	3200.8
917 	50    	2478.13	707.2 	3690.4
918 	50    	2562.19	1786.8	3266.4
919 	50    	2525.48	806.4 	3572.4
920 	50    	2526.1 	698   	4047.6
921 	50    	2496.03	708.8 	3506.4
922 	50    	2571.92	771.2 	3897.6
923 	50    	2519.5 	1787.2	3525.2
924 	50    	2565.88	1962.8	3365.2
925 	50    	2560.34	1850  	3839.2
926 	50    	2557.58	1812  	3563.6
927 	50    	2548.9 	1481.2	3528.8
928 	50    	2612.19	1877.6	3669.6
929 	50    	2559.68	2030.8	3400.4
930 	50    	2514.9 	1872.4	3364.4
931 	50    	2635.95	1844  	3562.4
932 	50    	2517.58	1739.2	3291.2
933 	50    	2483.3 	1790.8	3239.2
934 	50    	2389.59	1274.8	3218.8
935 	50    	2581.01	710.8 	3374.4
936 	50    	2535.74	1786  	3174  
937 	50    	2482.67	1717.2	3496.4
938 	50    	2591.24	1929.6	3799.2
939 	50    	2554.5 	1810.4	3586.4
940 	50    	2522.42	669.6 	3352.8
941 	50    	2530.16	1014.4	3308.8
942 	50    	2560.13	1960  	3986.8
943 	50    	2557.31	663.2 	3668.4
944 	50    	2394.03	616.4 	3220  
945 	50    	2444.82	1558.8	3172.4
946 	50    	2508.11	918.4 	3932.4
947 	50    	2512.83	663.6 	3440.4
948 	50    	2493.5 	1952.4	3159.2
949 	50    	2550.74	1538.4	3538.8
950 	50    	2578.69	1568  	4002.4
951 	50    	2512.52	1635.6	3309.2
952 	50    	2524.84	1685.6	3560.8
953 	50    	2462.07	1674.8	3338.4
954 	50    	2415.08	857.6 	3451.2
955 	50    	2629.96	1288.4	3609.6
956 	50    	2647.26	1897.6	3691.6
957 	50    	2562.18	1772.8	3437.2
958 	50    	2523.11	1866.8	3545.6
959 	50    	2513.42	766   	3514.8
960 	50    	2559.89	1819.6	3816  
961 	50    	2349.01	794.4 	3153.2
962 	50    	2493.49	1710.4	3186.8
963 	50    	2521.18	1968.4	3504.4
964 	50    	2564.17	1882.4	3782  
965 	50    	2451.06	1474.8	3204.8
966 	50    	2534.6 	1966  	3452  
967 	50    	2453.31	584.8 	3503.2
968 	50    	2501.06	1780  	3437.6
969 	50    	2632.82	1885.2	3876.4
970 	50    	2507.1 	1904.4	3352.4
971 	50    	2450.45	902.8 	3324.8
972 	50    	2524.01	892   	3909.2
973 	50    	2502.46	1773.6	3552.8
974 	50    	2605.97	2034.4	3490  
975 	50    	2537   	1673.6	3359.2
976 	50    	2500.82	1650.4	3225.2
977 	50    	2560.8 	1712.8	3522  
978 	50    	2556.33	1745.6	3454.8
979 	50    	2559.94	1669.2	3270.8
980 	50    	2552.78	828.8 	3586  
981 	50    	2485.35	1488.8	3688  
982 	50    	2704.28	1750.8	3972  
983 	50    	2576.91	1706  	3276.8
984 	50    	2619.67	1936.8	3440.8
985 	50    	2568.27	1508  	3383.6
986 	50    	2538.74	1518.8	3721.2
987 	50    	2635.68	1751.2	3337.6
988 	50    	2526.48	807.6 	3374.8
989 	50    	2443.63	1591.2	3042.4
990 	50    	2514.8 	1598.8	3363.2
991 	50    	2644.62	1927.6	3516.4
992 	50    	2489.1 	1685.6	3353.6
993 	50    	2533.63	1724.8	3590.8
994 	50    	2455.23	452.8 	3246.8
995 	50    	2531.13	1687.2	3547.2
996 	50    	2455.22	1652.4	3396  
997 	50    	2533.8 	1644.8	3513.6
998 	50    	2538.15	1528.8	3550.8
999 	50    	2472.57	1649.2	3027.6
1000	50    	2532.68	1900  	3451.6
1001	50    	2533.2 	1553.6	3441.6
1002	50    	2484.96	699.6 	3056  
1003	50    	2550.34	1736.4	3610.4
1004	50    	2595.18	1755.2	3286.4
1005	50    	2547.74	1516.8	3244.4
1006	50    	2515.28	1726.8	3178  
1007	50    	2517.77	1858  	3218.8
1008	50    	2546.34	1928.4	3598.4
1009	50    	2566.23	1974.4	3109.6
1010	50    	2621.84	1908.8	3758.4
1011	50    	2544.31	616   	3316  
1012	50    	2445.79	767.2 	3505.6
1013	50    	2516.49	1766.4	3601.6
1014	50    	2533.36	1805.6	3540.8
1015	50    	2537.27	1728.8	3555.6
1016	50    	2454.51	1879.2	4321.6
1017	50    	2622.05	1517.6	3482.4
1018	50    	2523.59	1577.2	3500  
1019	50    	2530.47	1644.8	3631.2
1020	50    	2461.09	1665.2	3109.2
1021	50    	2647.53	1611.6	3691.6
1022	50    	2608.38	700.4 	3546.8
1023	50    	2603.24	1717.6	3504  
1024	50    	2515.46	778   	3163.6
1025	50    	2587.44	1846  	3689.2
1026	50    	2506.78	1838  	3204.8
1027	50    	2466.74	1754.4	3257.2
1028	50    	2415.71	761.2 	3467.6
1029	50    	2516.53	1822  	3685.2
1030	50    	2605.92	1686.4	3654.8
1031	50    	2536.07	699.2 	3379.2
1032	50    	2527.84	901.6 	3082  
1033	50    	2530.53	1768.8	3782.8
1034	50    	2417.93	1562.4	3273.6
1035	50    	2567.46	1565.2	3224  
1036	50    	2524.83	1836.4	3529.6
1037	50    	2538.97	1677.6	3336.4
1038	50    	2483.54	1767.6	3560.8
1039	50    	2547.93	1880.4	3314.4
1040	50    	2510.66	1158.8	3636.8
1041	50    	2546.37	1646  	3368  
1042	50    	2527.98	1893.6	3450  
1043	50    	2519.48	1750.8	3329.6
1044	50    	2477.14	1612.8	3426.8
1045	50    	2565.39	1724.4	3566.8
1046	50    	2501.61	1786.4	3821.2
1047	50    	2486.58	988   	3360  
1048	50    	2476.07	1786  	3342.8
1049	50    	2502.63	1650.4	3822.4
1050	50    	2492.38	944.4 	3752.4
1051	50    	2621.02	1910  	3300.8
1052	50    	2457.02	1643.6	3175.6
1053	50    	2469.45	1857.2	3358.8
1054	50    	2492.68	1587.2	3353.6
1055	50    	2566.12	1803.6	3561.6
1056	50    	2471.3 	642   	3338  
1057	50    	2533.74	1074.4	3608.8
1058	50    	2568.07	1747.2	3519.6
1059	50    	2655.18	1776  	4154.8
1060	50    	2662.13	1946.8	3905.6
1061	50    	2511.3 	1536.4	3488.4
1062	50    	2579.52	1865.2	3711.6
1063	50    	2450.98	1548  	3950  
1064	50    	2579.62	1684.4	3697.2
1065	50    	2613.59	1870.8	3768  
1066	50    	2579.89	1200.8	3806.4
1067	50    	2602.24	1823.2	3943.6
1068	50    	2631.71	1706.8	3651.6
1069	50    	2682.05	1969.2	3806  
1070	50    	2690.55	1895.2	3705.6
1071	50    	2539.36	1787.6	3576.8
1072	50    	2688.57	1726  	3829.6
1073	50    	2523.04	1688.4	3575.6
1074	50    	2578.74	1814  	3316.4
1075	50    	2533.92	1841.6	4607.6
1076	50    	2547.22	1424.8	3676  
1077	50    	2525.81	1922.8	3417.6
1078	50    	2547.96	1724.4	3548.4
1079	50    	2555.11	1517.2	4251.6
1080	50    	2457.65	1609.6	3398.4
1081	50    	2542.65	1625.2	3317.2
1082	50    	2443.63	1842  	3523.6
1083	50    	2528.98	1776.8	3405.6
1084	50    	2538.79	1828.8	3566.4
1085	50    	2589.34	1786  	3321.6
1086	50    	2429.69	1727.2	3254.4
1087	50    	2623.96	1768.8	3818  
1088	50    	2583.66	1787.2	3575.6
1089	50    	2579.38	1864.8	3638  
1090	50    	2528.14	1707.6	3690.4
1091	50    	2696.24	1934  	4075.6
1092	50    	2555.14	1510  	3350.4
1093	50    	2549.3 	1784.4	3897.2
1094	50    	2503.26	1686  	4046.8
1095	50    	2563.22	1758  	3285.6
1096	50    	2484.06	733.6 	3360.4
1097	50    	2534.09	1870.4	3315.6
1098	50    	2471.57	1272.8	3379.2
1099	50    	2548.32	1559.6	3345.2
1100	50    	2519.92	1866.4	3178.8
1101	50    	2568   	1780.8	3435.2
1102	50    	2569.49	871.6 	3366  
1103	50    	2568.49	1544  	3558.8
1104	50    	2517.55	1746.8	3415.2
1105	50    	2577.2 	900.8 	3829.2
1106	50    	2572.65	1744.8	3464.8
1107	50    	2525.14	967.2 	3326  
1108	50    	2567.71	1740  	3755.2
1109	50    	2530.26	1657.6	3284  
1110	50    	2393.17	1623.6	3211.2
1111	50    	2545.84	1636.4	4048.4
1112	50    	2567.13	2015.6	3322  
1113	50    	2566.21	1982  	3510.8
1114	50    	2492.34	1733.6	3605.2
1115	50    	2535.72	934.4 	3305.2
1116	50    	2438.22	875.6 	3276  
1117	50    	2593.58	1698.8	3737.6
1118	50    	2440.7 	1539.6	3411.2
1119	50    	2528.22	1638.8	3790.8
1120	50    	2498.44	1686.4	3414  
1121	50    	2545.1 	1848  	3353.6
1122	50    	2533.51	1683.6	3279.2
1123	50    	2543.91	1090.4	3250.8
1124	50    	2535.64	1880  	3354  
1125	50    	2453.17	1662  	3766.4
1126	50    	2493.37	1700  	3598  
1127	50    	2569.28	700   	3795.6
1128	50    	2464.35	801.6 	3936.4
1129	50    	2488.5 	1730.8	3488  
1130	50    	2508.77	818.4 	3408.8
1131	50    	2602.54	1741.2	3569.2
1132	50    	2549.7 	1618  	3962.8
1133	50    	2508.48	769.6 	3233.6
1134	50    	2564.7 	588.8 	3728  
1135	50    	2527.09	1707.2	3765.6
1136	50    	2553.28	1594.8	3429.6
1137	50    	2462.1 	1798.8	3352  
1138	50    	2518.26	900.4 	3682.8
1139	50    	2544.55	1731.6	3895.6
1140	50    	2521.5 	1682  	3329.2
1141	50    	2561.21	1823.6	3290.4
1142	50    	2580.22	1056  	3256  
1143	50    	2559.02	1831.6	3467.2
1144	50    	2552.62	1941.6	3354  
1145	50    	2474.78	808.8 	3534  
1146	50    	2474.27	572.4 	3240  
1147	50    	2397.12	657.6 	3219.6
1148	50    	2488.12	958.8 	3458.4
1149	50    	2285.47	590   	3238  
1150	50    	2508.2 	686   	3491.2
1151	50    	2618.77	1665.6	3450.8
1152	50    	2499.95	712.4 	3312.8
1153	50    	2425.93	662   	3246.8
1154	50    	2508.88	1886  	3490.8
1155	50    	2558.84	871.6 	3527.2
1156	50    	2514.53	818.8 	3524  
1157	50    	2414.37	700.4 	3316.8
1158	50    	2514.02	1866.8	3264.4
1159	50    	2545.46	1864.8	3396.8
1160	50    	2486.5 	1708.4	3528.8
1161	50    	2570.26	1876  	3286  
1162	50    	2581.05	1896.8	3638.4
1163	50    	2596.14	1844.8	3474.8
1164	50    	2592.92	1825.2	3417.2
1165	50    	2655.76	1913.6	3407.6
1166	50    	2582.98	1815.6	3626.8
1167	50    	2444.1 	1778.4	3192  
1168	50    	2554.48	1571.2	4440  
1169	50    	2529.47	1731.6	3414  
1170	50    	2620.82	1765.6	4246.4
1171	50    	2554.22	1576  	3296.8
1172	50    	2536.81	1790.4	3417.6
1173	50    	2639.52	1983.2	3671.2
1174	50    	2611.7 	1794  	3691.6
1175	50    	2750.63	1935.2	4190.8
1176	50    	2543.88	946.8 	3288  
1177	50    	2562.82	1790.8	3448.8
1178	50    	2510.38	1836.8	3570.8
1179	50    	2394.44	1504.4	3105.2
1180	50    	2537.58	1853.6	4329.6
1181	50    	2462.45	1686  	3481.2
1182	50    	2568.11	1839.6	4086.8
1183	50    	2501.31	1706.4	3460.8
1184	50    	2531.25	1752.8	3191.6
1185	50    	2595.31	1688  	3595.2
1186	50    	2504.01	1893.2	3226.4
1187	50    	2631.94	1860.4	3506  
1188	50    	2512.77	1417.6	4238  
1189	50    	2682.34	1962.8	3563.6
1190	50    	2390.7 	567.2 	3254.8
1191	50    	2539.57	1849.6	3422  
1192	50    	2637.34	1448.8	3605.6
1193	50    	2456.16	1714.4	3498  
1194	50    	2542.02	1859.2	3366.4
1195	50    	2597.79	1788  	3609.6
1196	50    	2623.66	1758.8	3562.8
1197	50    	2509.72	1916  	3400.4
1198	50    	2468.96	1880  	3621.6
1199	50    	2456.76	1616  	3680.4
1200	50    	2491.3 	880.4 	3470.8
1201	50    	2522.02	1787.2	3565.2
1202	50    	2541.53	1868  	3609.6
1203	50    	2615.61	1892.8	3782.4
1204	50    	2473.9 	1722.8	3052.4
1205	50    	2578.1 	1627.2	3589.2
1206	50    	2464.14	732.4 	3210.8
1207	50    	2572.21	1808  	3786  
1208	50    	2493.01	1663.6	3328.4
1209	50    	2607.46	660.4 	3432.8
1210	50    	2465.12	1598.4	3586  
1211	50    	2549.96	1883.2	3406.4
1212	50    	2606.51	1581.2	3578.4
1213	50    	2533.37	1686.4	3473.6
1214	50    	2488.96	1798  	3154  
1215	50    	2464.43	1781.2	3277.6
1216	50    	2596.67	1634.4	3138.4
1217	50    	2552.91	1848.4	3343.6
1218	50    	2559.22	1739.2	3566  
1219	50    	2597.47	1727.6	3568  
1220	50    	2687.37	1966.4	3505.2
1221	50    	2529.61	1821.2	3912  
1222	50    	2589.76	1872  	3726.8
1223	50    	2492.58	1681.6	3269.6
1224	50    	2644.28	1843.2	3514  
1225	50    	2562.62	2073.6	3208.4
1226	50    	2621.6 	1954.8	3572.4
1227	50    	2494.44	1691.2	3482  
1228	50    	2483.15	1929.6	3259.2
1229	50    	2559.5 	1862  	3549.2
1230	50    	2445.52	1516  	3566.4
1231	50    	2518.2 	1577.2	3825.6
1232	50    	2520.46	1795.2	3231.2
1233	50    	2513.41	1744  	3193.2
1234	50    	2530.38	1750  	3396.4
1235	50    	2636.71	1986  	3722  
1236	50    	2639.34	1630.8	3872  
1237	50    	2483.1 	1823.2	3293.2
1238	50    	2478.65	1595.6	3200.4
1239	50    	2636.98	1749.2	3518.4
1240	50    	2564.6 	1292.4	3348.4
1241	50    	2519.99	1442  	3237.6
1242	50    	2597.11	1882.4	3440.4
1243	50    	2539.58	1848.8	3769.2
1244	50    	2538.74	1641.6	3668.8
1245	50    	2592.29	1853.2	3368  
1246	50    	2459.3 	1584.4	3565.2
1247	50    	2516.77	1785.6	3412.4
1248	50    	2586.36	1934  	3282.8
1249	50    	2547.66	1492.8	3406.8
1250	50    	2526.56	1664  	3507.2
1251	50    	2593.1 	1948.8	3576.4
1252	50    	2572.79	1706.4	3399.2
1253	50    	2527.26	1636  	3577.2
1254	50    	2543.66	1844.8	3478.8
1255	50    	2431.45	1788  	3466.4
1256	50    	2495.46	1745.2	3185.6
1257	50    	2674.15	1813.2	3568  
1258	50    	2599.98	1660  	3728.8
1259	50    	2459.06	1566.8	3130.4
1260	50    	2634.38	1751.2	3530.4
1261	50    	2582.65	1782  	3219.2
1262	50    	2599.4 	1577.2	3425.6
1263	50    	2577.69	1474.8	3620.8
1264	50    	2568.67	1744  	3678.4
1265	50    	2574.42	1950  	3641.6
1266	50    	2583.94	1728.4	3676  
1267	50    	2579.69	1626.8	3545.2
1268	50    	2542.33	1671.6	3814.4
1269	50    	2445.18	1806  	3025.2
1270	50    	2534.13	1609.6	3780.8
1271	50    	2618.5 	2016  	3527.2
1272	50    	2566.97	1689.2	3293.6
1273	50    	2626.17	1746  	4417.6
1274	50    	2601.34	1774  	3366.4
1275	50    	2542.62	1640  	3998.4
1276	50    	2565.59	1788.8	3100.4
1277	50    	2457.77	1916.4	3650  
1278	50    	2550.12	1726.4	3262.4
1279	50    	2657.45	1787.2	3356  
1280	50    	2527.8 	1906.8	3542.4
1281	50    	2480.59	1709.2	3642.8
1282	50    	2440.06	1763.6	3769.2
1283	50    	2656.46	1986.4	3716  
1284	50    	2372.75	1791.2	2969.6
1285	50    	2492.86	1848.4	3589.2
1286	50    	2600.66	1986  	3894  
1287	50    	2494.43	1693.6	3374.8
1288	50    	2598.81	1728.4	3375.6
1289	50    	2581.17	1626  	3287.6
1290	50    	2560.32	1782.8	3263.6
1291	50    	2494.67	1908.8	3631.2
1292	50    	2427.07	1634.8	3314  
1293	50    	2527.1 	1704.4	3789.2
1294	50    	2544.42	917.2 	3753.2
1295	50    	2628.3 	1759.6	3815.2
1296	50    	2395.67	1573.2	3482  
1297	50    	2610.48	1818  	3821.6
1298	50    	2566.34	1830.4	3551.2
1299	50    	2510.19	1754.4	3189.2
1300	50    	2542.7 	1424.8	3530.4
1301	50    	2510.22	1832.8	3250  
1302	50    	2512.58	1685.6	3399.6
1303	50    	2559.09	1553.6	3559.2
1304	50    	2566.18	1643.6	3569.2
1305	50    	2544.2 	1790  	3461.2
1306	50    	2517.18	1564.4	4027.6
1307	50    	2485.9 	1694.4	3496  
1308	50    	2520.92	1542.4	3260.8
1309	50    	2444.74	1709.2	3281.2
1310	50    	2554.35	1764.4	3401.6
1311	50    	2631.37	1602.8	3858.8
1312	50    	2570.13	695.6 	3266.4
1313	50    	2593.51	1864.4	3518.4
1314	50    	2519.35	1514.8	3627.6
1315	50    	2519.86	1716.4	3691.2
1316	50    	2496.19	1830  	3289.6
1317	50    	2553.79	1634  	3346.8
1318	50    	2512.79	1502.4	3168.4
1319	50    	2515.82	974   	3520.4
1320	50    	2518.67	1661.2	3316.8
1321	50    	2635.64	1901.2	3957.6
1322	50    	2521.15	1732.8	3356.4
1323	50    	2582.58	1836  	3471.2
1324	50    	2556.63	1767.2	3323.2
1325	50    	2634.55	1926.4	3432  
1326	50    	2602.01	1702.8	3549.6
1327	50    	2486.86	1616  	3267.6
1328	50    	2499.52	1688.4	3578.8
1329	50    	2639.18	1726.8	3346  
1330	50    	2546.62	1692  	3356.8
1331	50    	2553.05	1865.6	3331.6
1332	50    	2575.87	1596  	3448.8
1333	50    	2564.73	1696  	3499.6
1334	50    	2582.31	1862.8	3430  
1335	50    	2467.58	1625.2	3702.4
1336	50    	2459.12	1772  	3242.4
1337	50    	2488.17	1752.4	3364.8
1338	50    	2618.85	1857.2	3641.6
1339	50    	2548.77	1793.6	3678  
1340	50    	2521.11	1671.2	3488.4
1341	50    	2563.4 	1876  	3967.6
1342	50    	2559   	1702.8	3417.6
1343	50    	2621.24	1874  	3872.4
1344	50    	2529.03	1780.4	3462  
1345	50    	2529.42	1619.2	3324.8
1346	50    	2577.34	1684  	3350.8
1347	50    	2505.18	1635.6	3568  
1348	50    	2486.28	1616.8	3480.4
1349	50    	2526.13	1826  	3485.2
1350	50    	2583.99	1744.8	3350.4
1351	50    	2651.14	2054  	3400.8
1352	50    	2597.76	1787.6	3515.6
1353	50    	2471.15	1740.8	3470.8
1354	50    	2610.62	1886  	3609.6
1355	50    	2505.42	1731.6	3822  
1356	50    	2512.58	1505.2	3611.6
1357	50    	2534.98	1783.2	3344.4
1358	50    	2646.45	1717.6	3447.2
1359	50    	2549.44	1555.2	3485.6
1360	50    	2528.34	1004.8	3220  
1361	50    	2484.9 	1825.6	3142  
1362	50    	2495.96	584   	3423.6
1363	50    	2519.22	1600.4	3832.4
1364	50    	2516.91	1906.4	3624.4
1365	50    	2458.22	1714.4	3399.6
1366	50    	2508.42	1764.8	3380  
1367	50    	2463.8 	1654  	3670  
1368	50    	2497.43	651.2 	3702.4
1369	50    	2484.82	1688.4	3318.8
1370	50    	2477.11	1743.2	3730.8
1371	50    	2609.1 	1982  	3897.2
1372	50    	2546.2 	1789.6	3190.8
1373	50    	2427.88	1762.8	3240.4
1374	50    	2569.79	1648.4	3861.2
1375	50    	2559.14	2068.8	3454  
1376	50    	2544.21	1605.6	3167.2
1377	50    	2567.53	1646  	3829.2
1378	50    	2544.14	1732.8	3179.6
1379	50    	2612.62	1890  	3655.2
1380	50    	2529.79	1890.8	3097.2
1381	50    	2640.38	1414  	3693.2
1382	50    	2580.72	1920.8	3283.2
1383	50    	2509.74	1734.4	3589.6
1384	50    	2653.58	1984.4	3458  
1385	50    	2517.1 	1803.6	3450.4
1386	50    	2518.67	1574.8	3128  
1387	50    	2542.66	1685.6	3558  
1388	50    	2499.96	1848.4	3681.2
1389	50    	2548.28	1928  	3351.6
1390	50    	2485.08	1730  	3546.8
1391	50    	2567.7 	1937.6	3474.4
1392	50    	2530.04	1691.6	3527.6
1393	50    	2574.77	1794  	3854.4
1394	50    	2556.68	1746  	3543.2
1395	50    	2560.32	1848.8	3662.4
1396	50    	2653.2 	1602.8	3568  
1397	50    	2533.85	1721.6	3898.4
1398	50    	2565.02	1664.8	3701.6
1399	50    	2586.7 	1750.8	3334.4
1400	50    	2442.2 	1804.8	3274.8
1401	50    	2437.5 	1753.2	3922.8
1402	50    	2518.54	1865.2	3509.2
1403	50    	2564.29	1953.6	3291.6
1404	50    	2595.94	1906.8	3450.8
1405	50    	2529.81	1790.8	3442.4
1406	50    	2525.84	787.6 	3578.4
1407	50    	2461.06	1774.4	3329.2
1408	50    	2618.22	1785.6	3549.6
1409	50    	2560.81	1720.4	3223.2
1410	50    	2516.83	1687.6	3431.2
1411	50    	2548.68	1398.8	3479.2
1412	50    	2436.15	765.2 	3800.8
1413	50    	2428.3 	1016.8	3578.8
1414	50    	2476.84	1460.8	3708  
1415	50    	2591.18	1657.2	3418.4
1416	50    	2534.45	1794.4	3423.6
1417	50    	2519.81	1615.2	3446  
1418	50    	2512.98	1861.2	3294  
1419	50    	2569.65	1572  	3627.2
1420	50    	2484.5 	780.8 	3276.4
1421	50    	2544.22	1888.4	3318  
1422	50    	2509.39	1735.2	3349.2
1423	50    	2590.87	1764  	3617.6
1424	50    	2460.2 	1724.8	3372.4
1425	50    	2522.75	1654  	3755.6
1426	50    	2524.65	1525.6	3516.8
1427	50    	2455.34	676.8 	3831.2
1428	50    	2456.17	1900.8	3285.2
1429	50    	2499.43	1760.4	3356  
1430	50    	2460.57	1230.4	3277.6
1431	50    	2447.91	1595.2	3384  
1432	50    	2461.82	1796.4	3516.8
1433	50    	2470.27	1948.4	3413.2
1434	50    	2535.43	1785.2	3401.6
1435	50    	2658.51	1555.2	3386.8
1436	50    	2499.86	1510.4	3258  
1437	50    	2504.78	1521.2	3120  
1438	50    	2570.37	1882.4	3252.4
1439	50    	2607.92	1862.8	3368.4
1440	50    	2512.17	1398.8	3248.4
1441	50    	2613.69	1708.4	3494.8
1442	50    	2511.31	1753.6	3271.2
1443	50    	2521.24	1585.2	3854.8
1444	50    	2587.3 	2008  	3530.8
1445	50    	2653.96	1708.4	3502.4
1446	50    	2527.94	1950.4	3257.6
1447	50    	2540.42	1828.4	3206  
1448	50    	2606.72	1826  	4070  
1449	50    	2586.19	1850  	3708  
1450	50    	2593.22	1609.6	3735.6
1451	50    	2543.71	1726.8	3558  
1452	50    	2524.65	1698.4	3566.8
1453	50    	2529.9 	1828  	3534  
1454	50    	2507.77	1789.2	3413.2
1455	50    	2542.46	1849.6	3448  
1456	50    	2525.24	1510.4	3447.2
1457	50    	2460.54	1647.2	3293.2
1458	50    	2494.94	1720.4	3749.2
1459	50    	2426.46	1616.8	3208.8
1460	50    	2456.07	1791.2	3267.2
1461	50    	2522.1 	622.8 	3319.2
1462	50    	2438.25	1637.6	3330.4
1463	50    	2513.58	1595.6	3084.4
1464	50    	2542.24	1753.2	3576  
1465	50    	2575.78	1791.6	3460.4
1466	50    	2464.46	1728.4	3083.6
1467	50    	2501.39	1644  	3421.2
1468	50    	2443.01	1953.6	3904  
1469	50    	2408.91	1789.2	3318.8
1470	50    	2479.9 	1628  	3190  
1471	50    	2427.18	1706.8	3125.6
1472	50    	2496.66	1902.4	3626.4
1473	50    	2559.25	1834  	3482.4
1474	50    	2572.4 	1685.6	4065.2
1475	50    	2538.2 	1870.8	3467.6
1476	50    	2622.46	1816.4	3530.8
1477	50    	2496.14	1591.2	3295.2
1478	50    	2530.24	1855.6	3445.2
1479	50    	2483.54	1892.4	3422  
1480	50    	2561.1 	1785.2	3352  
1481	50    	2525.82	1732  	3298.4
1482	50    	2581.62	1656.8	4073.6
1483	50    	2521.91	1675.2	3244.8
1484	50    	2583.44	1483.2	3573.6
1485	50    	2505.03	1918.8	3325.6
1486	50    	2568.4 	1806.4	3602  
1487	50    	2545.21	1702.4	3471.2
1488	50    	2511.44	1588  	3514.4
1489	50    	2654.88	1759.6	3508.4
1490	50    	2489.57	1685.6	3215.6
1491	50    	2447.94	1798.8	3466  
1492	50    	2563.19	2027.2	3268.8
1493	50    	2548.93	926.8 	3376.4
1494	50    	2526.71	1817.2	3386.4
1495	50    	2544.82	1338.8	3336.8
1496	50    	2492.11	795.6 	3564.8
1497	50    	2414.26	1432  	3141.2
1498	50    	2557.87	1709.6	3411.2
1499	50    	2463.2 	1565.6	3384.4
1500	50    	2502.66	618.8 	3124  
1501	50    	2487.42	635.6 	3506.8
1502	50    	2550.46	1788.4	4010  
1503	50    	2487.23	1772  	3441.2
1504	50    	2550.26	1768  	3348.8
1505	50    	2551.15	1798.4	3633.2
1506	50    	2438.45	1322.8	3045.2
1507	50    	2569.23	1557.6	3650  
1508	50    	2680.97	1979.6	3613.6
1509	50    	2563.69	1713.6	3461.2
1510	50    	2609.17	1803.2	3740.8
1511	50    	2434.6 	1729.6	3488.4
1512	50    	2505.73	862.4 	3750.4
1513	50    	2455.5 	1850.8	3194.8
1514	50    	2625.88	1741.6	4138.8
1515	50    	2565.8 	1722  	4022.8
1516	50    	2441.77	1612.4	3493.2
1517	50    	2511.96	1730  	3364.8
1518	50    	2595.74	1864  	3395.2
1519	50    	2584.6 	1788  	3548  
1520	50    	2541.23	1891.2	3193.6
1521	50    	2537.76	1653.6	3611.6
1522	50    	2560.06	1900  	3360  
1523	50    	2494.82	852   	3441.2
1524	50    	2542.72	1848  	3402.4
1525	50    	2420.43	787.6 	3406.4
1526	50    	2405.46	1754.4	3105.6
1527	50    	2461.99	718   	3660  
1528	50    	2503.5 	711.2 	3366  
1529	50    	2475.43	1694  	3137.6
1530	50    	2472.5 	1724  	3423.2
1531	50    	2588.44	876.4 	3569.2
1532	50    	2514.09	1561.6	3609.2
1533	50    	2498.5 	902   	3583.6
1534	50    	2590.7 	1932.8	3516.4
1535	50    	2519.94	1835.6	3368.4
1536	50    	2557.98	1724.4	3402.4
1537	50    	2501.55	1784.4	3254  
1538	50    	2517.07	1722.4	3738  
1539	50    	2567.74	1650.8	3664.4
1540	50    	2516.56	1816.4	3358.4
1541	50    	2539.13	2068.4	3234.8
1542	50    	2501.65	1548.4	3220.8
1543	50    	2561.42	1800.4	3371.6
1544	50    	2516.76	1700.8	3370.4
1545	50    	2521.59	1572  	3510  
1546	50    	2540.1 	817.2 	3506.4
1547	50    	2496.84	1609.6	3314  
1548	50    	2556   	1955.6	3356  
1549	50    	2578.5 	1702.8	3559.6
1550	50    	2416.35	654.8 	3352.8
1551	50    	2501.93	1595.6	3552.4
1552	50    	2505.74	1628.4	3542.4
1553	50    	2494.47	1696  	3310.4
1554	50    	2592.2 	1703.2	3923.2
1555	50    	2589.8 	1697.6	3411.6
1556	50    	2476.14	1856.4	3179.6
1557	50    	2393.07	1723.6	3336  
1558	50    	2489.3 	1549.2	3206  
1559	50    	2418.18	1567.2	3119.6
1560	50    	2481.57	1824  	3486.4
1561	50    	2443.61	701.6 	3284  
1562	50    	2525.83	1771.2	3303.2
1563	50    	2529.91	829.2 	3594  
1564	50    	2525.31	1606.4	3339.6
1565	50    	2496.72	1015.6	3523.6
1566	50    	2552.94	1513.6	3738  
1567	50    	2509.78	1810.4	3576  
1568	50    	2461.99	538.8 	3503.2
1569	50    	2666.3 	1562.4	3590.8
1570	50    	2582.58	800   	3882.8
1571	50    	2390.8 	719.2 	3502  
1572	50    	2562.45	771.2 	3748.8
1573	50    	2492.38	1638.4	3235.2
1574	50    	2527.53	1848.4	3716.4
1575	50    	2561.86	1462.8	3440.8
1576	50    	2536.97	1786.8	3902.4
1577	50    	2557.95	1796  	3562.8
1578	50    	2527.78	1559.2	3408.4
1579	50    	2493.19	1417.6	3381.6
1580	50    	2507.78	1832.8	3545.6
1581	50    	2538.79	779.2 	3716.4
1582	50    	2528.06	1856  	3688  
1583	50    	2554.66	1904.4	3364  
1584	50    	2648.74	1795.2	3869.6
1585	50    	2459.9 	1762.8	3333.2
1586	50    	2567.91	1849.2	3394.8
1587	50    	2553.05	1130.4	3288.4
1588	50    	2546.9 	1749.2	3843.6
1589	50    	2475.74	1474.8	3506.8
1590	50    	2611.65	1828.8	3508.4
1591	50    	2504.11	1904.8	3376.8
1592	50    	2531.54	1808.4	3230.4
1593	50    	2539.21	1818.4	3518.4
1594	50    	2505.18	1671.2	3319.2
1595	50    	2537.61	1568.8	3755.2
1596	50    	2510.99	1412.8	3324.8
1597	50    	2453.98	1598  	3006.4
1598	50    	2607.67	1789.2	3438.4
1599	50    	2554.31	1986.4	3359.6
1600	50    	2560.94	1435.2	3678  
1601	50    	2600.75	1566.8	3546.8
1602	50    	2513.7 	1867.6	3320.4
1603	50    	2564.09	1678  	3594  
1604	50    	2525.8 	1786.8	3769.2
1605	50    	2523   	1764.8	3832.4
1606	50    	2558.5 	1533.6	3784.4
1607	50    	2633.52	1779.6	3442.4
1608	50    	2569.9 	1766.8	3311.2
1609	50    	2582.18	1834.4	3443.2
1610	50    	2431.98	801.2 	3391.6
1611	50    	2651.42	1681.2	3536  
1612	50    	2529.27	1694.8	3187.6
1613	50    	2433.76	436.4 	3382  
1614	50    	2565.57	1827.6	3442.8
1615	50    	2500.18	1630  	4077.2
1616	50    	2550.77	1744  	3227.2
1617	50    	2624.79	1892  	3622.8
1618	50    	2479.49	1685.6	3348.8
1619	50    	2520.81	1020  	3195.2
1620	50    	2510.29	754.8 	3273.6
1621	50    	2453.02	838.8 	3667.6
1622	50    	2441.57	1751.6	3606.8
1623	50    	2525.03	1770.4	3481.6
1624	50    	2572.51	1918.4	3389.2
1625	50    	2545.37	1492.8	3784.4
1626	50    	2514.57	1728.4	3498  
1627	50    	2550.66	1902.8	3549.6
1628	50    	2478.39	707.2 	3535.6
1629	50    	2560.62	988   	4194.8
1630	50    	2498.84	908.4 	3757.2
1631	50    	2512.41	1621.6	3292.8
1632	50    	2542.92	1753.2	3832.4
1633	50    	2582.5 	1254  	3454.8
1634	50    	2542.39	1583.6	3361.6
1635	50    	2513.61	1526.8	3668.4
1636	50    	2462.22	1612.8	3583.6
1637	50    	2666.42	1764  	3765.6
1638	50    	2617.3 	1866.4	3431.6
1639	50    	2482.54	1817.2	3202  
1640	50    	2448.22	824.4 	3359.2
1641	50    	2416.34	849.6 	3068.4
1642	50    	2540.9 	1542.4	3436.4
1643	50    	2442.11	1819.2	3182.4
1644	50    	2574.99	809.2 	3789.2
1645	50    	2612.96	2012.4	3532.4
1646	50    	2522.29	1630  	3544.8
1647	50    	2566.89	1763.6	3540  
1648	50    	2512.43	1744  	3229.2
1649	50    	2438.22	1924.8	4036.4
1650	50    	2541.19	1828.8	3438  