gen 	nevals	avg    	min   	max   
0   	25    	965.568	704   	1292  
1   	25    	1113.6 	696.8 	1730  
2   	25    	1160.22	712.8 	1496.4
3   	25    	1169.41	884.8 	1582  
4   	25    	1267.84	794.8 	2041.2
5   	25    	1267.28	868.4 	1704  
6   	25    	1370.88	883.6 	1833.2
7   	25    	1342.77	814.4 	1864  
8   	25    	1533.57	869.6 	2206.8
9   	25    	1507.42	1058.8	2283.2
10  	25    	1548.13	1139.6	2121.2
11  	25    	1640.3 	1254  	2672  
12  	25    	1704.58	1112  	2447.6
13  	25    	1859.92	1126  	2454.8
14  	25    	1847.65	1400  	2705.2
15  	25    	1876.26	1321.6	2624.4
16  	25    	2000.61	1320.4	2949.6
17  	25    	1846.03	1036.4	2670.8
18  	25    	1898.96	1242.4	2717.2
19  	25    	2040.85	1288.8	2908.8
20  	25    	1977.23	1430  	2794.4
21  	25    	1911.04	1140.8	2416.4
22  	25    	1979.07	1386.4	2432.8
23  	25    	1977.84	1196  	3058.8
24  	25    	2067.94	1408  	2985.6
25  	25    	2127.42	1373.6	2836  
26  	25    	2192.22	1431.6	2958.8
27  	25    	2170.45	1684  	3005.2
28  	25    	2137.95	1481.2	3106  
29  	25    	2147.3 	1622  	3357.2
30  	25    	2121.62	1452  	2834  
31  	25    	2182.42	1507.6	3279.2
32  	25    	2224.69	1214.4	2951.6
33  	25    	2421.63	1761.2	3754.8
34  	25    	2410.94	1774  	3063.6
35  	25    	2349.79	1612.8	3104.4
36  	25    	2404.48	1731.2	3058  
37  	25    	2290.03	1546.4	3045.2
38  	25    	2394.77	1598.8	3146.8
39  	25    	2441.26	1896  	3010.4
40  	25    	2426.16	1701.2	3126  
41  	25    	2355.79	1786.8	3223.2
42  	25    	2547.41	1523.2	3582.8
43  	25    	2621.98	1840  	3736.4
44  	25    	2373.22	1568.8	3305.2
45  	25    	2606.85	1631.2	3422.4
46  	25    	2419.62	1580  	3111.2
47  	25    	2430.22	1383.6	3419.2
48  	25    	2393.07	1698.4	3404.4
49  	25    	2479.15	1530  	3301.6
50  	25    	2442.72	1506  	3264  
51  	25    	2393.9 	1532  	3120.8
52  	25    	2572.72	1865.2	3472.8
53  	25    	2465.74	1826.4	3228.8
54  	25    	2377.23	1758.8	3377.2
55  	25    	2539.81	1754.8	3596  
56  	25    	2531.2 	1849.6	3608  
57  	25    	2446.22	1728.4	3430.8
58  	25    	2477.42	1660.8	4031.6
59  	25    	2458.5 	1662.8	3150.8
60  	25    	2476.67	1584.8	3388  
61  	25    	2585.79	1677.6	3321.2
62  	25    	2663.86	1856  	3932.4
63  	25    	2516.05	1898  	4033.2
64  	25    	2528.8 	1955.2	3179.6
65  	25    	2466.86	1170.4	3257.2
66  	25    	2623.41	1707.6	3592.4
67  	25    	2634.4 	1634.8	3676.8
68  	25    	2504.3 	1600  	3546.4
69  	25    	2409.46	1439.2	3590.8
70  	25    	2481.38	1876  	3072.8
71  	25    	2556.05	1860  	3284  
72  	25    	2527.47	1458  	3449.2
73  	25    	2413.01	1752.8	3134.8
74  	25    	2364.58	1657.6	2801.2
75  	25    	2602.16	1557.6	3385.2
76  	25    	2493.87	2012.4	3308.4
77  	25    	2417.79	1646.8	2904.8
78  	25    	2375.87	1672.8	2981.2
79  	25    	2399.41	1656.4	3066  
80  	25    	2246.1 	1696.4	2884.8
81  	25    	2484.7 	1930.8	3173.2
82  	25    	2582.51	2058  	3368.4
83  	25    	2556.11	1892  	3199.2
84  	25    	2626.8 	1900  	3450.8
85  	25    	2503.92	1411.2	3578.4
86  	25    	2516.46	1452.8	3201.6
87  	25    	2503.66	1582.8	3702.4
88  	25    	2472.34	1644.4	3221.2
89  	25    	2460.22	1845.6	3398.4
90  	25    	2562.13	1534.4	4103.6
91  	25    	2413.06	1511.6	3572.4
92  	25    	2553.18	1545.2	3316.8
93  	25    	2525.63	1716.8	3252.8
94  	25    	2645.95	1662.4	3462.4
95  	25    	2446.77	1531.2	3756  
96  	25    	2457.18	1472  	3230  
97  	25    	2602.72	1566.4	3704  
98  	25    	2657.12	1649.2	3406.8
99  	25    	2510.88	1685.2	4200.4
100 	25    	2570.61	1648.8	3369.2
101 	25    	2562.74	1591.2	3865.6
102 	25    	2660.53	1700.4	3510  
103 	25    	2541.6 	1987.6	3854  
104 	25    	2705.02	1826  	3540  
105 	25    	2555.66	1980.4	3176  
106 	25    	2631.73	1750.8	3700.4
107 	25    	2678.1 	1700  	3638.8
108 	25    	2478.1 	1837.6	3268.8
109 	25    	2566.77	1806  	3633.6
110 	25    	2498.54	1736.4	3338.8
111 	25    	2527.3 	1656  	3098.4
112 	25    	2590.32	1671.6	3396.8
113 	25    	2698.66	1988.4	3330.4
114 	25    	2769.78	1753.6	3743.6
115 	25    	2454.4 	1605.2	3371.6
116 	25    	2689.84	1856.4	4347.2
117 	25    	2539.57	1451.6	3236.8
118 	25    	2525.7 	1830.4	4374  
119 	25    	2741.65	1806.4	4066.8
120 	25    	2572.72	1643.2	3588.8
121 	25    	2763.63	1783.6	3715.6
122 	25    	2610.11	1576.4	3606.4
123 	25    	2718.88	1744  	3639.6
124 	25    	2688.7 	1796.8	3618  
125 	25    	2665.68	2044.4	3517.2
126 	25    	2649.1 	1938.4	3538.4
127 	25    	2647.87	1929.2	3546  
128 	25    	2807.7 	1858.8	3965.2
129 	25    	2619.2 	1931.2	3857.2
130 	25    	2848.88	2104  	3924  
131 	25    	2604.66	1902  	3395.6
132 	25    	2701.06	1702.4	3622  
133 	25    	2601.44	1612.8	3683.6
134 	25    	2602.62	1843.2	3554  
135 	25    	2642.62	1922.8	4102  
136 	25    	2745.55	1993.2	4169.2
137 	25    	2778.21	1575.6	4490.8
138 	25    	2684.3 	1854.8	3794.8
139 	25    	2768.99	1911.6	3578  
140 	25    	2876.19	2063.6	4796.8
141 	25    	2705.5 	2040  	3616  
142 	25    	2725.06	1961.6	3614.8
143 	25    	2857.15	1875.2	3856.4
144 	25    	2671.87	1888  	3711.6
145 	25    	2736.42	1901.2	3884  
146 	25    	2816.59	1729.6	3879.6
147 	25    	2654.05	1724.8	3840.4
148 	25    	2767.79	1942.4	3923.2
149 	25    	2643.87	2045.2	3800  
150 	25    	2613.76	1779.2	3538.8
151 	25    	2674.29	1779.6	3773.6
152 	25    	2637.81	1896.8	3600.8
153 	25    	2639.33	1221.2	3838.4
154 	25    	2772.8 	2048  	4538.4
155 	25    	2765.46	1728  	3732.8
156 	25    	2754.3 	2283.6	3410.4
157 	25    	2688.05	1708.8	3606  
158 	25    	2776.02	2022.8	3670  
159 	25    	2721.58	1973.6	3912.8
160 	25    	2744.26	1637.2	4439.6
161 	25    	2947.33	1927.6	4263.6
162 	25    	2898.82	1662  	4230.8
163 	25    	2858.29	2344.8	3613.2
164 	25    	2937.31	1779.6	4787.6
165 	25    	2907.15	1827.6	4122.8
166 	25    	2942.74	2202.4	4028  
167 	25    	2972.1 	1734.8	4484.4
168 	25    	2741.49	2081.6	3250.8
169 	25    	2789.65	2044.8	4054.4
170 	25    	2963.63	1601.6	4348  
171 	25    	3082.53	2018.8	4303.6
172 	25    	2927.65	1552.8	3654  
173 	25    	2988.02	2341.2	4023.2
174 	25    	2867.87	1824  	3735.2
175 	25    	3035.46	2247.2	4110.8
176 	25    	2892.58	1980.8	3606.4
177 	25    	2949.81	1991.2	4085.2
178 	25    	2760.02	2075.2	3571.2
179 	25    	2862.62	2062  	3680  
180 	25    	2924.42	1540.4	3948  
181 	25    	2718.85	2020  	4086  
182 	25    	2860.05	2102.4	3924  
183 	25    	2714.3 	2016.8	3830.8
184 	25    	3080.74	2232.4	4114.4
185 	25    	3053.01	2013.2	4484.8
186 	25    	2847.71	2268.4	3582.4
187 	25    	2886.85	2057.6	3838.4
188 	25    	3042.75	2288.4	4220.8
189 	25    	3039.97	1868.8	4012.8
190 	25    	3034.46	2192.4	4163.6
191 	25    	2988.03	1927.6	4008  
192 	25    	2926.35	1857.6	4419.6
193 	25    	3085.49	1940.8	4283.2
194 	25    	3021.78	2062  	3838.8
195 	25    	2957.23	2157.6	3990.4
196 	25    	2932.19	2186  	4202.8
197 	25    	3023.47	2050  	3893.2
198 	25    	2895.36	1783.2	3824  
199 	25    	3155.76	2189.6	4252  
200 	25    	3105.15	2219.6	5355.6
201 	25    	2926.27	1935.2	4009.2
202 	25    	2981.71	1966.8	4300  
203 	25    	3004.19	1992.8	4441.6
204 	25    	2998.66	2361.2	3709.6
205 	25    	2979.22	2191.6	3888  
206 	25    	3058.48	2418.4	3946.4
207 	25    	2940.61	1908.8	4113.6
208 	25    	2998.45	2136.4	4100.4
209 	25    	2983.9 	2164.8	3892.8
210 	25    	2876.82	1974  	3916.8
211 	25    	2958.85	1844  	3789.2
212 	25    	2952.82	2249.2	4338.4
213 	25    	2939.42	2164.8	4255.2
214 	25    	2919.97	1805.2	4170.4
215 	25    	3035.31	2384.8	4298.8
216 	25    	2993.1 	2177.2	3976.4
217 	25    	3208.38	2431.2	3758.8
218 	25    	3101.66	1918.8	4511.6
219 	25    	2867.47	2143.2	3776.4
220 	25    	3069.63	1524.4	4184  
221 	25    	3122.98	2395.6	4556.8
222 	25    	3286.8 	2289.2	4616.4
223 	25    	3171.78	2458.8	4180.8
224 	25    	3141.9 	2047.6	4268.4
225 	25    	3076.43	2106.8	4323.2
226 	25    	3014.02	1991.2	3973.2
227 	25    	3079.71	2064.8	3889.2
228 	25    	3033.41	2150.8	4300.4
229 	25    	2930.48	1970.8	4295.6
230 	25    	3045.36	1985.6	3698.4
231 	25    	2988.66	1635.6	4104.8
232 	25    	2922.14	2058.4	3815.2
233 	25    	3028.14	2106  	3715.6
234 	25    	3116.45	2244  	4214.8
235 	25    	3067.65	2106  	4180  
236 	25    	2860.1 	1897.2	3547.2
237 	25    	2970.46	2190.4	4402  
238 	25    	3028   	1927.6	3762.4
239 	25    	3155.31	2335.6	4401.6
240 	25    	2955.68	2035.6	3890.4
241 	25    	3120.22	1886  	4336.8
242 	25    	2982.59	1715.6	3995.6
243 	25    	2949.97	1992.4	3684.4
244 	25    	2965.82	2060  	3840.4
245 	25    	2788.26	1832.4	3967.2
246 	25    	2993.26	1644.8	3724.8
247 	25    	2952.96	2020.8	4041.6
248 	25    	3042.82	2389.2	3690.4
249 	25    	3130.34	2412  	4118.4
250 	25    	3137.5 	1857.6	4363.6
251 	25    	3073.5 	2244  	4320.8
252 	25    	3000.88	2229.2	3985.2
253 	25    	2918.8 	1649.6	4114  
254 	25    	3124.13	1353.2	3961.2
255 	25    	3011.39	2200  	4566.4
256 	25    	2935.97	2277.6	4168.4
257 	25    	3126.64	2197.6	4101.2
258 	25    	2968.54	2178.8	3598  
259 	25    	3073.84	1756.4	4470.8
260 	25    	2919.87	1814.4	3935.2
261 	25    	2945.41	1797.2	3922  
262 	25    	3086.05	2314.4	4128.8
263 	25    	2945.98	1987.6	4259.6
264 	25    	2916.42	1932.8	4624.8
265 	25    	2995.34	2104.8	3692.8
266 	25    	3091.58	2466  	4248.8
267 	25    	2898.43	1970  	3712  
268 	25    	3069.22	2282  	4602  
269 	25    	2773.74	1941.6	3725.2
270 	25    	3088.22	2055.6	4073.6
271 	25    	3007.36	2018.4	4080.4
272 	25    	2998.14	2090.4	4088.8
273 	25    	2806.46	1727.2	3759.2
274 	25    	3035.22	2132  	4120  
275 	25    	2714.59	1658.8	3225.6
276 	25    	3031.97	2307.2	3779.6
277 	25    	2967.6 	2161.2	4100.8
278 	25    	2968.02	2162.4	3786  
279 	25    	2957.39	1639.6	3972.4
280 	25    	2696.91	1568  	3948.4
281 	25    	2895.47	1671.2	4018  
282 	25    	2843.54	2146.8	3860.8
283 	25    	2747.42	2183.2	3950.8
284 	25    	2740.85	2326  	3358.4
285 	25    	2781.38	1628.8	3717.2
286 	25    	2744.22	2170.8	3646  
287 	25    	3027.95	2052.8	4136.8
288 	25    	2860.64	1811.2	3985.6
289 	25    	3086.56	2097.2	4222  
290 	25    	3010.61	2242.8	3734.4
291 	25    	2992.4 	2076.4	4048  
292 	25    	3064.03	1872  	4313.2
293 	25    	2843.14	2006.8	3698.8
294 	25    	2828.42	1893.2	3732  
295 	25    	3030.5 	2160.8	4069.2
296 	25    	3033.14	1970.8	4255.2
297 	25    	2943.92	2383.6	3813.2
298 	25    	2965.97	2236.4	4101.6
299 	25    	2947.71	2191.2	4135.6
300 	25    	2850.94	1872  	4674  
301 	25    	2879.36	1698.4	4382  
302 	25    	3079.76	2564  	4044.4
303 	25    	2897.52	2196.4	3581.6
304 	25    	2996.78	2320.8	4253.2
305 	25    	3108.06	1972.8	3930  
306 	25    	2983.62	2031.6	4454.8
307 	25    	2812.24	1783.2	4146  
308 	25    	3012.48	2098.4	3884.8
309 	25    	3116.34	2250.4	4424  
310 	25    	3108.74	2048.8	3897.2
311 	25    	3094.13	2299.6	4184.4
312 	25    	3077.2 	2175.2	3944.4
313 	25    	3153.34	1917.6	4329.6
314 	25    	3095.01	2417.2	4442.8
315 	25    	2785.41	1812.8	3746.8
316 	25    	2877.7 	2124.4	4087.2
317 	25    	2803.54	1500.4	4222.8
318 	25    	2867.2 	2108  	4263.6
319 	25    	3175.73	2054  	4522.4
320 	25    	2966.18	2040.4	3682  
321 	25    	2926.27	2116.4	3857.2
322 	25    	2725.2 	2024.8	3830.8
323 	25    	3054.53	2161.6	3690  
324 	25    	2962.83	2411.2	3896  
325 	25    	2987.23	1981.6	3846.4
326 	25    	2788.74	1946.4	3942.8
327 	25    	2865.84	2198.4	3836.4
328 	25    	2891.3 	1770.4	3778.8
329 	25    	2710.5 	1702  	3691.6
330 	25    	2785.58	1771.6	3877.6
331 	25    	3016.66	1902.4	3844  
332 	25    	2895.46	2018.4	3526  
333 	25    	2962.22	2352.8	3778.4
334 	25    	2909.02	2318  	4762.8
335 	25    	2883.14	2274.4	3691.6
336 	25    	2789.86	2044.8	3394.8
337 	25    	2940.58	2212.4	4209.2
338 	25    	3160.26	2274.8	4098  
339 	25    	3115.57	2248.8	4159.6
340 	25    	2950.58	1792.4	3668  
341 	25    	2988.35	2051.2	4096.8
342 	25    	3078.51	2106.8	4538.4
343 	25    	2881.28	1864  	4348.4
344 	25    	3214.03	2193.6	4228  
345 	25    	2989.04	1900.8	4020.4
346 	25    	2816.56	2102.8	3500  
347 	25    	3120.1 	2281.2	4172.8
348 	25    	2897.92	2311.6	3476.8
349 	25    	2958.54	1947.6	3565.6
350 	25    	3024.42	2346  	3919.6
351 	25    	3091.49	1874.8	4519.6
352 	25    	2837.33	1694.4	4054.8
353 	25    	3123.44	2392.4	4336.4
354 	25    	2905.78	1982.4	4111.6
355 	25    	3102.03	1530.4	4322.8
356 	25    	2857.09	1892.8	3616  
357 	25    	3126.21	2195.6	3857.2
358 	25    	3003.81	2218.8	4050.4
359 	25    	2824.26	2122.4	3786  
360 	25    	2990.88	2059.6	3811.6
361 	25    	2957.02	1747.6	4055.6
362 	25    	2876.46	2234.8	3646.8
363 	25    	3034.69	1703.2	4600.8
364 	25    	3039.07	2264  	4144.8
365 	25    	2967.17	2149.2	3689.6
366 	25    	3046.72	2374  	3999.2
367 	25    	2935.86	2174  	3868.8
368 	25    	2972.62	1826.4	3781.6
369 	25    	2854.64	1868.8	3906  
370 	25    	2836.62	2104.4	4120.4
371 	25    	2849.3 	1958  	3673.2
372 	25    	2840.66	1972.4	4005.2
373 	25    	3170.38	2054  	4348.8
374 	25    	2864.13	2078.4	3373.2
375 	25    	3094.48	2044.8	4422.4
376 	25    	3131.78	2390.4	4093.6
377 	25    	2988.75	1520.4	3890.4
378 	25    	2970.94	1940  	4180.8
379 	25    	2954.74	1983.6	3979.2
380 	25    	2933.1 	1816.4	3848  
381 	25    	2914.42	1813.2	4223.2
382 	25    	3154.51	2032  	3925.6
383 	25    	3227.41	2220.8	4521.6
384 	25    	2978.08	2344  	3932.8
385 	25    	2874.46	1769.2	3561.6
386 	25    	3130.82	2206  	4065.6
387 	25    	2820.14	1976  	4204.4
388 	25    	2961.46	2202.4	3948.8
389 	25    	2848.18	2024  	3780.8
390 	25    	3042.06	2153.2	4880.4
391 	25    	2953.73	2158  	3832.4
392 	25    	2990.43	1968.8	4746  
393 	25    	2955.23	2083.6	4038.4
394 	25    	3244.45	2068.4	4085.6
395 	25    	3005.66	1820  	3702.4
396 	25    	3251.47	2292.4	4149.6
397 	25    	2788.38	1688.4	4423.6
398 	25    	3039.57	2267.6	4530.8
399 	25    	3055.25	1824.4	4360.8
400 	25    	3069.78	1891.2	4517.2
401 	25    	2997.06	2201.2	4489.2
402 	25    	2959.7 	2069.2	3696  
403 	25    	2872.22	2108.4	3542.4
404 	25    	3200.24	2156.8	4380.4
405 	25    	3121.12	2438.8	4123.6
406 	25    	2918.77	2128  	3721.6
407 	25    	2898.7 	1725.6	4074  
408 	25    	2976.88	1782.8	4034.8
409 	25    	3139.47	2303.2	4028.4
410 	25    	3215.41	2378.4	4482  
411 	25    	3088.99	2408.8	4328.8
412 	25    	3229.76	2416.4	4616  
413 	25    	3085.1 	2106.4	4138.8
414 	25    	3111.04	1923.2	4511.6
415 	25    	3011.89	1936  	4059.2
416 	25    	2910   	1981.2	3950  
417 	25    	2788.06	1893.2	3889.6
418 	25    	2975.36	2142  	3942  
419 	25    	3183.57	2583.2	4118.8
420 	25    	3002.96	2163.6	4230.8
421 	25    	2955.84	1980.8	3944.8
422 	25    	3067.23	2234.8	3880  
423 	25    	3049.52	1901.6	4362  
424 	25    	2960.9 	2276.4	3962.8
425 	25    	2871.02	2057.2	4173.2
426 	25    	2983.71	1740  	4173.6
427 	25    	3082.9 	2248  	3995.6
428 	25    	2979.81	2141.2	3894.8
429 	25    	3128.56	2202.8	4005.2
430 	25    	2991.47	2083.2	4236.4
431 	25    	2952.99	1975.2	3871.6
432 	25    	3096.64	2119.6	4330.8
433 	25    	2811.46	2008.4	3662.8
434 	25    	3172.14	2078.4	4439.6
435 	25    	3005.94	2250.8	3998.4
436 	25    	3126.77	2090.4	4030  
437 	25    	2983.01	2011.2	3896.8
438 	25    	3112.14	2294.8	3843.2
439 	25    	3078.29	2205.2	4150.4
440 	25    	3218.98	2284.4	4400.8
441 	25    	3133.74	2191.6	4414.8
442 	25    	3100.38	2123.2	4061.6
443 	25    	3039.09	1994  	4319.2
444 	25    	3198.85	1999.6	3968.8
445 	25    	3288.51	2656.8	4016.4
446 	25    	3173.34	2000.8	4487.2
447 	25    	3161.49	2000.8	4511.6
448 	25    	2993.09	1852.4	3908.8
449 	25    	3333.23	2037.6	4873.6
450 	25    	2946.26	2124  	3714.4
451 	25    	2929.58	1666  	4366  
452 	25    	3232.53	2446.8	4095.2
453 	25    	3332.27	2478.4	4268.4
454 	25    	3161.65	2156.8	4186.8
455 	25    	2944.62	1996  	3976  
456 	25    	3060.91	2083.2	3882.8
457 	25    	3075.28	2166.8	4457.2
458 	25    	3059.22	2129.2	4285.2
459 	25    	3032.19	2132.4	3981.2
460 	25    	3154.37	2226  	4300.8
461 	25    	3139.3 	2292  	4259.6
462 	25    	2944.66	1714.4	4472  
463 	25    	2756.9 	1860.8	3557.2
464 	25    	2903.14	1850.8	3950  
465 	25    	3099.9 	2298.8	3807.2
466 	25    	3044.08	2260.8	4134.8
467 	25    	3030.42	2171.2	4083.2
468 	25    	3013.57	1978.8	4092.8
469 	25    	3263.95	2134.8	4196.4
470 	25    	2984.94	1906  	4270  
471 	25    	3139.95	2146.4	4153.6
472 	25    	2915.81	1752.4	4163.6
473 	25    	3119.09	2188.4	3894.4
474 	25    	3137.47	2476.8	3889.6
475 	25    	3205.49	2443.6	4132  
476 	25    	3259.66	2081.2	4444  
477 	25    	3016.43	2202.4	3951.6
478 	25    	3231.7 	2545.2	3826  
479 	25    	3035.71	1432.8	4619.6
480 	25    	2955.7 	1713.2	3698.8
481 	25    	3089.94	2049.2	4108.8
482 	25    	2950.51	2151.2	4518  
483 	25    	2970.53	1960.8	4299.2
484 	25    	2954.24	2294  	3700.8
485 	25    	3005.18	2085.2	3814  
486 	25    	3139.31	2208.8	4011.6
487 	25    	3078.67	2300  	4052  
488 	25    	3231.57	2194  	5070.4
489 	25    	3236.53	2134.4	5407.2
490 	25    	3335.86	2413.2	4375.6
491 	25    	3152.77	1865.6	4369.2
492 	25    	3347.33	2283.6	4296.4
493 	25    	3206.96	2558.4	4186.8
494 	25    	3194.74	1931.2	3787.6
495 	25    	3239.49	2281.2	4635.6
496 	25    	3181.89	2182  	5070  
497 	25    	3058.64	2413.2	4282.8
498 	25    	3150.82	2281.2	3940.4
499 	25    	3227.68	2263.6	4260.8
500 	25    	2984   	2118.4	4547.6
501 	25    	3165.18	2048  	4496  
502 	25    	3110.83	2090  	4200.8
503 	25    	3015.42	1979.6	4926  
504 	25    	3040.91	1878.8	4757.6
505 	25    	3066.96	2105.6	3959.6
506 	25    	3092.29	2190.4	4454  
507 	25    	2904.93	1522.4	3674.4
508 	25    	3182.59	2194.8	4364.8
509 	25    	3193.31	2134.4	3972.4
510 	25    	3202.03	2640.4	3897.6
511 	25    	3077.1 	2139.2	4478.8
512 	25    	3335.15	2241.2	4780  
513 	25    	3262.54	2024.4	4524  
514 	25    	3066.3 	1946.4	3955.6
515 	25    	2807.26	1923.2	4152.8
516 	25    	3317.92	2186.4	4291.2
517 	25    	3464.05	2386.8	4370.8
518 	25    	3035.49	2347.6	3756.8
519 	25    	2981.68	1924  	3932  
520 	25    	3147.6 	1887.6	4071.2
521 	25    	3002.38	2223.6	4086  
522 	25    	3179.6 	2449.6	4018  
523 	25    	2982.18	2004.8	4331.6
524 	25    	2961.22	1962  	3949.6
525 	25    	3127.92	2370.4	3840.4
526 	25    	3190.27	2352.4	4520  
527 	25    	3224.14	1780.4	5014.4
528 	25    	3417.31	2479.6	5197.6
529 	25    	3080.53	1477.6	4090.8
530 	25    	3102.69	1736.4	4058  
531 	25    	3014.98	2145.2	4142.8
532 	25    	3226.99	2380.8	4202.4
533 	25    	3029.76	2422  	3542.8
534 	25    	2964.19	2208  	3756.4
535 	25    	2973.2 	1847.2	4171.6
536 	25    	2999.55	2085.6	3786  
537 	25    	3143.38	1723.6	4341.2
538 	25    	3235.44	2066.4	5035.2
539 	25    	3242.94	2024.4	4183.2
540 	25    	3087.68	2057.6	3919.6
541 	25    	3343.65	2026.4	5612.4
542 	25    	3137.47	2420  	4261.6
543 	25    	2986.7 	2020.4	4072  
544 	25    	3266.94	2138.4	4386.4
545 	25    	3117.86	2007.2	3858.8
546 	25    	3293.44	2084.8	4399.2
547 	25    	3121.09	2306.8	4271.6
548 	25    	3126.34	2221.6	4130.8
549 	25    	3362   	2198.4	4322.4
550 	25    	3156.24	2114.4	4152.8
551 	25    	3159.62	2250  	3897.6
552 	25    	3153.94	2033.2	4486.8
553 	25    	3225.47	1978.4	5132.4
554 	25    	3207.44	2149.2	4066.8
555 	25    	3122.3 	2361.6	4462.8
556 	25    	3006.1 	1586  	3787.2
557 	25    	3421.26	2588  	4595.6
558 	25    	3206.4 	2359.2	4509.2
559 	25    	3155.3 	2192.4	4838.4
560 	25    	3184.66	2411.2	4108.4
561 	25    	3061.5 	1568.8	4530.4
562 	25    	3178.83	2010.4	4124  
563 	25    	3079.52	2276.8	4178  
564 	25    	2964.83	1917.6	4111.2
565 	25    	3091.97	1971.6	4113.2
566 	25    	3049.14	2026.4	3930.8
567 	25    	3063.92	2117.2	4372  
568 	25    	3340.43	2295.2	4721.2
569 	25    	3016.88	2208.8	4223.2
570 	25    	3238.59	2010.4	4862.4
571 	25    	3269.07	2382.8	4504.4
572 	25    	3115.6 	1998  	4182.4
573 	25    	3130.75	2396.4	4566  
574 	25    	3315.82	2162.8	4451.6
575 	25    	3230.26	2315.2	4464.4
576 	25    	3293.2 	2112.8	4654.8
577 	25    	3215.54	2200.4	4435.2
578 	25    	3313.46	1976  	4140.8
579 	25    	3380.27	2311.6	5211.6
580 	25    	3235.06	1892.4	5027.2
581 	25    	3346.77	2616  	5587.6
582 	25    	3262.48	2301.2	4633.2
583 	25    	3237.66	1634  	4784  
584 	25    	3271.62	2163.2	5071.6
585 	25    	3336.7 	2344.4	5693.6
586 	25    	3085.36	2147.2	4240.4
587 	25    	3130.9 	1927.6	4170.4
588 	25    	3231.66	2470.4	4308  
589 	25    	3025.78	2113.2	4042  
590 	25    	3305.98	2490.8	4717.6
591 	25    	3126.34	2410.8	4405.2
592 	25    	3203.57	2251.2	4030  
593 	25    	3062.11	1877.6	3995.6
594 	25    	3396.86	2438  	4503.2
595 	25    	3028.67	2420  	3589.6
596 	25    	2934.51	2397.2	4441.2
597 	25    	3247.58	2059.2	4206.4
598 	25    	2978.72	2087.2	3859.2
599 	25    	3334   	2589.6	4310  
600 	25    	3115.06	2042.8	4466  
601 	25    	3088.34	2340.8	4146.4
602 	25    	3075.79	1924.4	4046.4
603 	25    	3011.57	2008.8	4302  
604 	25    	3048.11	2445.6	3740.8
605 	25    	3119.28	1981.2	4100.4
606 	25    	3049.78	2112  	4092.8
607 	25    	2882.98	2014  	3621.6
608 	25    	3035.92	1820.4	4408  
609 	25    	3021.15	2090.4	4586  
610 	25    	2996.67	1775.6	4945.6
611 	25    	2835.04	1443.2	3807.2
612 	25    	3150.11	2350  	4046  
613 	25    	3003.76	2269.6	4042.4
614 	25    	3060.1 	2044.4	4417.6
615 	25    	3077.58	1976.4	4273.6
616 	25    	3087.26	1956.8	4794  
617 	25    	2925.36	1836.4	4476.4
618 	25    	3097.39	2277.6	4455.6
619 	25    	2969.47	2032.8	4040  
620 	25    	3116.99	2083.6	4432  
621 	25    	3082.96	2275.2	4185.6
622 	25    	3025.28	1786.4	4078.8
623 	25    	3135.54	1824.4	5168  
624 	25    	3157.97	1993.6	4326.4
625 	25    	2935.78	1868.4	3922.4
626 	25    	3169.3 	2306.8	4755.6
627 	25    	3030.19	2118.4	3968.4
628 	25    	3061.89	2162  	4716.8
629 	25    	3046.85	2156.4	4405.6
630 	25    	3262.46	2475.6	4162.4
631 	25    	3080.56	1832.4	4154  
632 	25    	3178.34	1993.6	5076  
633 	25    	3110.26	1876  	4790.4
634 	25    	3179.41	2034  	4286  
635 	25    	2963.09	2152.8	4325.2
636 	25    	3262.56	2308.8	4752.8
637 	25    	3089.57	1875.2	3971.2
638 	25    	3423.84	2300.8	4786  
639 	25    	3217.57	1982  	4792  
640 	25    	3194.91	1874.8	4942.8
641 	25    	3208.98	1820.4	4239.2
642 	25    	3458.77	2130.4	4725.6
643 	25    	3127.47	2203.6	4531.2
644 	25    	3375.76	2511.2	4116.4
645 	25    	3132.4 	2203.2	4833.6
646 	25    	3087.46	2372  	4244.8
647 	25    	3251.49	2104  	4350.8
648 	25    	3298.98	2308.4	4067.2
649 	25    	3301.9 	2208.8	5097.2
650 	25    	3217.42	1853.6	4756.8
651 	25    	3334.34	2243.6	4228.8
652 	25    	3455.04	2014.4	4450.4
653 	25    	3071.38	1411.2	4253.2
654 	25    	3237.17	2517.2	4370.8
655 	25    	3201.57	2356.4	4416.8
656 	25    	3195.65	2114  	4786  
657 	25    	3252.56	2158  	4822.4
658 	25    	3541.86	2788  	4773.2
659 	25    	3185.86	2007.2	4514.4
660 	25    	3136.98	2094  	4317.2
661 	25    	3259.52	2333.2	4392.4
662 	25    	3018.18	1873.2	4052  
663 	25    	3398.98	2168.4	4297.6
664 	25    	3239.06	2467.6	4380.4
665 	25    	3151.9 	2023.2	4104  
666 	25    	3271.55	2264  	5126  
667 	25    	3417.92	2438.4	4570.8
668 	25    	3380.35	2080.8	5065.2
669 	25    	3191.31	2390.8	4456.8
670 	25    	3077.3 	2180.8	4412.4
671 	25    	3226.43	2169.6	4197.2
672 	25    	3207.66	2199.6	4279.2
673 	25    	3124.56	1998.4	4275.2
674 	25    	3117.63	1928  	3935.6
675 	25    	3134.91	1946.8	4670.4
676 	25    	3318.48	1922.4	4862.4
677 	25    	3165.42	2134.4	4623.6
678 	25    	3377.95	2160  	4937.6
679 	25    	3022.11	1654.8	4186  
680 	25    	3092.85	2051.2	4585.6
681 	25    	3395.6 	2387.6	4825.2
682 	25    	3163.49	1995.2	4942.8
683 	25    	3156.11	2284  	4234.4
684 	25    	2961.97	2112  	4029.6
685 	25    	3127.81	1692  	3974.8
686 	25    	3300.64	2193.6	5095.6
687 	25    	3217.74	2231.6	4533.6
688 	25    	3272.38	1672.4	5056  
689 	25    	3115.36	1912.4	4467.2
690 	25    	3168.67	2201.6	4691.6
691 	25    	3386.59	2149.2	4395.2
692 	25    	3090.7 	2044  	4659.2
693 	25    	3133.62	1966.8	4613.2
694 	25    	3238.11	2089.6	4286  
695 	25    	3346.48	2268  	4787.2
696 	25    	3425.26	2390  	4732.8
697 	25    	3199.78	2310.8	4275.6
698 	25    	3262.14	2384  	4269.6
699 	25    	3376.69	2200  	4413.6
700 	25    	3085.17	2064.4	4554.8
701 	25    	3411.54	2030  	4346  
702 	25    	3227.28	2135.6	4464.4
703 	25    	3320.4 	2460.8	4882.8
704 	25    	3003.42	1747.6	4628  
705 	25    	3174.02	1910.8	4152.8
706 	25    	3410.16	2157.6	4886  
707 	25    	3479.42	1889.6	5076.8
708 	25    	3321.17	2457.2	4207.2
709 	25    	3280.27	2371.6	4210  
710 	25    	3149.7 	1862.8	4181.2
711 	25    	3295.76	2154  	4494.4
712 	25    	3162.86	2089.2	3929.6
713 	25    	3299.68	2208.4	4616  
714 	25    	3150.3 	2337.2	4424  
715 	25    	3199.57	2225.2	4412.8
716 	25    	3036.16	2016.4	3846.8
717 	25    	3308.51	2326.4	4306.8
718 	25    	3285.46	2168.4	4792  
719 	25    	3322.03	2453.2	5166  
720 	25    	3227.12	2575.2	4188  
721 	25    	3170.43	2427.6	4792.4
722 	25    	3183.31	2381.2	4746.8
723 	25    	3324.42	1882.4	4932.8
724 	25    	3232.8 	2180.4	4254.8
725 	25    	3396.58	2324.8	4776.8
726 	25    	3460.29	2042.4	4896.4
727 	25    	3194.29	2076.8	4372.4
728 	25    	3118.7 	2036.4	4303.2
729 	25    	3077.5 	1834.8	4168.8
730 	25    	2993.17	2358.8	3865.6
731 	25    	3032.67	2120.8	4505.2
732 	25    	3198.86	1838.4	4882.4
733 	25    	3318.32	2140.4	4594  
734 	25    	3159.7 	1832  	4137.2
735 	25    	3373.81	2674.8	4458.4
736 	25    	3440.5 	2385.2	4267.2
737 	25    	3257.34	2266  	4781.2
738 	25    	3155.65	2550.4	4375.6
739 	25    	2957.52	1978.8	4131.2
740 	25    	3269.78	2095.2	4197.6
741 	25    	3261.52	2242.4	4430  
742 	25    	3048.34	2290  	4552  
743 	25    	3202.4 	2106  	4047.2
744 	25    	3088.56	2216  	4040.8
745 	25    	3657.14	2756.4	5503.2
746 	25    	3162.99	1794.4	4026  
747 	25    	3666.94	2247.2	5095.2
748 	25    	3361.81	2131.2	4326.4
749 	25    	3496.34	2575.6	4512  
750 	25    	3453.34	2428.8	4938  
751 	25    	3440.96	2667.6	4405.6
752 	25    	3265.7 	2082  	4330.8
753 	25    	3512.24	2485.2	4637.2
754 	25    	3535.52	2882.4	4282.8
755 	25    	3314.91	2248.8	4324  
756 	25    	3129.39	2291.2	4240.4
757 	25    	3382.66	2476.4	4656.4
758 	25    	3500.99	2422  	5038.4
759 	25    	3519.44	2488  	4785.2
760 	25    	3320.72	2436  	4373.6
761 	25    	3165.87	2079.6	4238.8
762 	25    	3356.43	2138.4	4337.6
763 	25    	3284.38	2559.6	4009.6
764 	25    	3222.77	2320  	4466.8
765 	25    	3417.54	2319.6	4286.4
766 	25    	3356.7 	1702.8	4692  
767 	25    	3439.65	2330.4	4940  
768 	25    	3492.43	2420.4	4688  
769 	25    	3393.74	2657.6	4710.4
770 	25    	3323.01	2093.2	4752.4
771 	25    	3293.5 	2265.6	4700  
772 	25    	3082.38	2178.4	4114  
773 	25    	3410.88	2392.4	4270  
774 	25    	3375.92	1950.4	4498  
775 	25    	3276.67	2610.8	4440  
776 	25    	3316.8 	2375.6	4656.8
777 	25    	3305.89	2396  	4567.2
778 	25    	3330.62	2775.6	4366.4
779 	25    	3430.02	2517.2	5119.2
780 	25    	3335.68	2256  	5101.2
781 	25    	3396.08	2374  	4517.2
782 	25    	3417.71	2102.4	4508  
783 	25    	3356.46	2324.8	4384.4
784 	25    	3528.51	2424.4	5088.8
785 	25    	3344.48	2471.6	4620.4
786 	25    	3607.09	2455.6	4762.4
787 	25    	3464.16	2280.4	4141.2
788 	25    	3337.44	2452.8	4432.4
789 	25    	3304.24	2417.2	4610.8
790 	25    	3203.23	2130  	4334  
791 	25    	3380.56	2533.6	3924.8
792 	25    	3290.75	2357.6	4442  
793 	25    	3258.43	2025.6	4086  
794 	25    	3487.01	2506.4	4850.4
795 	25    	3453.94	2268.4	4837.2
796 	25    	3463.07	2362.8	4421.2
797 	25    	3235.62	2275.6	4694.4
798 	25    	3693.26	2745.2	5080  
799 	25    	3517.17	2235.6	4795.2
800 	25    	3661.34	2621.6	4871.6
801 	25    	3513.07	2531.6	4759.6
802 	25    	3540.98	2537.2	4193.2
803 	25    	3442.8 	2314  	4431.2
804 	25    	3629.3 	2482.8	4606.8
805 	25    	3589.22	2724  	4650.4
806 	25    	3746.62	2998  	4904  
807 	25    	3290.45	2190.8	4508.8
808 	25    	3461.23	2761.2	4046.8
809 	25    	3561.39	2432.8	5064  
810 	25    	3466.18	1812.4	5240  
811 	25    	3503.26	2497.6	4483.2
812 	25    	3541.18	2473.2	4740.8
813 	25    	3550.18	2260.8	4792  
814 	25    	3361.92	2199.6	4318  
815 	25    	3439.5 	2338  	4896.8
816 	25    	3615.89	2433.2	4976  
817 	25    	3590.53	2520.4	4608  
818 	25    	3411.06	2428.8	4598.8
819 	25    	3640.38	2501.2	4920.4
820 	25    	3649.1 	2564.4	4848.4
821 	25    	3541.58	2869.2	4606.8
822 	25    	3654.11	2424.4	4950.8
823 	25    	3551.76	2614  	4790.4
824 	25    	3621.57	2309.6	4928  
825 	25    	3709.18	2660  	4726.4
826 	25    	3659.82	2488.8	4647.6
827 	25    	3708.29	2873.2	5080.8
828 	25    	3446.26	2674.4	4464.8
829 	25    	3736.06	2788.4	4845.2
830 	25    	3529.66	2520  	4631.2
831 	25    	3629.46	2320.4	4750.8
832 	25    	3453.01	2486  	4538.4
833 	25    	3620.69	2634.4	5147.6
834 	25    	3667.66	2626.4	5255.2
835 	25    	3682.83	2725.2	5421.2
836 	25    	3843.74	2296.8	4419.6
837 	25    	3603.79	2094.4	5152.8
838 	25    	3752.8 	2321.2	4713.2
839 	25    	3828.16	2522.8	5117.6
840 	25    	3834.72	2687.6	5171.2
841 	25    	3745.07	2734  	5142.8
842 	25    	3460.08	2406.8	4590.8
843 	25    	3827.62	2450.8	5760.4
844 	25    	3799.71	2905.2	5916.8
845 	25    	3691.07	2359.2	5037.6
846 	25    	3733.23	2463.6	4857.6
847 	25    	3858.53	2674  	5238.8
848 	25    	3840.93	2532.8	5021.6
849 	25    	3684   	2436.4	4390  
850 	25    	3894.29	2678.4	5585.6
851 	25    	4007.2 	2936.8	5013.2
852 	25    	3672.32	2550.4	4947.2
853 	25    	3768.1 	3008.8	4552.4
854 	25    	3961.46	2326.4	5934.4
855 	25    	3805.55	2908.8	4582.4
856 	25    	3875.84	2845.2	5444  
857 	25    	3824.06	2653.6	4832  
858 	25    	3807.07	2516  	5469.2
859 	25    	3876.58	2572.4	4936  
860 	25    	4014.19	2822  	5046  
861 	25    	4005.74	2448.8	5335.6
862 	25    	3822.9 	2427.2	5218.4
863 	25    	3825.47	2602.4	5270  
864 	25    	3898.42	2044.4	5767.6
865 	25    	3489.78	2370.4	4761.2
866 	25    	3832.85	2787.6	4867.6
867 	25    	3817.41	2687.6	6025.6
868 	25    	3892.78	2561.2	5358.8
869 	25    	3710.93	2753.2	5937.2
870 	25    	3768.03	2686.8	4684.8
871 	25    	3478.5 	1826.4	5106.4
872 	25    	3898.61	2806  	5666.8
873 	25    	3820.86	2474.8	4852  
874 	25    	3681.01	2856.8	4736.4
875 	25    	3623.76	1810.8	4899.6
876 	25    	3740.67	2122.4	5098.8
877 	25    	3800.27	2889.2	4750.4
878 	25    	3893.9 	2734.8	4747.2
879 	25    	3875.84	2674.8	5056.4
880 	25    	3891.15	2684.4	5309.2
881 	25    	3938.69	2772.8	5265.6
882 	25    	3763.73	2607.6	5248.8
883 	25    	3899.49	2913.6	5199.2
884 	25    	3775.49	1729.6	5224  
885 	25    	3822.45	2053.2	5034.8
886 	25    	3749.58	2554  	5176.8
887 	25    	3505.31	2381.2	4769.6
888 	25    	3666.64	2565.2	5352.8
889 	25    	3663.3 	2272  	5085.6
890 	25    	3771.58	2366  	4709.6
891 	25    	3675.7 	2548.8	5608.4
892 	25    	3844.69	2880  	5076.4
893 	25    	3682.51	2626  	4986.4
894 	25    	3699.44	2827.6	5015.2
895 	25    	3836.96	2875.6	4852.8
896 	25    	3919.54	2619.6	5161.6
897 	25    	3693.94	2544.4	5112  
898 	25    	3774.62	2709.6	4664  
899 	25    	3710.54	2220  	4690.8
900 	25    	3493.9 	2354.4	4414.8
901 	25    	3803.38	2659.6	4952.8
902 	25    	3937.46	2748  	6034  
903 	25    	3750.13	2816.8	5519.6
904 	25    	3677.9 	2889.6	4856.4
905 	25    	3492.61	2440.4	4682.8
906 	25    	3690.69	2383.2	5221.2
907 	25    	3509.54	1975.6	5311.2
908 	25    	3795.25	2706  	5050.8
909 	25    	3673.36	2665.6	4943.2
910 	25    	3914.22	2396  	5047.2
911 	25    	3829.42	2442.8	5074.4
912 	25    	3739.97	2460  	5239.6
913 	25    	3678.42	2554.8	4942.8
914 	25    	3804.56	2581.6	5666  
915 	25    	3654.45	2402.4	4694.4
916 	25    	3820.56	2775.6	4641.2
917 	25    	3765.89	2374  	5330.4
918 	25    	3782.67	2588.4	5295.6
919 	25    	3891.92	2626.8	5173.2
920 	25    	3678.74	2423.2	4964.8
921 	25    	3665.47	2410.4	5288  
922 	25    	3676.9 	2422.8	5359.6
923 	25    	3730.27	2982.8	4515.6
924 	25    	3599.2 	2604.8	5243.2
925 	25    	3638.5 	2765.6	5402.8
926 	25    	3612.7 	2246.4	5672  
927 	25    	3443.39	1472.4	5436.8
928 	25    	3505.57	2643.2	4841.2
929 	25    	3626.56	2520.8	4564.8
930 	25    	3562.26	2674.4	4419.2
931 	25    	3529.81	2447.6	5511.6
932 	25    	3668.62	2470.8	5141.2
933 	25    	3415.74	2442.4	4586  
934 	25    	3751.92	2391.6	4534  
935 	25    	3691.04	2397.6	4732.4
936 	25    	3690.74	2651.6	5058  
937 	25    	3596.08	2903.2	4405.2
938 	25    	3817.12	2886.8	5054  
939 	25    	3717.63	2735.2	4912.8
940 	25    	3644.9 	2550.4	4602.4
941 	25    	3728.56	2514  	5584  
942 	25    	3557.89	2600  	5237.2
943 	25    	3626.7 	2421.2	5346.8
944 	25    	3755.31	2739.2	4636.4
945 	25    	3482.11	2210.4	5231.2
946 	25    	3690.99	2384  	5595.6
947 	25    	3513.34	2612.8	5027.2
948 	25    	3784.22	2629.2	5064  
949 	25    	3744.1 	2650.4	5189.6
950 	25    	3903.78	2662.4	6206.4
951 	25    	3724.88	2509.2	5112.4
952 	25    	3630.3 	2023.6	5133.2
953 	25    	3666.69	2863.2	4770.8
954 	25    	3472.72	2608.8	4752.8
955 	25    	3475.92	2279.2	4806  
956 	25    	3494.19	2399.6	4262.8
957 	25    	3789.09	2256.8	4925.6
958 	25    	3398.32	2134  	4453.2
959 	25    	3576.56	2134  	5135.6
960 	25    	3594.06	2527.6	4653.6
961 	25    	3649.12	2540.8	4491.2
962 	25    	3659.89	2299.2	5320.8
963 	25    	3671.81	2707.2	4676.4
964 	25    	3506.66	2233.2	4764.4
965 	25    	3575.04	2143.2	4763.6
966 	25    	3483.62	2244.4	4898  
967 	25    	3706.19	2754.8	4682  
968 	25    	3541.82	2481.2	4772.4
969 	25    	3761.46	2649.6	4897.2
970 	25    	3708.59	2224.8	5248  
971 	25    	3713.07	2152  	5009.6
972 	25    	3686.29	2272  	4959.6
973 	25    	3606.64	2047.6	4852.4
974 	25    	3356.98	2121.2	4233.6
975 	25    	3387.7 	2508.8	4604.4
976 	25    	3767.87	2769.2	4903.6
977 	25    	3281.76	2240  	4115.6
978 	25    	3642.45	2200.4	5256  
979 	25    	3605.58	2944.4	4815.6
980 	25    	3909.49	2898.8	5269.6
981 	25    	3787.06	2446.4	4719.2
982 	25    	3538.42	2278  	4896  
983 	25    	3640.51	1787.2	5120.4
984 	25    	3722.99	2291.6	5168.4
985 	25    	3610.43	2331.2	5014  
986 	25    	3354.14	2219.6	4580.4
987 	25    	3625.54	2438  	4522.8
988 	25    	3744.62	2538.8	4830.8
989 	25    	3692.37	2910.4	4892  
990 	25    	3254.86	2539.2	4175.2
991 	25    	3578.72	2784.4	4741.2
992 	25    	3657.18	2595.2	5351.2
993 	25    	3565.94	2128.4	5128.8
994 	25    	3612.58	2620.4	5256.8
995 	25    	3652.66	1677.2	5060.8
996 	25    	3589.89	2472  	5173.2
997 	25    	3438.96	1948  	4726.8
998 	25    	3488.99	2167.2	4842  
999 	25    	3507.63	2712  	4653.2
1000	25    	3388.19	2397.6	4425.6
1001	25    	3457.65	1632.4	5151.6
1002	25    	3596.9 	2649.6	4657.2
1003	25    	3499.95	2430.8	4490.4
1004	25    	3767.02	2182.8	4840.4
1005	25    	3424.94	2641.6	4467.2
1006	25    	3383.44	2280  	4991.2
1007	25    	3280.85	1892.4	4680  
1008	25    	3635.5 	3073.2	5025.2
1009	25    	3657.23	2286  	4865.6
1010	25    	3232.1 	2275.6	4346  
1011	25    	3610.58	2170.4	4625.6
1012	25    	3424.54	2173.6	4949.2
1013	25    	3532.35	2013.2	5656  
1014	25    	3660.61	1947.2	4606.4
1015	25    	3839.49	2777.2	4885.6
1016	25    	3468.43	2322.8	4568  
1017	25    	3418.54	2569.2	4448.8
1018	25    	3727.54	2264.8	5903.6
1019	25    	3438.1 	2301.6	4509.2
1020	25    	3393.81	2537.2	4520.8
1021	25    	3562.58	2387.6	4327.2
1022	25    	3629.14	2540  	4991.2
1023	25    	3469.3 	2022.4	5145.6
1024	25    	3639.2 	2319.6	5198.8
1025	25    	3643.41	2705.6	4734.4
1026	25    	3517.95	2654.8	4267.2
1027	25    	3668.02	2464  	5052  
1028	25    	3532.11	2532.8	5407.2
1029	25    	3501.57	2556  	5286.8
1030	25    	3633.98	2183.6	4914.8
1031	25    	3434.66	2334  	4756.4
1032	25    	3423.15	2143.2	4271.6
1033	25    	3593.49	2340  	4800.4
1034	25    	3639.26	2426.4	4833.6
1035	25    	3673.71	2449.6	4780.4
1036	25    	3362.77	2590.8	5185.6
1037	25    	3470.21	2073.2	4316.4
1038	25    	3652.58	2460  	5040.4
1039	25    	3707.31	2283.2	4480.8
1040	25    	3642.13	2292.4	5164.4
1041	25    	3620.22	3028.4	4274.8
1042	25    	3526.48	2406.8	4899.2
1043	25    	3462.11	2412.8	5098.4
1044	25    	3696.4 	2256  	4644  
1045	25    	3562.66	2278.8	5011.2
1046	25    	3272.42	2155.2	4816  
1047	25    	3638.8 	2547.6	4736  
1048	25    	3470.16	2677.6	4984.8
1049	25    	3498.72	2768  	4453.2
1050	25    	3406.38	1940.8	4955.2
1051	25    	3437.22	2539.6	4394  
1052	25    	3619.79	2441.6	5015.2
1053	25    	3604.72	2206.4	5254  
1054	25    	3536.54	2458.8	4778.8
1055	25    	3437.58	2436.4	4509.6
1056	25    	3627.46	2834.4	5247.2
1057	25    	3460.58	2527.2	4624  
1058	25    	3697.84	2482.4	4944  
1059	25    	3451.02	1866  	4436  
1060	25    	3725.54	2829.6	4808  
1061	25    	3602.99	2599.6	4927.6
1062	25    	3447.01	2471.6	5072.4
1063	25    	3814.64	2256.8	4559.6
1064	25    	3733.26	2517.6	5097.2
1065	25    	3546.82	2748  	4539.2
1066	25    	3633.94	2519.2	4998  
1067	25    	3339.3 	2316  	4147.6
1068	25    	4021.44	3247.6	4985.2
1069	25    	3648.8 	2460  	4720.4
1070	25    	3636.32	2657.6	5103.2
1071	25    	3406.43	2030  	4540.8
1072	25    	3692.34	2120.4	4837.6
1073	25    	3652.02	2580.4	4893.6
1074	25    	3764.46	2307.6	5084.4
1075	25    	3594.3 	2206  	5082.4
1076	25    	3538.1 	2170.8	5249.2
1077	25    	3846.54	2113.2	4940  
1078	25    	3639.07	2516.8	5756.8
1079	25    	3655.76	2167.2	5086.8
1080	25    	3580.86	2141.6	5194.4
1081	25    	3634.54	2740.8	5367.6
1082	25    	3468.22	2368.8	4708.4
1083	25    	3759.22	2384.8	5061.2
1084	25    	3782.69	2314.8	5983.2
1085	25    	3505.44	2380.4	5151.2
1086	25    	4054.34	2907.2	5595.6
1087	25    	3613.36	2548  	5140  
1088	25    	3567.62	2304  	4901.2
1089	25    	3681.17	2572.8	4950.4
1090	25    	3490.54	2547.2	4998.4
1091	25    	3733.06	2424.8	4601.6
1092	25    	3562.8 	2561.6	4948.4
1093	25    	3674.61	2715.2	5086.8
1094	25    	3822.05	2707.2	4842.4
1095	25    	3714.08	2791.2	4982.4
1096	25    	3716.86	2449.2	4695.6
1097	25    	3827.28	2761.2	4857.6
1098	25    	3627.23	2085.6	5258  
1099	25    	3582.42	2045.6	6015.2
1100	25    	3835.1 	2979.2	4966.4
1101	25    	3556.64	2862.4	4348  
1102	25    	3584.27	2468.8	4655.6
1103	25    	3455.47	2356.8	4516.8
1104	25    	3775.57	2088.4	5151.2
1105	25    	3750.03	2284.4	5107.6
1106	25    	3693.44	2799.2	4984  
1107	25    	3822.61	3059.2	5085.2
1108	25    	3727.15	2544.8	5062.8
1109	25    	3682.67	2410.8	4869.2
1110	25    	3440.91	2539.6	4654  
1111	25    	3575.6 	2307.2	5046  
1112	25    	3569.97	2344.8	4711.6
1113	25    	3470.72	2602  	4537.2
1114	25    	3482.58	2704.4	4984.4
1115	25    	3553.66	2565.2	4562  
1116	25    	3864.78	2546.4	5632.8
1117	25    	3489.33	2075.6	4535.2
1118	25    	3710.46	2556.4	5132  
1119	25    	3526.62	2542.8	4480.4
1120	25    	3373.31	2085.6	4608.8
1121	25    	3738.32	2300.4	5512  
1122	25    	3526.72	2500.8	4630  
1123	25    	3434.62	2236.8	4605.2
1124	25    	3724.51	2854.8	5686  
1125	25    	3654.08	2720.4	4685.2
1126	25    	3553.63	2549.6	5150  
1127	25    	3757.7 	2536.4	5603.6
1128	25    	3525.46	2724.4	5135.2
1129	25    	3744.26	2668.4	4635.2
1130	25    	4078.43	2735.6	5883.2
1131	25    	3632.02	2763.6	5190.4
1132	25    	3574.96	2195.6	5420.8
1133	25    	3702.85	2709.2	5438  
1134	25    	3691.07	2868.8	4838  
1135	25    	3717.23	2123.2	4751.2
1136	25    	3897.01	2657.2	5566.8
1137	25    	3724.1 	2592.8	4686  
1138	25    	3729.49	2836  	4948.4
1139	25    	3714.86	2141.6	4638  
1140	25    	3521.9 	1907.2	4620.8
1141	25    	3734.05	2805.6	4752  
1142	25    	3341.3 	2107.6	5185.6
1143	25    	3616.8 	2234.4	4686.4
1144	25    	3483.63	2695.2	4735.2
1145	25    	3617.28	2613.2	4810  
1146	25    	3584.77	2418  	4442.8
1147	25    	3517.65	2300.8	4719.2
1148	25    	3231.14	1571.2	4213.2
1149	25    	3484.53	2246.4	4434.8
1150	25    	3318.08	1874  	4764.8
1151	25    	3423.98	2269.6	5020.4
1152	25    	3398.98	2174.8	4425.2
1153	25    	3609.06	2802.4	4496  
1154	25    	3508.86	2270  	4380  
1155	25    	3278.45	2418.4	4562.4
1156	25    	3736.29	2632.8	5376.4
1157	25    	3506.78	2236.4	5085.2
1158	25    	3710.18	2287.6	4821.2
1159	25    	3674.8 	2434.4	4884.8
1160	25    	3607.65	2354  	5046  
1161	25    	3417.74	2512.4	4417.6
1162	25    	3395.89	2394  	4730.4
1163	25    	3785.25	2926.8	5562  
1164	25    	3381.84	2197.2	5098.8
1165	25    	3346.5 	2551.6	3994.4
1166	25    	3531.36	2530.4	4705.6
1167	25    	3636.16	2663.6	4938.4
1168	25    	3385.6 	2376.4	5015.6
1169	25    	3538.91	2616.8	4450.4
1170	25    	3380.3 	2003.2	4907.6
1171	25    	3552.29	1882.8	4596  
1172	25    	3203.94	2278.8	4894.8
1173	25    	3441.71	2200  	4571.2
1174	25    	3700.11	2494.4	4779.2
1175	25    	3533.68	2385.6	5160.8
1176	25    	3547.57	2261.2	5118  
1177	25    	3527.5 	2451.6	4932  
1178	25    	3511.02	2276  	4970.4
1179	25    	3617.66	2342.4	4700.4
1180	25    	3491.97	2484.8	4782.4
1181	25    	3604.02	2598  	5242.4
1182	25    	3558.35	2072.4	5173.6
1183	25    	3501.62	2516.8	4552.4
1184	25    	3565.89	2527.6	4384.4
1185	25    	3653.39	2698.4	5034.8
1186	25    	3224.38	1864.8	4152.4
1187	25    	3407.07	2407.2	4602.8
1188	25    	3536.86	2501.6	4388  
1189	25    	3465.6 	1886  	4591.6
1190	25    	3464.43	2430.8	4532.8
1191	25    	3250.96	2003.6	4229.6
1192	25    	3423.97	2042.4	4581.6
1193	25    	3418.1 	2632  	5369.2
1194	25    	3392.19	2442.8	4354.4
1195	25    	3417.42	2024.8	4548  
1196	25    	3653.76	2516.4	5036.8
1197	25    	3301.78	2455.6	4644.8
1198	25    	3555.47	2756.8	4970  
1199	25    	3352.54	2166.8	4645.2
1200	25    	3576.94	2623.2	4560  
1201	25    	3453.98	2541.6	4615.2
1202	25    	3468.22	2584  	4716.8
1203	25    	3637.49	1996.4	4938.4
1204	25    	3459.15	2420.8	4299.6
1205	25    	3462.08	2238.4	4661.2
1206	25    	3416.9 	2108.4	4922.8
1207	25    	3495.47	2637.2	4582.8
1208	25    	3598.61	2516.4	4903.2
1209	25    	3723.41	2835.6	4649.2
1210	25    	3426.5 	2374.8	4472.8
1211	25    	3610.11	2460.8	4469.6
1212	25    	3427.65	2586.4	4602.8
1213	25    	3284.86	2714.4	3894.4
1214	25    	3356.98	1925.6	4240  
1215	25    	3501.68	1947.2	5175.6
1216	25    	3289.09	2280.4	5204.4
1217	25    	3269.87	2228.8	5260.4
1218	25    	3266.82	2200.8	4604.8
1219	25    	3299.89	2248  	4582.8
1220	25    	3466.83	2460.8	4919.2
1221	25    	3355.06	2380  	4220.4
1222	25    	3559.09	2454  	4552  
1223	25    	3404.29	2270.8	5051.6
1224	25    	3542.51	2524.4	4778.4
1225	25    	3309.57	2366.4	4036.4
1226	25    	3295.63	2120.8	4752.4
1227	25    	3390.72	2422.8	4633.6
1228	25    	3582.88	2352.4	4903.2
1229	25    	3498.64	2140  	4679.2
1230	25    	3286.72	2675.2	4487.6
1231	25    	3299.14	2460.8	4163.2
1232	25    	3545.15	2577.2	5178  
1233	25    	3446.56	2712.4	3957.2
1234	25    	3284.03	2195.2	5138.8
1235	25    	3467.7 	2600  	4804.4
1236	25    	3505.79	2280  	4680  
1237	25    	3445.04	2599.6	4884.8
1238	25    	3259.78	2027.6	4850  
1239	25    	3063.23	2191.2	4342.8
1240	25    	3361.87	2238  	4854.4
1241	25    	3265.82	2567.6	4081.6
1242	25    	3558.85	2686  	4756.4
1243	25    	3327.94	2114.8	5096  
1244	25    	3404.86	2597.2	4489.6
1245	25    	3313.36	2156.8	4668  
1246	25    	3329.47	2324.8	4252  
1247	25    	3611.41	2264.8	4804.4
1248	25    	3411.79	2506.8	4858  
1249	25    	3379.42	2407.2	4058  
1250	25    	3163.65	2163.2	4391.2
1251	25    	3222.06	1841.2	4290  
1252	25    	3258.62	2240  	4132.4
1253	25    	3355.2 	2213.6	4722.8
1254	25    	3214.66	2330  	4194  
1255	25    	3286.98	2234  	4378.8
1256	25    	3213.09	2458  	3888.4
1257	25    	3092.51	2069.6	4054  
1258	25    	3258.96	2559.6	4148  
1259	25    	3227.3 	1986  	4208  
1260	25    	3441.42	2574.8	5110.8
1261	25    	3210   	2144  	5048  
1262	25    	3348.19	2530.4	4260.4
1263	25    	3418.38	2522.4	4466  
1264	25    	3368.43	2196  	4531.6
1265	25    	3307.01	2057.2	4668  
1266	25    	3492.16	2635.2	4572  
1267	25    	3051.55	1927.2	5077.6
1268	25    	3220.8 	2059.2	4548  
1269	25    	3226.11	2104.8	5033.6
1270	25    	3267.94	2123.6	4738  
1271	25    	3401.58	2291.2	4618.8
1272	25    	3442.03	2321.6	5209.6
1273	25    	3409.01	2435.6	4251.2
1274	25    	3388.98	2584  	4169.6
1275	25    	3313.42	2731.6	4450.4
1276	25    	3378.02	2224.8	4544  
1277	25    	3345.18	2232  	4808.4
1278	25    	3455.57	2593.2	5016.4
1279	25    	3477.14	2740.8	4789.2
1280	25    	3285.63	2295.6	4234.4
1281	25    	3271.87	1922.4	4381.2
1282	25    	3497.98	2359.2	5261.6
1283	25    	3472.42	2200.8	4716.8
1284	25    	3325.84	2612.8	4546  
1285	25    	3202.03	1667.2	4470  
1286	25    	3454.18	2337.2	5019.2
1287	25    	3438.8 	2232.8	4906.4
1288	25    	3448.66	2608  	4348  
1289	25    	3476.56	2204  	4804  
1290	25    	3195.92	2110.4	3980.4
1291	25    	3187.28	2321.2	4353.2
1292	25    	3351.7 	2076  	4276  
1293	25    	3481.63	2407.6	4746.4
1294	25    	3326.69	2498.8	4838.8
1295	25    	3230   	2600.4	4098.8
1296	25    	3508.64	2515.6	4552.8
1297	25    	3486.29	2253.2	4922  
1298	25    	3212.59	2402.8	4142.4
1299	25    	3278.62	1976  	4404  
1300	25    	3300.67	2282.8	4521.6
1301	25    	3102.56	2227.2	4377.2
1302	25    	3305.07	1562.4	4465.6
1303	25    	3315.23	2421.6	4670.4
1304	25    	3466.27	2443.2	4961.6
1305	25    	3350.67	1835.6	4163.2
1306	25    	3480.43	2370  	4430.8
1307	25    	3546.9 	2335.2	4606.4
1308	25    	3278.54	2171.2	4672.8
1309	25    	3183.7 	2405.6	5186  
1310	25    	3315.46	2079.2	4310.4
1311	25    	3142.66	2316.8	3992.4
1312	25    	3431.1 	2505.2	4524.4
1313	25    	3334.08	2414.4	4937.2
1314	25    	3271.22	2146.4	4992.8
1315	25    	3554.24	2706.8	4363.2
1316	25    	3552.48	2995.2	4677.6
1317	25    	3352.85	2348.4	4639.2
1318	25    	3377.68	2166.8	4618  
1319	25    	3108.42	2496.4	3877.2
1320	25    	3012.13	1641.2	4356.8
1321	25    	3264.24	2124.8	4913.6
1322	25    	3377.6 	2305.6	4438.4
1323	25    	3386.66	2635.6	4808.4
1324	25    	3404.43	2038  	4890.8
1325	25    	3215.07	2006  	4215.2
1326	25    	3297.12	1919.6	4168.8
1327	25    	3270.88	2279.6	4188.4
1328	25    	3252.94	2354.8	4297.2
1329	25    	3312.99	2417.2	4648.4
1330	25    	3187.42	2433.6	4419.2
1331	25    	3324.9 	2239.6	4294  
1332	25    	3372.86	2144.4	4591.6
1333	25    	3259.95	1910.4	5016  
1334	25    	3310.48	2595.6	4290.8
1335	25    	3224.61	2589.6	4291.2
1336	25    	3307.55	2266  	4295.6
1337	25    	3268.75	2464  	3799.2
1338	25    	3031.25	2342  	4475.6
1339	25    	3486.45	2830.8	4504.4
1340	25    	3191.36	2410  	4495.6
1341	25    	3370.62	2174.8	4138.8
1342	25    	3293.9 	2239.2	5030.8
1343	25    	3369.58	2510  	4687.6
1344	25    	3347.06	2147.6	5102.8
1345	25    	3346.37	2368.8	5472  
1346	25    	3360.77	2299.2	4392.4
1347	25    	3253.79	2482.8	4377.6
1348	25    	3397.84	2198.4	4625.6
1349	25    	3427.71	2306.4	4753.2
1350	25    	3298.8 	2141.2	4168.8
1351	25    	3305.01	2410  	4815.6
1352	25    	3280.35	2287.6	4826.4
1353	25    	3402.32	2046.8	4300.8
1354	25    	3145.95	1862  	4577.2
1355	25    	3385.84	2010  	4550.4
1356	25    	3310.94	2332  	4675.6
1357	25    	3180.06	2481.6	3972.8
1358	25    	3311.06	2351.2	4520  
1359	25    	3145.47	2482.8	4206.4
1360	25    	3248.05	2233.6	4195.2
1361	25    	3264.7 	2610  	4016.8
1362	25    	3251.44	2560  	4329.2
1363	25    	3323.26	2533.2	4870  
1364	25    	3314.54	1977.2	4872  
1365	25    	3518.96	2244.8	4416.8
1366	25    	3206.75	1845.2	4311.6
1367	25    	3131.47	2513.6	4069.2
1368	25    	3282.67	2794.8	4402.4
1369	25    	3223.65	2704.4	4230  
1370	25    	3263.1 	2378  	4690.4
1371	25    	3319.89	1944  	4562  
1372	25    	3424.88	2372  	4078  
1373	25    	3094.48	2287.6	4008.4
1374	25    	3477.09	2286.4	4642  
1375	25    	3445.17	1840.4	4383.6
1376	25    	3377.66	2416  	4828.4
1377	25    	3326.19	2236.8	4507.2
1378	25    	3315.2 	2144.4	4606.8
1379	25    	3237.47	2364  	4106  
1380	25    	3323.98	1970  	4469.2
1381	25    	3332.96	1929.2	4492  
1382	25    	3225.36	2081.2	5350  
1383	25    	3247.71	2185.2	4130.4
1384	25    	3286.62	2298.4	4387.2
1385	25    	3300.69	2333.6	4225.2
1386	25    	3312.99	2655.6	3975.6
1387	25    	3279.74	2536.4	5098.8
1388	25    	3344.24	2018  	4598  
1389	25    	3501.09	2576.8	4352  
1390	25    	3274.67	2192.4	4672.4
1391	25    	3425.52	2482  	5249.6
1392	25    	3505.22	2192  	4849.2
1393	25    	3343.73	2380  	4560.4
1394	25    	3487.81	2851.6	4320.8
1395	25    	3347.98	2196  	4519.2
1396	25    	3547.14	1502  	4980  
1397	25    	3363.89	2184.8	4204.4
1398	25    	3321.02	2251.6	4459.2
1399	25    	3329.73	2232  	4296.4
1400	25    	3624.9 	2817.2	4605.2
1401	25    	3421.2 	2934.4	4176.4
1402	25    	3517.15	2620.4	5040.4
1403	25    	3293.57	2526.8	4280.4
1404	25    	3285.41	2347.2	4513.6
1405	25    	3587.97	2490  	4847.2
1406	25    	3225.65	1930.4	4429.2
1407	25    	3241.66	2356  	4240.4
1408	25    	3503.78	2056  	4616.4
1409	25    	3483.09	2827.6	4874.4
1410	25    	3370.42	2414  	4315.2
1411	25    	3461.76	2513.6	4533.6
1412	25    	3455.47	2453.6	4362  
1413	25    	3374.46	2434.4	4394  
1414	25    	3589.54	2032.8	5080.4
1415	25    	3372.24	2341.2	4616.4
1416	25    	3430.72	2183.6	5668.4
1417	25    	3501.5 	2634.4	4874.8
1418	25    	3748.8 	3018  	4591.6
1419	25    	3504.43	2674.8	4556  
1420	25    	3600.45	2235.2	5064  
1421	25    	3384.3 	2253.6	4559.2
1422	25    	3667.25	2681.2	4933.6
1423	25    	3418.48	2402.8	5031.6
1424	25    	3789.82	2460.8	4880.4
1425	25    	3613.34	2726.4	4451.6
1426	25    	3539.1 	2034  	5048  
1427	25    	3650.86	2405.2	4796.8
1428	25    	3547.39	2183.6	4883.6
1429	25    	3508.32	2713.2	4557.2
1430	25    	3792.74	2781.2	5204.4
1431	25    	3603.87	2481.6	4868.8
1432	25    	3572.99	2321.2	4664  
1433	25    	3721.68	2509.6	5106.4
1434	25    	3573.14	2430.4	4580.8
1435	25    	3379.33	2102.4	4302.8
1436	25    	3483.78	2452.8	5095.2
1437	25    	3646.18	2550.8	4668.4
1438	25    	3461.62	2331.2	4356.4
1439	25    	3453.22	2422.4	4499.6
1440	25    	3299.87	2584.8	4588.8
1441	25    	3491.38	1591.2	4776  
1442	25    	3408.96	2514.4	4130.8
1443	25    	3452.58	2684.4	4681.6
1444	25    	3270.8 	1990  	5078.8
1445	25    	3673.57	2704  	5453.2
1446	25    	3444.98	2656.8	4545.6
1447	25    	3351.22	2566.8	4198.8
1448	25    	3529.55	2611.2	4815.2
1449	25    	3611.39	2474.8	4822  
1450	25    	3388.7 	2094  	4551.2
1451	25    	3415.36	2025.6	4764.4
1452	25    	3304.38	2122.4	4418.8
1453	25    	3498.5 	2494  	5196.8
1454	25    	3295.52	2232.4	4155.6
1455	25    	3574.4 	2190.8	5432.8
1456	25    	3617.36	2780.8	4529.6
1457	25    	3629.71	2529.6	4559.6
1458	25    	3457.07	2106.4	4970.8
1459	25    	3538.11	2402.8	5157.6
1460	25    	3987.31	2895.2	5266  
1461	25    	3492.56	2555.2	5028.8
1462	25    	3593.36	2592.8	5383.2
1463	25    	3638.5 	2254  	4556.8
1464	25    	3564.45	2514  	5056.4
1465	25    	3500.58	2157.6	4471.2
1466	25    	3564   	2239.6	4729.6
1467	25    	3521.46	2382  	5492  
1468	25    	3592.14	2515.6	4436.4
1469	25    	3462.5 	2403.2	4690  
1470	25    	3695.79	2744  	4516.8
1471	25    	3534.4 	2524.8	5235.6
1472	25    	3725.28	2715.6	4812  
1473	25    	3782.82	2392.8	5266.8
1474	25    	3411.82	2350.4	4505.2
1475	25    	3572.32	1870.8	5210  
1476	25    	3537.47	2486.8	4502  
1477	25    	3618.3 	2518.8	4785.2
1478	25    	3603.78	2409.6	4840.8
1479	25    	3589.71	2000.4	5970  
1480	25    	3550.45	2624.4	4750.8
1481	25    	3416.14	1830  	4854  
1482	25    	3324.99	2323.2	4154.8
1483	25    	3505.7 	2176.8	4826  
1484	25    	3616.22	2489.2	5942.4
1485	25    	3426.26	2414.4	4502.4
1486	25    	3453.81	1864.4	4821.6
1487	25    	3457.81	2650.4	4572  
1488	25    	3621.6 	2046  	4812  
1489	25    	3563.49	2360.8	5384.4
1490	25    	3463.76	2411.2	4472.8
1491	25    	3459.42	1980.4	4754.4
1492	25    	3606.03	2387.2	5546.8
1493	25    	3437.94	2644  	4556.8
1494	25    	3592.22	2159.2	5215.2
1495	25    	3636.7 	2629.2	4526.8
1496	25    	3573.89	2206  	5025.6
1497	25    	3461.98	2501.2	4824.8
1498	25    	3685.74	2840  	4858.4
1499	25    	3443.12	2246.8	4864  
1500	25    	3550.03	2465.2	5218  