gen	nevals	avg    	min   	max   
1  	25    	1512.37	598   	2897.6
2  	25    	1849.2 	604   	3182.8
3  	25    	2120.82	502.4 	3222.4
4  	25    	1574.26	582.4 	3214  
5  	25    	1962.54	629.2 	3060.4
6  	25    	1940   	511.6 	2846  
7  	25    	1933.25	649.6 	2848.4
8  	25    	1927.71	503.6 	3216.8
9  	25    	2127.89	600.8 	3006.8
10 	25    	2144.56	613.2 	3250  
11 	25    	2227.1 	824   	2898.4
12 	25    	2392.1 	901.6 	3308.8
13 	25    	2476.77	1959.2	3492.4
14 	25    	2622.11	2034.4	3610.4
15 	25    	2610.53	1833.2	3298.8
16 	25    	2563.15	703.6 	3442.4
17 	25    	2589.33	838.8 	3177.2
18 	25    	2335.39	866.4 	3114  
19 	25    	2473.42	1712.4	3184.4
20 	25    	2397.36	684.4 	3181.2
21 	25    	2304.7 	614   	3355.2
22 	25    	2476.19	767.6 	3825.6
23 	25    	2250.02	760.4 	3152  
24 	25    	2568.5 	1776.4	3278.4
25 	25    	2431.44	987.2 	3064.4
26 	25    	2590.08	1856  	3283.6
27 	25    	2430.18	1979.6	3215.2
28 	25    	2339.41	1608  	3115.2
29 	25    	2337.68	647.6 	3346.8
30 	25    	2317.2 	643.2 	3288.8
31 	25    	2344.29	677.2 	3398.4
32 	25    	2610.72	1903.2	3135.2
33 	25    	2457.71	612.4 	3493.6
34 	25    	2310.72	788.4 	3743.2
35 	25    	2431.44	990.4 	3762.4
36 	25    	2447.3 	895.6 	3151.6
37 	25    	2726.94	2053.6	3601.2
38 	25    	2603.89	1822  	3457.2
39 	25    	2506.16	1749.6	3723.2
40 	25    	2423.09	1912.8	3518.4
41 	25    	2540.34	1313.6	3434  
42 	25    	2381.5 	1487.2	3175.2
43 	25    	2623.42	1853.2	3418  
44 	25    	2525.17	1779.6	3361.6
45 	25    	2598.22	1776.4	3533.2
46 	25    	2491.6 	719.2 	3294.4
47 	25    	2513.46	1663.2	3092  
48 	25    	2439.38	881.6 	3726  
49 	25    	2414.38	1555.6	3139.2
50 	25    	2517.52	1927.2	3925.6
51 	25    	2681.22	1835.2	3912  
52 	25    	2463.62	778.8 	3306.8
53 	25    	2348.27	845.2 	3067.6
54 	25    	2543.33	1688.8	3472.8
55 	25    	2370.22	564.4 	3589.6
56 	25    	2489.25	1783.6	3286.8
57 	25    	2656.05	1896  	3542.4
58 	25    	2649.49	1967.6	3645.6
59 	25    	2490   	591.6 	3505.2
60 	25    	2464.9 	916.4 	3237.2
61 	25    	2439.22	922   	3487.2
62 	25    	2425.55	526.4 	3324  
63 	25    	2473.52	1855.2	3125.2
64 	25    	2442.29	698.4 	4396.8
65 	25    	2541.33	2042.8	3188.4
66 	25    	2346.19	728.4 	3538.8
67 	25    	2514.29	738.4 	3755.6
68 	25    	2373.82	648   	3583.6
69 	25    	2455.14	604   	3408  
70 	25    	2369.7 	623.6 	3353.6
71 	25    	2403.78	1050  	3191.2
72 	25    	2498.02	1252.4	3637.6
73 	25    	2328.91	626   	3761.6
74 	25    	2214.99	736.8 	3164.8
75 	25    	2355.23	634.4 	3029.6
76 	25    	2204.16	652.4 	3150.4
77 	25    	2549.97	571.2 	3292.8
78 	25    	2729.15	1936.8	4366.4
79 	25    	2576.54	2069.2	3214.4
80 	25    	2608.4 	1863.2	3721.2
81 	25    	2564.74	1878  	3128  
82 	25    	2562.59	2000.8	3371.2
83 	25    	2637.14	1950.8	3736.4
84 	25    	2622.43	1925.2	3313.2
85 	25    	2534.91	2014.4	3037.6
86 	25    	2628.94	1770.8	3452.4
87 	25    	2444.38	1899.2	2866  
88 	25    	2396.99	1608  	3269.6
89 	25    	2461.79	775.2 	3611.6
90 	25    	2545.78	1542.8	3626  
91 	25    	2532.77	1586  	3369.2
92 	25    	2558.77	1976  	3538.4
93 	25    	2516.08	1752.4	3158  
94 	25    	2615.57	1440  	4044.4
95 	25    	2607.33	1825.6	3654.8
96 	25    	2621.95	1970.4	3281.6
97 	25    	2461.62	1828.4	2971.2
98 	25    	2625.84	1706  	3868.4
99 	25    	2436.54	1878.4	3385.6
100	25    	2401.78	437.6 	3258.4
101	25    	2687.7 	1724.4	3602.8
102	25    	2430.19	1376.4	3058.8
103	25    	2533.41	1868.4	3520.4
104	25    	2654.29	1759.6	3212.4
105	25    	2530   	1922.4	3371.6
106	25    	2566.19	1886  	3180.8
107	25    	2646.74	2143.6	3749.2
108	25    	2680.13	1819.2	3575.2
109	25    	2630.43	2008.8	3268.4
110	25    	2538.83	690.8 	3738  
111	25    	2515.41	1675.6	3365.2
112	25    	2464.24	1869.2	3298.8
113	25    	2447.49	1938.8	3065.6
114	25    	2572.32	2050.4	3473.2
115	25    	2500.37	1666.8	3270.8
116	25    	2536.05	1702.8	3201.6
117	25    	2532.88	1888  	3155.2
118	25    	2472.24	1072.4	3815.2
119	25    	2578.74	1626.8	3254  
120	25    	2486.37	1930  	3377.6
121	25    	2630.05	2060  	3256.4
122	25    	2575.47	1538  	3402  
123	25    	2574.26	1991.2	3700  
124	25    	2342.45	545.2 	3044.8
125	25    	2530.94	1262  	3097.2
126	25    	2463.26	1026.4	3860  
127	25    	2660.88	853.6 	3702  
128	25    	2563.22	1883.2	3852.8
129	25    	2485.73	1856  	3491.6
130	25    	2523.39	1120.4	3578.4
131	25    	2389.82	1435.6	3128  
132	25    	2651.97	1808  	3488.8
133	25    	2572.43	1870.4	3342  
134	25    	2482.88	735.2 	3570  
135	25    	2638.78	1866.4	3544  
136	25    	2432.48	527.6 	3352.4
137	25    	2549.89	1603.6	3508.4
138	25    	2507.46	1387.2	3166.8
139	25    	2510.14	1937.2	3123.2
140	25    	2601.5 	1773.2	3909.2
141	25    	2385.79	1788.4	2984.4
142	25    	2417.74	1808.4	3000  
143	25    	2489.74	2015.2	3219.2
144	25    	2417.98	1849.2	3063.6
145	25    	2546.13	1992  	3294.8
146	25    	2556.58	1767.6	3183.2
147	25    	2594.4 	1707.2	3257.2
148	25    	2518.11	2087.2	3588  
149	25    	2399.46	1860.4	3250.8
150	25    	2494.08	1572.4	3231.6
151	25    	2764.11	2075.6	3460  
152	25    	2595.01	1767.2	3746.4
153	25    	2557.1 	1854.8	3393.2
154	25    	2403.06	1677.6	3366  
155	25    	2543.89	1950.8	3308  
156	25    	2468.13	1700.4	3198.8
157	25    	2539.94	1906.8	3126  
158	25    	2482.26	1796.4	3368  
159	25    	2434.66	1541.6	3247.6
160	25    	2488.98	1979.6	3236.4
161	25    	2604.85	1816  	3513.2
162	25    	2577.94	1750  	4041.2
163	25    	2514.16	2075.2	3368.8
164	25    	2616.58	1487.6	3432  
165	25    	2455.3 	834.4 	3660  
166	25    	2449.76	1719.6	3582.8
167	25    	2578.37	1862  	3316  
168	25    	2594.29	1578.4	3180  
169	25    	2693.2 	1945.6	3366  
170	25    	2468.82	1712.4	3437.6
171	25    	2544.74	1841.2	3257.2
172	25    	2472.85	1673.2	3281.6
173	25    	2408.48	1522.4	3213.6
174	25    	2507.41	1771.6	2929.2
175	25    	2482.26	1403.2	3228.4
176	25    	2495.36	1936.4	3261.6
177	25    	2396.67	1384.8	3164.8
178	25    	2582.7 	1639.2	3434  
179	25    	2633.94	1910.4	3664  
180	25    	2518.08	1407.2	3178.4
181	25    	2477.49	1557.2	3597.6
182	25    	2577.84	1646  	3516.4
183	25    	2593.81	1820  	3738.4
184	25    	2458.94	1652.8	3462.8
185	25    	2472.24	1813.6	3129.2
186	25    	2711.79	1706  	3379.2
187	25    	2629.25	1912.4	3846.8
188	25    	2425.82	1634.8	3051.2
189	25    	2365.54	1809.2	3109.2
190	25    	2483.46	1780  	3143.6
191	25    	2593.26	1721.2	3200.4
192	25    	2523.41	1964.4	3756.4
193	25    	2476.62	1949.6	3194.8
194	25    	2561.92	1654  	3692.8
195	25    	2540.32	1974.8	3486.4
196	25    	2696.88	1863.2	3527.2
197	25    	2509.71	1700  	3346.4
198	25    	2591.74	1820  	3250.4
199	25    	2481.06	1855.6	3065.6
200	25    	2654.88	1808  	3415.2