gen	nevals	avg      	min       	max     
1  	25    	0.0240938	0         	0.115625
2  	25    	0.0602188	0         	0.128906
3  	25    	0.0843125	0.00703125	0.164844
4  	25    	0.11275  	0.053125  	0.232812
5  	25    	0.120656 	0         	0.195312
6  	25    	0.158906 	0.078125  	0.233594
7  	25    	0.145812 	0.0367187 	0.264062
8  	25    	0.151406 	0.0335938 	0.257031
9  	25    	0.165    	0.0804688 	0.239844
10 	25    	0.189563 	0.0960938 	0.289062
11 	25    	0.174844 	0.103906  	0.244531
12 	25    	0.185187 	0.0976562 	0.298438
13 	25    	0.182844 	0.0835937 	0.253125
14 	25    	0.192906 	0.078125  	0.300781
15 	25    	0.198156 	0.13125   	0.340625
16 	25    	0.211344 	0.108594  	0.303125
17 	25    	0.211062 	0.128125  	0.304688
18 	25    	0.208938 	0.125     	0.275781
19 	25    	0.201    	0.116406  	0.249219
20 	25    	0.20625  	0.115625  	0.326562
21 	25    	0.211438 	0.122656  	0.333594
22 	25    	0.229125 	0.102344  	0.355469
23 	25    	0.230625 	0.13125   	0.342187
24 	25    	0.224031 	0.157813  	0.428125
25 	25    	0.22025  	0.144531  	0.377344
26 	25    	0.240875 	0.138281  	0.352344
27 	25    	0.228    	0.1375    	0.329688
28 	25    	0.230438 	0.16875   	0.291406
29 	25    	0.217063 	0.125781  	0.291406
30 	25    	0.206469 	0.113281  	0.283594
31 	25    	0.234594 	0.151562  	0.346875
32 	25    	0.223812 	0.135156  	0.341406
33 	25    	0.237469 	0.146875  	0.314063
34 	25    	0.241594 	0.1375    	0.33125 
35 	25    	0.23925  	0.126563  	0.357031
36 	25    	0.219594 	0.153906  	0.310156
37 	25    	0.233813 	0.142188  	0.365625
38 	25    	0.228813 	0.130469  	0.342969
39 	25    	0.212219 	0.128125  	0.292188
40 	25    	0.236188 	0.167187  	0.309375
41 	25    	0.250437 	0.178906  	0.360156
42 	25    	0.235188 	0.146875  	0.339063
43 	25    	0.237531 	0.15      	0.377344
44 	25    	0.24325  	0.171094  	0.303125
45 	25    	0.233812 	0.167187  	0.321875
46 	25    	0.245719 	0.111719  	0.361719
47 	25    	0.241438 	0.170312  	0.364062
48 	25    	0.240906 	0.157813  	0.375   
49 	25    	0.261688 	0.178906  	0.346094
50 	25    	0.24325  	0.146875  	0.378125
51 	25    	0.247187 	0.171875  	0.320312
52 	25    	0.268063 	0.18125   	0.36875 
53 	25    	0.252156 	0.132812  	0.39375 
54 	25    	0.241688 	0.164844  	0.3     
55 	25    	0.249437 	0.169531  	0.379687
56 	25    	0.212469 	0.0984375 	0.357031
57 	25    	0.213906 	0.132812  	0.321094
58 	25    	0.236063 	0.0984375 	0.400781
59 	25    	0.265812 	0.163281  	0.350781
60 	25    	0.228125 	0.06875   	0.379687
61 	25    	0.2555   	0.170312  	0.359375
62 	25    	0.24975  	0.179688  	0.332812
63 	25    	0.2585   	0.130469  	0.379687
64 	25    	0.257687 	0.16875   	0.360938
65 	25    	0.260531 	0.126563  	0.398438
66 	25    	0.273031 	0.150781  	0.372656
67 	25    	0.291313 	0.171094  	0.463281
68 	25    	0.289094 	0.194531  	0.396875
69 	25    	0.274188 	0.204688  	0.371094
70 	25    	0.268875 	0.192188  	0.373437
71 	25    	0.26625  	0.164844  	0.360156
72 	25    	0.260688 	0.176563  	0.354688
73 	25    	0.266312 	0.202344  	0.378906
74 	25    	0.270812 	0.18125   	0.377344
75 	25    	0.263625 	0.173438  	0.385156
76 	25    	0.277938 	0.192188  	0.398438
77 	25    	0.256438 	0.18125   	0.332812
78 	25    	0.260688 	0.180469  	0.378906
79 	25    	0.261969 	0.1875    	0.371094
80 	25    	0.274187 	0.161719  	0.371875
81 	25    	0.243156 	0.142188  	0.375781
82 	25    	0.266812 	0.185937  	0.420312
83 	25    	0.26175  	0.114063  	0.426562
84 	25    	0.28     	0.180469  	0.403906
85 	25    	0.286812 	0.195312  	0.426562
86 	25    	0.262812 	0.19375   	0.344531
87 	25    	0.2805   	0.199219  	0.399219
88 	25    	0.283781 	0.164062  	0.485156
89 	25    	0.270188 	0.194531  	0.407031
90 	25    	0.285969 	0.170312  	0.425   
91 	25    	0.263    	0.157031  	0.394531
92 	25    	0.283094 	0.160938  	0.372656
93 	25    	0.275281 	0.15      	0.416406
94 	25    	0.273625 	0.175781  	0.435937
95 	25    	0.257    	0.18125   	0.357031
96 	25    	0.293625 	0.228906  	0.422656
97 	25    	0.286031 	0.1375    	0.480469
98 	25    	0.285094 	0.15      	0.396094
99 	25    	0.287938 	0.154687  	0.410937
100	25    	0.262781 	0.141406  	0.377344
101	25    	0.270687 	0.189844  	0.377344
102	25    	0.273594 	0.172656  	0.357812
103	25    	0.266125 	0.188281  	0.3625  
104	25    	0.276687 	0.175     	0.435156
105	25    	0.278375 	0.196875  	0.413281
106	25    	0.279469 	0.152344  	0.480469
107	25    	0.284187 	0.205469  	0.39375 
108	25    	0.267719 	0.171875  	0.3625  
109	25    	0.25725  	0.10625   	0.415625
110	25    	0.292969 	0.164062  	0.420312
111	25    	0.268625 	0.210938  	0.33125 
112	25    	0.285531 	0.175781  	0.409375
113	25    	0.29525  	0.18125   	0.417969
114	25    	0.288031 	0.173438  	0.40625 
115	25    	0.267281 	0.126563  	0.396875
116	25    	0.270406 	0.15      	0.380469
117	25    	0.275906 	0.167969  	0.4     
118	25    	0.293125 	0.160156  	0.439063
119	25    	0.269594 	0.175781  	0.360938
120	25    	0.255719 	0.161719  	0.364844
121	25    	0.2635   	0.135937  	0.353125
122	25    	0.263406 	0.202344  	0.374219
123	25    	0.278406 	0.184375  	0.425   
124	25    	0.271844 	0.192188  	0.385156
125	25    	0.290031 	0.194531  	0.382812
126	25    	0.292562 	0.197656  	0.438281
127	25    	0.273625 	0.135156  	0.360938
128	25    	0.267156 	0.177344  	0.357812
129	25    	0.270469 	0.161719  	0.363281
130	25    	0.264937 	0.158594  	0.43125 
131	25    	0.302719 	0.192969  	0.478125
132	25    	0.2725   	0.178125  	0.365625
133	25    	0.293281 	0.170312  	0.428906
134	25    	0.271156 	0.161719  	0.39375 
135	25    	0.273219 	0.160938  	0.436719
136	25    	0.273625 	0.166406  	0.39375 
137	25    	0.284938 	0.215625  	0.417188
138	25    	0.274313 	0.160938  	0.491406
139	25    	0.273125 	0.183594  	0.4     
140	25    	0.270406 	0.189844  	0.403125
141	25    	0.276812 	0.170312  	0.396094
142	25    	0.291906 	0.160938  	0.40625 
143	25    	0.28475  	0.196094  	0.398438
144	25    	0.279563 	0.165625  	0.472656
145	25    	0.290625 	0.201562  	0.408594
146	25    	0.288125 	0.130469  	0.4375  
147	25    	0.279531 	0.176563  	0.400781
148	25    	0.284781 	0.155469  	0.532812
149	25    	0.310438 	0.169531  	0.419531
150	25    	0.291938 	0.175     	0.374219
151	25    	0.266531 	0.178906  	0.367969
152	25    	0.264375 	0.161719  	0.364844
153	25    	0.269063 	0.140625  	0.383594
154	25    	0.280156 	0.165625  	0.461719
155	25    	0.268406 	0.138281  	0.446875
156	25    	0.276156 	0.184375  	0.397656
157	25    	0.277438 	0.196094  	0.371875
158	25    	0.286031 	0.159375  	0.425   
159	25    	0.288031 	0.141406  	0.377344
160	25    	0.292313 	0.194531  	0.41875 
161	25    	0.293219 	0.185937  	0.401563
162	25    	0.293094 	0.220313  	0.453125
163	25    	0.276719 	0.14375   	0.442969
164	25    	0.296031 	0.201562  	0.404687
165	25    	0.287031 	0.177344  	0.428125
166	25    	0.272594 	0.16875   	0.410937
167	25    	0.276937 	0.171875  	0.397656
168	25    	0.257875 	0.147656  	0.354688
169	25    	0.276062 	0.178906  	0.35625 
170	25    	0.279375 	0.149219  	0.429688
171	25    	0.257719 	0.174219  	0.375   
172	25    	0.287625 	0.2125    	0.428906
173	25    	0.277937 	0.183594  	0.377344
174	25    	0.283969 	0.1625    	0.482031
175	25    	0.267594 	0.139844  	0.457812
176	25    	0.283719 	0.171094  	0.45625 
177	25    	0.27775  	0.16875   	0.395312
178	25    	0.277562 	0.139844  	0.419531
179	25    	0.259563 	0.186719  	0.3875  
180	25    	0.272625 	0.189063  	0.414062
181	25    	0.258844 	0.163281  	0.375781
182	25    	0.277344 	0.182031  	0.423438
183	25    	0.295844 	0.159375  	0.45625 
184	25    	0.285406 	0.202344  	0.40625 
185	25    	0.288219 	0.215625  	0.382812
186	25    	0.287563 	0.2125    	0.407813
187	25    	0.298031 	0.172656  	0.432031
188	25    	0.300969 	0.196875  	0.557813
189	25    	0.315687 	0.191406  	0.513281
190	25    	0.293437 	0.189063  	0.438281
191	25    	0.287875 	0.117969  	0.470313
192	25    	0.296094 	0.164062  	0.390625
193	25    	0.307406 	0.201562  	0.426562
194	25    	0.28675  	0.178125  	0.440625
195	25    	0.272125 	0.160156  	0.405469
196	25    	0.297656 	0.154687  	0.425   
197	25    	0.296281 	0.167969  	0.448438
198	25    	0.285625 	0.174219  	0.421875
199	25    	0.295156 	0.171875  	0.391406
200	25    	0.300594 	0.185937  	0.416406
201	25    	0.280125 	0.182031  	0.4     
202	25    	0.301156 	0.18125   	0.450781
203	25    	0.273563 	0.174219  	0.489844
204	25    	0.299031 	0.158594  	0.415625
205	25    	0.291156 	0.157031  	0.442187
206	25    	0.311281 	0.203125  	0.451562
207	25    	0.303187 	0.171875  	0.448438
208	25    	0.282437 	0.208594  	0.438281
209	25    	0.291812 	0.196094  	0.448438
210	25    	0.313125 	0.225781  	0.465625
211	25    	0.302156 	0.197656  	0.446094
212	25    	0.297906 	0.196094  	0.396875
213	25    	0.295469 	0.215625  	0.459375
214	25    	0.306375 	0.19375   	0.447656
215	25    	0.320594 	0.196094  	0.450781
216	25    	0.315438 	0.208594  	0.425   
217	25    	0.321062 	0.204688  	0.494531
218	25    	0.294781 	0.141406  	0.409375
219	25    	0.307625 	0.139844  	0.478906
220	25    	0.283312 	0.203906  	0.374219
221	25    	0.309406 	0.203906  	0.414844
222	25    	0.306781 	0.207031  	0.470313
223	25    	0.322156 	0.216406  	0.492969
224	25    	0.328156 	0.167969  	0.459375
225	25    	0.321406 	0.170312  	0.438281
226	25    	0.288062 	0.180469  	0.386719
227	25    	0.290094 	0.202344  	0.542188
228	25    	0.279875 	0.152344  	0.436719
229	25    	0.278812 	0.117188  	0.391406
230	25    	0.263969 	0.169531  	0.383594
231	25    	0.261625 	0.150781  	0.360156
232	25    	0.286875 	0.203906  	0.439844
233	25    	0.311437 	0.184375  	0.425   
234	25    	0.309    	0.154687  	0.441406
235	25    	0.289094 	0.1875    	0.413281
236	25    	0.30325  	0.20625   	0.503125
237	25    	0.286719 	0.148438  	0.384375
238	25    	0.317437 	0.155469  	0.457031
239	25    	0.293719 	0.177344  	0.421094
240	25    	0.307906 	0.2       	0.415625
241	25    	0.273656 	0.189063  	0.379687
242	25    	0.297031 	0.160938  	0.508594
243	25    	0.2975   	0.219531  	0.408594
244	25    	0.305031 	0.15625   	0.401563
245	25    	0.284031 	0.199219  	0.413281
246	25    	0.294688 	0.171875  	0.428906
247	25    	0.306875 	0.219531  	0.4375  
248	25    	0.308    	0.203125  	0.4875  
249	25    	0.309625 	0.177344  	0.471094
250	25    	0.3085   	0.221875  	0.407031
251	25    	0.297938 	0.191406  	0.395312
252	25    	0.299344 	0.2       	0.452344
253	25    	0.289062 	0.196094  	0.399219
254	25    	0.292313 	0.173438  	0.389844
255	25    	0.3055   	0.169531  	0.520312
256	25    	0.320344 	0.255469  	0.438281
257	25    	0.29575  	0.160156  	0.439844
258	25    	0.284562 	0.140625  	0.46875 
259	25    	0.298812 	0.128125  	0.428125
260	25    	0.341937 	0.225     	0.559375
261	25    	0.309031 	0.184375  	0.439063
262	25    	0.333281 	0.185156  	0.517187
263	25    	0.311594 	0.197656  	0.445312
264	25    	0.297875 	0.219531  	0.43125 
265	25    	0.276656 	0.1625    	0.382812
266	25    	0.302563 	0.220313  	0.453125
267	25    	0.303375 	0.195312  	0.404687
268	25    	0.311969 	0.1625    	0.4375  
269	25    	0.302563 	0.16875   	0.464844
270	25    	0.304406 	0.2125    	0.472656
271	25    	0.292906 	0.203906  	0.359375
272	25    	0.307062 	0.192188  	0.478906
273	25    	0.302844 	0.178125  	0.483594
274	25    	0.309437 	0.189063  	0.40625 
275	25    	0.293812 	0.182812  	0.419531
276	25    	0.312187 	0.211719  	0.467187
277	25    	0.310875 	0.203906  	0.421875
278	25    	0.292938 	0.207031  	0.495313
279	25    	0.300719 	0.207813  	0.445312
280	25    	0.293938 	0.177344  	0.491406
281	25    	0.284625 	0.198437  	0.370313
282	25    	0.282031 	0.178125  	0.39375 
283	25    	0.314969 	0.185156  	0.508594
284	25    	0.281125 	0.1625    	0.40625 
285	25    	0.307813 	0.217187  	0.460938
286	25    	0.276312 	0.197656  	0.400781
287	25    	0.281844 	0.175781  	0.400781
288	25    	0.284844 	0.189063  	0.451562
289	25    	0.272188 	0.191406  	0.364844
290	25    	0.2775   	0.148438  	0.414844
291	25    	0.296875 	0.215625  	0.4625  
292	25    	0.281531 	0.157813  	0.45    
293	25    	0.3005   	0.189844  	0.471094
294	25    	0.303781 	0.177344  	0.410937
295	25    	0.317094 	0.197656  	0.526563
296	25    	0.322094 	0.167969  	0.435156
297	25    	0.287656 	0.196875  	0.407031
298	25    	0.297312 	0.217969  	0.390625
299	25    	0.291844 	0.136719  	0.4     
300	25    	0.282406 	0.178125  	0.439063
301	25    	0.284875 	0.189063  	0.420312
302	25    	0.325187 	0.203906  	0.535937
303	25    	0.308094 	0.185156  	0.446094
304	25    	0.272    	0.15      	0.389062
305	25    	0.290469 	0.192188  	0.4625  
306	25    	0.302    	0.172656  	0.397656
307	25    	0.318656 	0.127344  	0.424219
308	25    	0.303094 	0.189063  	0.400781
309	25    	0.317375 	0.190625  	0.467187
310	25    	0.337813 	0.197656  	0.489062
311	25    	0.327438 	0.20625   	0.422656
312	25    	0.343625 	0.216406  	0.432031
313	25    	0.311844 	0.167969  	0.433594
314	25    	0.297187 	0.213281  	0.416406
315	25    	0.295656 	0.185156  	0.450781
316	25    	0.323437 	0.221094  	0.49375 
317	25    	0.307031 	0.183594  	0.444531
318	25    	0.299469 	0.195312  	0.383594
319	25    	0.302531 	0.185156  	0.392969
320	25    	0.29325  	0.207813  	0.43125 
321	25    	0.296937 	0.202344  	0.430469
322	25    	0.296469 	0.16875   	0.446875
323	25    	0.306031 	0.217187  	0.453125
324	25    	0.310031 	0.190625  	0.479688
325	25    	0.303594 	0.219531  	0.44375 
326	25    	0.285531 	0.173438  	0.492188
327	25    	0.312    	0.202344  	0.416406
328	25    	0.307375 	0.161719  	0.525781
329	25    	0.308344 	0.201562  	0.435937
330	25    	0.324094 	0.240625  	0.407031
331	25    	0.288844 	0.197656  	0.475   
332	25    	0.277219 	0.160938  	0.35625 
333	25    	0.320656 	0.208594  	0.496875
334	25    	0.283344 	0.1625    	0.439844
335	25    	0.291531 	0.177344  	0.390625
336	25    	0.315469 	0.1625    	0.485156
337	25    	0.322781 	0.227344  	0.489062
338	25    	0.291125 	0.150781  	0.4125  
339	25    	0.306    	0.192188  	0.5125  
340	25    	0.294906 	0.178906  	0.396875
341	25    	0.287969 	0.190625  	0.390625
342	25    	0.308344 	0.1375    	0.494531
343	25    	0.319094 	0.182812  	0.522656
344	25    	0.295031 	0.129688  	0.4875  
345	25    	0.329031 	0.240625  	0.439063
346	25    	0.305812 	0.158594  	0.485938
347	25    	0.284844 	0.180469  	0.384375
348	25    	0.29425  	0.150781  	0.385938
349	25    	0.309344 	0.160938  	0.485156
350	25    	0.305937 	0.1875    	0.519531
351	25    	0.291219 	0.145313  	0.44375 
352	25    	0.318781 	0.221094  	0.455469
353	25    	0.308687 	0.121094  	0.413281
354	25    	0.280906 	0.176563  	0.421875
355	25    	0.319844 	0.190625  	0.503125
356	25    	0.3085   	0.219531  	0.423438
357	25    	0.322844 	0.214844  	0.453125
358	25    	0.303031 	0.19375   	0.428906
359	25    	0.2995   	0.185937  	0.396875
360	25    	0.305062 	0.203906  	0.520312
361	25    	0.322813 	0.225781  	0.514063
362	25    	0.304625 	0.21875   	0.447656
363	25    	0.328156 	0.229687  	0.45    
364	25    	0.317875 	0.214062  	0.397656
365	25    	0.320031 	0.19375   	0.435156
366	25    	0.322375 	0.227344  	0.483594
367	25    	0.321063 	0.220313  	0.504687
368	25    	0.310094 	0.224219  	0.472656
369	25    	0.298594 	0.192188  	0.438281
370	25    	0.294938 	0.177344  	0.395312
371	25    	0.28125  	0.189063  	0.439844
372	25    	0.301312 	0.202344  	0.438281
373	25    	0.316125 	0.220313  	0.546094
374	25    	0.305563 	0.202344  	0.514844
375	25    	0.339938 	0.224219  	0.429688
376	25    	0.306281 	0.161719  	0.50625 
377	25    	0.307531 	0.196875  	0.482812
378	25    	0.330844 	0.209375  	0.499219
379	25    	0.331281 	0.217969  	0.448438
380	25    	0.296031 	0.174219  	0.409375
381	25    	0.340687 	0.228125  	0.539844
382	25    	0.310344 	0.184375  	0.453125
383	25    	0.335219 	0.166406  	0.488281
384	25    	0.323312 	0.166406  	0.410937
385	25    	0.317094 	0.192969  	0.489844
386	25    	0.3175   	0.164062  	0.425781
387	25    	0.320281 	0.182031  	0.479688
388	25    	0.319031 	0.184375  	0.399219
389	25    	0.320594 	0.15625   	0.478906
390	25    	0.339656 	0.225     	0.478906
391	25    	0.309375 	0.209375  	0.434375
392	25    	0.298875 	0.128125  	0.446094
393	25    	0.306844 	0.202344  	0.450781
394	25    	0.356437 	0.250781  	0.490625
395	25    	0.322625 	0.191406  	0.498437
396	25    	0.345563 	0.246875  	0.510156
397	25    	0.350531 	0.192188  	0.467969
398	25    	0.327094 	0.228906  	0.420312
399	25    	0.322188 	0.230469  	0.419531
400	25    	0.330906 	0.19375   	0.501562
401	25    	0.35425  	0.232812  	0.473437
402	25    	0.341594 	0.214844  	0.461719
403	25    	0.319437 	0.201562  	0.469531
404	25    	0.349906 	0.223438  	0.532812
405	25    	0.3135   	0.203125  	0.447656
406	25    	0.333781 	0.216406  	0.489062
407	25    	0.314719 	0.153906  	0.467969
408	25    	0.33525  	0.232812  	0.453906
409	25    	0.3475   	0.245312  	0.533594
410	25    	0.324563 	0.166406  	0.510156
411	25    	0.354    	0.211719  	0.45625 
412	25    	0.353062 	0.199219  	0.454688
413	25    	0.367406 	0.20625   	0.476562
414	25    	0.331031 	0.171875  	0.471875
415	25    	0.368437 	0.246094  	0.508594
416	25    	0.321281 	0.160938  	0.509375
417	25    	0.361375 	0.199219  	0.547656
418	25    	0.334562 	0.230469  	0.478125
419	25    	0.358969 	0.255469  	0.521094
420	25    	0.35275  	0.221094  	0.475   
421	25    	0.336938 	0.196875  	0.455469
422	25    	0.34575  	0.223438  	0.471094
423	25    	0.353688 	0.179688  	0.549219
424	25    	0.33375  	0.219531  	0.523438
425	25    	0.325094 	0.214844  	0.464844
426	25    	0.338375 	0.172656  	0.514844
427	25    	0.364656 	0.174219  	0.520312
428	25    	0.357875 	0.186719  	0.5375  
429	25    	0.32425  	0.19375   	0.419531
430	25    	0.335875 	0.214062  	0.442969
431	25    	0.337906 	0.182812  	0.477344
432	25    	0.3605   	0.292969  	0.4625  
433	25    	0.356469 	0.25      	0.510156
434	25    	0.338312 	0.2       	0.505469
435	25    	0.33525  	0.2       	0.516406
436	25    	0.325563 	0.232812  	0.439844
437	25    	0.357375 	0.216406  	0.549219
438	25    	0.373719 	0.240625  	0.54375 
439	25    	0.331375 	0.217187  	0.53125 
440	25    	0.347312 	0.194531  	0.564844
441	25    	0.32425  	0.157813  	0.528906
442	25    	0.356906 	0.217969  	0.511719
443	25    	0.347406 	0.239063  	0.534375
444	25    	0.372563 	0.21875   	0.517187
445	25    	0.335375 	0.214062  	0.4875  
446	25    	0.357969 	0.211719  	0.575   
447	25    	0.363563 	0.2125    	0.483594
448	25    	0.333719 	0.153906  	0.509375
449	25    	0.35925  	0.244531  	0.525   
450	25    	0.372812 	0.225     	0.511719
451	25    	0.333094 	0.228906  	0.48125 
452	25    	0.3055   	0.178906  	0.482812
453	25    	0.337813 	0.214062  	0.463281
454	25    	0.338438 	0.263281  	0.454688
455	25    	0.330969 	0.191406  	0.489062
456	25    	0.351344 	0.217187  	0.522656
457	25    	0.360625 	0.250781  	0.55625 
458	25    	0.337031 	0.164844  	0.48125 
459	25    	0.346719 	0.197656  	0.465625
460	25    	0.315625 	0.18125   	0.4875  
461	25    	0.351156 	0.255469  	0.478906
462	25    	0.332469 	0.160156  	0.454688
463	25    	0.314625 	0.200781  	0.475781
464	25    	0.31675  	0.203125  	0.439844
465	25    	0.331031 	0.242969  	0.498437
466	25    	0.350031 	0.239844  	0.575   
467	25    	0.314406 	0.214062  	0.48125 
468	25    	0.37275  	0.25625   	0.458594
469	25    	0.343719 	0.253125  	0.433594
470	25    	0.33175  	0.210156  	0.534375
471	25    	0.346125 	0.20625   	0.521094
472	25    	0.339375 	0.199219  	0.507812
473	25    	0.372062 	0.185156  	0.509375
474	25    	0.330437 	0.223438  	0.516406
475	25    	0.343844 	0.229687  	0.454688
476	25    	0.371844 	0.234375  	0.655469
477	25    	0.349656 	0.242969  	0.467187
478	25    	0.3305   	0.216406  	0.457031
479	25    	0.349313 	0.246875  	0.515625
480	25    	0.343125 	0.196094  	0.503125
481	25    	0.343406 	0.182031  	0.49375 
482	25    	0.347031 	0.245312  	0.533594
483	25    	0.351812 	0.247656  	0.476562
484	25    	0.356656 	0.255469  	0.520312
485	25    	0.345562 	0.201562  	0.525781
486	25    	0.359    	0.210156  	0.467187
487	25    	0.354875 	0.233594  	0.501562
488	25    	0.344469 	0.200781  	0.478125
489	25    	0.329531 	0.210156  	0.499219
490	25    	0.344094 	0.219531  	0.514063
491	25    	0.346031 	0.241406  	0.530469
492	25    	0.320906 	0.208594  	0.514063
493	25    	0.347719 	0.183594  	0.500781
494	25    	0.320687 	0.221094  	0.46875 
495	25    	0.351875 	0.195312  	0.479688
496	25    	0.322031 	0.236719  	0.460156
497	25    	0.365062 	0.236719  	0.555469
498	25    	0.354469 	0.192188  	0.532812
499	25    	0.351031 	0.239063  	0.592969
500	25    	0.341344 	0.209375  	0.484375
501	25    	0.344688 	0.217187  	0.498437
502	25    	0.352781 	0.230469  	0.514063
503	25    	0.34125  	0.185937  	0.466406
504	25    	0.328563 	0.210938  	0.546094
505	25    	0.357281 	0.260156  	0.451562
506	25    	0.335125 	0.247656  	0.405469
507	25    	0.326812 	0.160938  	0.44375 
508	25    	0.350219 	0.264844  	0.54375 
509	25    	0.337188 	0.204688  	0.528125
510	25    	0.331562 	0.21875   	0.447656
511	25    	0.323594 	0.221875  	0.440625
512	25    	0.347719 	0.214062  	0.48125 
513	25    	0.3515   	0.195312  	0.505469
514	25    	0.326688 	0.210938  	0.439063
515	25    	0.334687 	0.152344  	0.465625
516	25    	0.32325  	0.197656  	0.525781
517	25    	0.364594 	0.255469  	0.545313
518	25    	0.334156 	0.2       	0.509375
519	25    	0.322437 	0.198437  	0.445312
520	25    	0.321656 	0.200781  	0.488281
521	25    	0.328031 	0.2       	0.461719
522	25    	0.324813 	0.24375   	0.439063
523	25    	0.344    	0.2375    	0.442969
524	25    	0.306969 	0.167187  	0.400781
525	25    	0.335844 	0.25625   	0.428906
526	25    	0.361687 	0.228906  	0.610937
527	25    	0.319969 	0.203906  	0.489062
528	25    	0.317594 	0.220313  	0.45625 
529	25    	0.311906 	0.191406  	0.451562
530	25    	0.316156 	0.204688  	0.446875
531	25    	0.329469 	0.208594  	0.514063
532	25    	0.328031 	0.171094  	0.496094
533	25    	0.323719 	0.210156  	0.458594
534	25    	0.33625  	0.197656  	0.514063
535	25    	0.303438 	0.180469  	0.414062
536	25    	0.317625 	0.164844  	0.44375 
537	25    	0.332781 	0.199219  	0.473437
538	25    	0.322094 	0.210156  	0.453125
539	25    	0.295844 	0.208594  	0.366406
540	25    	0.314719 	0.201562  	0.492969
541	25    	0.323531 	0.194531  	0.530469
542	25    	0.331375 	0.16875   	0.478906
543	25    	0.333531 	0.175781  	0.559375
544	25    	0.337125 	0.228125  	0.478125
545	25    	0.37325  	0.277344  	0.652344
546	25    	0.340125 	0.244531  	0.439844
547	25    	0.321563 	0.189063  	0.439063
548	25    	0.351469 	0.248437  	0.565625
549	25    	0.323531 	0.244531  	0.554688
550	25    	0.309469 	0.220313  	0.43125 
551	25    	0.333687 	0.170312  	0.457031
552	25    	0.321344 	0.200781  	0.461719
553	25    	0.329187 	0.211719  	0.445312
554	25    	0.338062 	0.223438  	0.524219
555	25    	0.312688 	0.199219  	0.452344
556	25    	0.343688 	0.182031  	0.430469
557	25    	0.3475   	0.200781  	0.548437
558	25    	0.331281 	0.2       	0.435156
559	25    	0.313219 	0.211719  	0.422656
560	25    	0.347625 	0.232031  	0.485156
561	25    	0.343156 	0.164844  	0.582812
562	25    	0.331219 	0.169531  	0.432031
563	25    	0.309781 	0.210938  	0.414062
564	25    	0.32225  	0.215625  	0.553906
565	25    	0.368375 	0.235156  	0.558594
566	25    	0.339812 	0.209375  	0.507812
567	25    	0.368437 	0.228125  	0.513281
568	25    	0.305937 	0.190625  	0.467187
569	25    	0.311656 	0.200781  	0.426562
570	25    	0.310969 	0.222656  	0.488281
571	25    	0.318813 	0.185937  	0.453906
572	25    	0.306094 	0.217969  	0.449219
573	25    	0.323719 	0.25625   	0.478906
574	25    	0.318156 	0.150781  	0.565625
575	25    	0.303938 	0.192969  	0.426562
576	25    	0.318969 	0.207031  	0.467187
577	25    	0.324844 	0.199219  	0.523438
578	25    	0.323969 	0.219531  	0.527344
579	25    	0.332594 	0.225781  	0.451562
580	25    	0.323813 	0.16875   	0.436719
581	25    	0.352688 	0.227344  	0.459375
582	25    	0.346937 	0.245312  	0.517187
583	25    	0.292375 	0.192188  	0.391406
584	25    	0.31725  	0.213281  	0.496094
585	25    	0.314781 	0.225     	0.528906
586	25    	0.30675  	0.148438  	0.476562
587	25    	0.323312 	0.249219  	0.420312
588	25    	0.335906 	0.241406  	0.44375 
589	25    	0.311812 	0.217187  	0.503906
590	25    	0.327938 	0.214062  	0.5375  
591	25    	0.316219 	0.242969  	0.411719
592	25    	0.3185   	0.196875  	0.480469
593	25    	0.303844 	0.189844  	0.475781
594	25    	0.340125 	0.225     	0.511719
595	25    	0.350625 	0.205469  	0.508594
596	25    	0.339156 	0.225     	0.541406
597	25    	0.333344 	0.200781  	0.455469
598	25    	0.321281 	0.221875  	0.502344
599	25    	0.34325  	0.233594  	0.516406
600	25    	0.317781 	0.182812  	0.502344
601	25    	0.329062 	0.211719  	0.45625 
602	25    	0.326875 	0.239063  	0.519531
603	25    	0.317219 	0.185937  	0.43125 
604	25    	0.347875 	0.213281  	0.471094
605	25    	0.329281 	0.217187  	0.41875 
606	25    	0.308937 	0.207813  	0.396094
607	25    	0.310656 	0.199219  	0.428125
608	25    	0.323906 	0.217187  	0.444531
609	25    	0.340062 	0.246875  	0.457031
610	25    	0.311313 	0.216406  	0.414844
611	25    	0.310719 	0.213281  	0.390625
612	25    	0.328    	0.222656  	0.4625  
613	25    	0.335375 	0.207031  	0.489062
614	25    	0.334469 	0.228906  	0.421875
615	25    	0.32775  	0.203906  	0.449219
616	25    	0.319625 	0.226562  	0.433594
617	25    	0.328062 	0.220313  	0.414062
618	25    	0.316625 	0.195312  	0.45    
619	25    	0.325312 	0.235156  	0.411719
620	25    	0.357937 	0.251563  	0.548437
621	25    	0.350469 	0.195312  	0.560156
622	25    	0.294187 	0.180469  	0.40625 
623	25    	0.330687 	0.220313  	0.490625
624	25    	0.323969 	0.221875  	0.46875 
625	25    	0.331531 	0.2       	0.510156
626	25    	0.332844 	0.251563  	0.519531
627	25    	0.2945   	0.192188  	0.410156
628	25    	0.299313 	0.176563  	0.463281
629	25    	0.32225  	0.146875  	0.489062
630	25    	0.317125 	0.198437  	0.396094
631	25    	0.33825  	0.245312  	0.525   
632	25    	0.326812 	0.210156  	0.486719
633	25    	0.326719 	0.195312  	0.447656
634	25    	0.330469 	0.182031  	0.488281
635	25    	0.307625 	0.2       	0.445312
636	25    	0.293125 	0.160156  	0.469531
637	25    	0.295375 	0.207813  	0.454688
638	25    	0.348719 	0.225     	0.526563
639	25    	0.299219 	0.208594  	0.446875
640	25    	0.330875 	0.200781  	0.501562
641	25    	0.329125 	0.224219  	0.496094
642	25    	0.310719 	0.214062  	0.417969
643	25    	0.320406 	0.25      	0.426562
644	25    	0.32325  	0.194531  	0.489844
645	25    	0.318313 	0.221875  	0.480469
646	25    	0.336313 	0.21875   	0.483594
647	25    	0.294    	0.166406  	0.4875  
648	25    	0.326687 	0.220313  	0.467187
649	25    	0.325    	0.1875    	0.442187
650	25    	0.350281 	0.238281  	0.536719
651	25    	0.330031 	0.177344  	0.4625  
652	25    	0.326375 	0.241406  	0.426562
653	25    	0.311    	0.166406  	0.3875  
654	25    	0.320469 	0.249219  	0.446094
655	25    	0.318687 	0.185937  	0.445312
656	25    	0.318625 	0.189844  	0.446875
657	25    	0.308781 	0.178906  	0.436719
658	25    	0.309906 	0.246094  	0.414844
659	25    	0.325594 	0.185156  	0.500781
660	25    	0.29175  	0.183594  	0.517187
661	25    	0.322156 	0.20625   	0.441406
662	25    	0.301938 	0.2125    	0.396094
663	25    	0.336156 	0.250781  	0.572656
664	25    	0.299531 	0.147656  	0.510156
665	25    	0.304594 	0.155469  	0.465625
666	25    	0.324531 	0.247656  	0.407031
667	25    	0.314656 	0.219531  	0.53125 
668	25    	0.330875 	0.157813  	0.447656
669	25    	0.310969 	0.195312  	0.435937
670	25    	0.311062 	0.192969  	0.426562
671	25    	0.293906 	0.20625   	0.38125 
672	25    	0.322469 	0.213281  	0.525   
673	25    	0.325281 	0.184375  	0.479688
674	25    	0.325594 	0.225781  	0.401563
675	25    	0.309406 	0.232031  	0.396875
676	25    	0.320281 	0.260938  	0.560156
677	25    	0.32975  	0.257031  	0.539062
678	25    	0.313    	0.221875  	0.428906
679	25    	0.302781 	0.1875    	0.438281
680	25    	0.328969 	0.207813  	0.422656
681	25    	0.307906 	0.221875  	0.48125 
682	25    	0.3165   	0.211719  	0.45    
683	25    	0.314594 	0.204688  	0.452344
684	25    	0.310969 	0.201562  	0.458594
685	25    	0.331313 	0.228906  	0.459375
686	25    	0.320469 	0.198437  	0.403125
687	25    	0.314781 	0.222656  	0.500781
688	25    	0.312719 	0.190625  	0.515625
689	25    	0.324219 	0.253125  	0.517187
690	25    	0.308969 	0.183594  	0.40625 
691	25    	0.308563 	0.169531  	0.447656
692	25    	0.323188 	0.2375    	0.430469
693	25    	0.310781 	0.209375  	0.416406
694	25    	0.302531 	0.191406  	0.454688
695	25    	0.30675  	0.192969  	0.442969
696	25    	0.312375 	0.207813  	0.434375
697	25    	0.306781 	0.177344  	0.492969
698	25    	0.3215   	0.207031  	0.413281
699	25    	0.311375 	0.196094  	0.482812
700	25    	0.316937 	0.188281  	0.470313
701	25    	0.318531 	0.19375   	0.416406
702	25    	0.303719 	0.190625  	0.453125
703	25    	0.300688 	0.221094  	0.411719
704	25    	0.294719 	0.171875  	0.433594
705	25    	0.296875 	0.199219  	0.457031
706	25    	0.30925  	0.164844  	0.516406
707	25    	0.309188 	0.207813  	0.399219
708	25    	0.301875 	0.192188  	0.411719
709	25    	0.317469 	0.171094  	0.492969
710	25    	0.302031 	0.196875  	0.454688
711	25    	0.31575  	0.207813  	0.460938
712	25    	0.319781 	0.197656  	0.446094
713	25    	0.321469 	0.220313  	0.547656
714	25    	0.290594 	0.180469  	0.458594
715	25    	0.313938 	0.192969  	0.447656
716	25    	0.290781 	0.196875  	0.405469
717	25    	0.30325  	0.205469  	0.403125
718	25    	0.30025  	0.19375   	0.45625 
719	25    	0.307875 	0.155469  	0.496094
720	25    	0.29925  	0.165625  	0.45625 
721	25    	0.28725  	0.198437  	0.374219
722	25    	0.313594 	0.185937  	0.420312
723	25    	0.307125 	0.178125  	0.480469
724	25    	0.298625 	0.180469  	0.447656
725	25    	0.321406 	0.232031  	0.433594
726	25    	0.315906 	0.21875   	0.492969
727	25    	0.314531 	0.177344  	0.470313
728	25    	0.30075  	0.182812  	0.390625
729	25    	0.292    	0.188281  	0.400781
730	25    	0.294187 	0.199219  	0.422656
731	25    	0.309156 	0.2       	0.450781
732	25    	0.321125 	0.224219  	0.438281
733	25    	0.31925  	0.235156  	0.50625 
734	25    	0.322437 	0.21875   	0.439063
735	25    	0.310281 	0.188281  	0.490625
736	25    	0.316812 	0.217187  	0.477344
737	25    	0.297844 	0.150781  	0.402344
738	25    	0.32125  	0.244531  	0.455469
739	25    	0.323    	0.2375    	0.450781
740	25    	0.321531 	0.227344  	0.4375  
741	25    	0.311906 	0.211719  	0.471094
742	25    	0.315406 	0.221094  	0.479688
743	25    	0.301188 	0.189844  	0.401563
744	25    	0.314156 	0.219531  	0.401563
745	25    	0.29975  	0.186719  	0.391406
746	25    	0.332281 	0.236719  	0.558594
747	25    	0.298969 	0.185937  	0.452344
748	25    	0.331187 	0.213281  	0.516406
749	25    	0.327719 	0.196875  	0.527344
750	25    	0.312906 	0.217187  	0.420312