gen	nevals	avg      	min       	max     
1  	20    	0.0770312	0         	0.397656
2  	20    	0.064375 	0         	0.232031
3  	20    	0.0580859	0         	0.427344
4  	20    	0.0387891	0         	0.348438
5  	20    	0.128164 	0         	0.605469
6  	20    	0.0751172	0         	0.391406
7  	20    	0.110117 	0         	0.488281
8  	20    	0.17832  	0         	0.699219
9  	20    	0.400469 	0.00546875	0.770312
10 	20    	0.396328 	0         	0.738281
11 	20    	0.447266 	0.00546875	0.794531
12 	20    	0.491836 	0.00078125	0.836719
13 	20    	0.544258 	0.0789062 	0.709375
14 	20    	0.631914 	0.453125  	0.775781
15 	20    	0.560352 	0.194531  	0.792188
16 	20    	0.625117 	0.402344  	0.814844
17 	20    	0.584062 	0.182031  	0.778906
18 	20    	0.518555 	0.0265625 	0.767188
19 	20    	0.636719 	0.472656  	0.801562
20 	20    	0.599062 	0.303125  	0.790625
21 	20    	0.586523 	0.340625  	0.863281
22 	20    	0.603125 	0.425     	0.721094
23 	20    	0.638437 	0.508594  	0.924219
24 	20    	0.587969 	0.175781  	0.785156
25 	20    	0.55582  	0         	0.738281
26 	20    	0.661758 	0.476562  	0.760938
27 	20    	0.573125 	0.416406  	0.789844
28 	20    	0.594805 	0.428125  	0.835156
29 	20    	0.644492 	0.427344  	1       
30 	20    	0.582305 	0.139063  	0.827344
31 	20    	0.535312 	0.108594  	0.684375
32 	20    	0.599961 	0.383594  	0.825781
33 	20    	0.617539 	0.417187  	0.85625 
34 	20    	0.596055 	0.228125  	0.726562
35 	20    	0.560937 	0.0953125 	0.913281
36 	20    	0.64668  	0.469531  	0.769531
37 	20    	0.564531 	0.167187  	0.744531
38 	20    	0.629492 	0.421094  	0.786719
39 	20    	0.643477 	0.444531  	0.825781
40 	20    	0.602031 	0.307812  	0.799219
41 	20    	0.666289 	0.3875    	0.859375
42 	20    	0.603516 	0.35      	0.803125
43 	20    	0.616797 	0.345313  	0.844531
44 	20    	0.640078 	0.453125  	0.814063
45 	20    	0.623125 	0.286719  	0.817969
46 	20    	0.608047 	0.333594  	0.789844
47 	20    	0.628867 	0.441406  	0.794531
48 	20    	0.63375  	0.465625  	0.875   
49 	20    	0.621484 	0.49375   	0.789062
50 	20    	0.63082  	0.38125   	0.78125 
51 	20    	0.569609 	0.336719  	0.80625 
52 	20    	0.607031 	0.452344  	0.815625
53 	20    	0.615625 	0.338281  	0.770312
54 	20    	0.64957  	0.471875  	0.785156
55 	20    	0.607656 	0.451562  	0.802344
56 	20    	0.52168  	0.142187  	0.710938
57 	20    	0.616211 	0.31875   	0.858594
58 	20    	0.602812 	0.230469  	0.784375
59 	20    	0.593398 	0.279687  	0.775781
60 	20    	0.652109 	0.492969  	0.877344
61 	20    	0.578633 	0.303125  	0.758594
62 	20    	0.628242 	0.484375  	0.810156
63 	20    	0.58125  	0.440625  	0.723437
64 	20    	0.616602 	0.496875  	0.769531
65 	20    	0.663594 	0.563281  	0.84375 
66 	20    	0.60707  	0.454688  	0.800781
67 	20    	0.623789 	0.39375   	0.867969
68 	20    	0.586172 	0.345313  	0.764062
69 	20    	0.60375  	0.409375  	0.811719
70 	20    	0.658086 	0.502344  	0.810156
71 	20    	0.659258 	0.458594  	0.889844
72 	20    	0.620117 	0.407813  	0.807813
73 	20    	0.603086 	0.359375  	0.811719
74 	20    	0.604531 	0.3625    	0.815625
75 	20    	0.627773 	0.409375  	0.860938
76 	20    	0.625977 	0.413281  	0.851562
77 	20    	0.623633 	0.334375  	0.876563
78 	20    	0.587266 	0.494531  	0.685937
79 	20    	0.600156 	0.460156  	0.782031
80 	20    	0.671094 	0.474219  	0.847656
81 	20    	0.59582  	0.298438  	0.904687
82 	20    	0.640273 	0.500781  	0.830469
83 	20    	0.614219 	0.495312  	0.760156
84 	20    	0.625664 	0.432031  	0.890625
85 	20    	0.645742 	0.420312  	0.877344
86 	20    	0.625977 	0.446094  	0.796875
87 	20    	0.601172 	0.352344  	0.821094
88 	20    	0.589883 	0.38125   	0.763281
89 	20    	0.636328 	0.38125   	0.805469
90 	20    	0.649727 	0.463281  	0.824219
91 	20    	0.597695 	0.425     	0.775781
92 	20    	0.648867 	0.488281  	0.81875 
93 	20    	0.633945 	0.502344  	0.804688
94 	20    	0.629492 	0.490625  	0.758594
95 	20    	0.627773 	0.424219  	0.826562
96 	20    	0.647305 	0.473438  	0.935937
97 	20    	0.609453 	0.46875   	0.829688
98 	20    	0.612891 	0.457031  	0.851562
99 	20    	0.652891 	0.48125   	0.827344
100	20    	0.625    	0.404687  	0.79375 
101	20    	0.623672 	0.374219  	0.864062
102	20    	0.630742 	0.515625  	0.846875
103	20    	0.633359 	0.388281  	0.813281
104	20    	0.632031 	0.445312  	0.884375
105	20    	0.659141 	0.497656  	0.813281
106	20    	0.630703 	0.4375    	0.816406
107	20    	0.601836 	0.401562  	0.845313
108	20    	0.674023 	0.463281  	0.924219
109	20    	0.660859 	0.454688  	0.795312
110	20    	0.629766 	0.410156  	0.889844
111	20    	0.615859 	0.432812  	0.960156
112	20    	0.633008 	0.479687  	0.846094
113	20    	0.60418  	0.388281  	0.844531
114	20    	0.591641 	0.448437  	0.725   
115	20    	0.655391 	0.474219  	0.857031
116	20    	0.615234 	0.398438  	0.930469
117	20    	0.641523 	0.453906  	0.786719
118	20    	0.622383 	0.409375  	0.817969
119	20    	0.645391 	0.396094  	0.827344
120	20    	0.612812 	0.436719  	0.8375  
121	20    	0.585703 	0.339844  	0.80625 
122	20    	0.644297 	0.428906  	0.939063
123	20    	0.625391 	0.440625  	0.786719
124	20    	0.612227 	0.4125    	0.785937
125	20    	0.63043  	0.360156  	0.894531
126	20    	0.620703 	0.425     	0.851562
127	20    	0.570703 	0.365625  	0.750781
128	20    	0.616367 	0.469531  	0.773438
129	20    	0.668906 	0.532813  	0.892969
130	20    	0.638555 	0.482031  	0.813281
131	20    	0.616133 	0.460156  	0.814063
132	20    	0.605156 	0.446875  	0.7875  
133	20    	0.613789 	0.394531  	0.95625 
134	20    	0.658438 	0.347656  	0.878906
135	20    	0.609687 	0.466406  	0.817187
136	20    	0.65582  	0.375781  	0.845313
137	20    	0.657891 	0.535156  	0.86875 
138	20    	0.631367 	0.403125  	0.817187
139	20    	0.645234 	0.511719  	0.746094
140	20    	0.628945 	0.391406  	0.828125
141	20    	0.603711 	0.480469  	0.696094
142	20    	0.628086 	0.364063  	0.841406
143	20    	0.632109 	0.475781  	0.889844
144	20    	0.609453 	0.445312  	0.814063
145	20    	0.62375  	0.421094  	0.764844
146	20    	0.634766 	0.469531  	0.889062
147	20    	0.599961 	0.365625  	0.78125 
148	20    	0.61207  	0.358594  	0.850781
149	20    	0.626563 	0.464844  	0.857031
150	20    	0.641562 	0.516406  	0.766406
151	20    	0.628945 	0.441406  	0.886719
152	20    	0.642227 	0.385937  	0.822656
153	20    	0.609687 	0.483594  	0.751563
154	20    	0.589102 	0.282031  	0.885156
155	20    	0.596289 	0.354687  	0.835938
156	20    	0.631484 	0.442969  	0.8125  
157	20    	0.626406 	0.417969  	0.778906
158	20    	0.636094 	0.335938  	0.910156
159	20    	0.63793  	0.460156  	0.764062
160	20    	0.605313 	0.439063  	0.778125
161	20    	0.610664 	0.503125  	0.847656
162	20    	0.597383 	0.41875   	0.869531
163	20    	0.633594 	0.434375  	0.873437
164	20    	0.615508 	0.452344  	0.785156
165	20    	0.611367 	0.422656  	0.820312
166	20    	0.601211 	0.391406  	0.8125  
167	20    	0.610977 	0.491406  	0.783594
168	20    	0.599531 	0.457813  	0.721094
169	20    	0.621914 	0.463281  	0.733594
170	20    	0.595586 	0.430469  	0.807813
171	20    	0.634805 	0.448437  	0.827344
172	20    	0.664453 	0.523438  	0.824219
173	20    	0.604453 	0.38125   	0.83125 
174	20    	0.651016 	0.392969  	0.800781
175	20    	0.648789 	0.420312  	0.839063
176	20    	0.61918  	0.482812  	0.810937
177	20    	0.611406 	0.148438  	0.860938
178	20    	0.619883 	0.510156  	0.739844
179	20    	0.655898 	0.486719  	0.832812
180	20    	0.612734 	0.483594  	0.871875
181	20    	0.569609 	0.439063  	0.816406
182	20    	0.648008 	0.390625  	0.907813
183	20    	0.643555 	0.4625    	0.873437
184	20    	0.668164 	0.451562  	0.809375
185	20    	0.621094 	0.489844  	0.805469
186	20    	0.612461 	0.391406  	0.870313
187	20    	0.655664 	0.503906  	0.7875  
188	20    	0.58457  	0.370312  	0.75625 
189	20    	0.587734 	0.410156  	0.709375
190	20    	0.591992 	0.357812  	0.782813
191	20    	0.53625  	0.149219  	0.721094
192	20    	0.613281 	0.335938  	0.8125  
193	20    	0.576875 	0.340625  	0.785156
194	20    	0.635352 	0.388281  	0.870313
195	20    	0.638125 	0.485156  	0.846875
196	20    	0.636055 	0.473438  	0.81875 
197	20    	0.613555 	0.448437  	0.780469
198	20    	0.592695 	0.332813  	0.808594
199	20    	0.641094 	0.4125    	0.81875 
200	20    	0.634414 	0.477344  	0.742969
201	20    	0.643164 	0.515625  	0.815625
202	20    	0.606133 	0.432031  	0.742969
203	20    	0.62207  	0.471875  	0.7375  
204	20    	0.604727 	0.388281  	0.889062
205	20    	0.616172 	0.44375   	0.869531
206	20    	0.586797 	0.402344  	0.764844
207	20    	0.639609 	0.448437  	0.788281
208	20    	0.62668  	0.428125  	0.910156
209	20    	0.617109 	0.316406  	0.928906
210	20    	0.631641 	0.417187  	0.900781
211	20    	0.609648 	0.427344  	0.729688
212	20    	0.61543  	0.465625  	0.820312
213	20    	0.626484 	0.386719  	0.785156
214	20    	0.627188 	0.5       	0.796875
215	20    	0.598359 	0.383594  	0.804688
216	20    	0.625234 	0.442969  	0.792969
217	20    	0.641992 	0.508594  	0.755469
218	20    	0.655508 	0.447656  	0.834375
219	20    	0.616172 	0.400781  	0.882031
220	20    	0.588789 	0.399219  	0.841406
221	20    	0.591953 	0.463281  	0.771094
222	20    	0.643789 	0.503906  	0.797656
223	20    	0.640586 	0.39375   	0.870313
224	20    	0.621172 	0.409375  	0.771875
225	20    	0.616367 	0.397656  	0.771094
226	20    	0.62332  	0.469531  	0.821875
227	20    	0.631992 	0.479687  	0.8375  
228	20    	0.628203 	0.479687  	0.789062
229	20    	0.618828 	0.436719  	0.835938
230	20    	0.558594 	0.438281  	0.694531
231	20    	0.637813 	0.452344  	0.864844
232	20    	0.573164 	0.334375  	0.75625 
233	20    	0.649531 	0.463281  	0.8375  
234	20    	0.624961 	0.439844  	0.830469
235	20    	0.62582  	0.396094  	0.871875
236	20    	0.642773 	0.497656  	0.835938
237	20    	0.672734 	0.507031  	0.857812
238	20    	0.632695 	0.399219  	0.885156
239	20    	0.634062 	0.471875  	0.825   
240	20    	0.655039 	0.466406  	0.898438
241	20    	0.626992 	0.467969  	0.844531
242	20    	0.648359 	0.511719  	0.810156
243	20    	0.607812 	0.430469  	0.800781
244	20    	0.661406 	0.578906  	0.83125 
245	20    	0.59625  	0.350781  	0.777344
246	20    	0.657734 	0.454688  	0.883594
247	20    	0.604023 	0.352344  	0.841406
248	20    	0.642109 	0.465625  	0.830469
249	20    	0.632773 	0.463281  	0.799219
250	20    	0.602383 	0.340625  	0.852344
251	20    	0.613477 	0.428125  	0.735938
252	20    	0.620742 	0.458594  	0.852344
253	20    	0.630625 	0.475781  	0.748437
254	20    	0.55168  	0.289844  	0.850781
255	20    	0.600781 	0.347656  	0.820312
256	20    	0.586133 	0.35      	0.78125 
257	20    	0.532617 	0.324219  	0.639062
258	20    	0.563711 	0.396875  	0.732031
259	20    	0.564727 	0.33125   	0.794531
260	20    	0.565742 	0.292187  	0.814844
261	20    	0.622461 	0.322656  	0.870313
262	20    	0.593477 	0.483594  	0.733594
263	20    	0.609375 	0.335938  	0.892188
264	20    	0.606875 	0.46875   	0.854688
265	20    	0.624023 	0.305469  	0.801562
266	20    	0.610391 	0.403125  	0.844531
267	20    	0.657031 	0.501563  	0.817187
268	20    	0.66582  	0.49375   	0.889844
269	20    	0.640937 	0.438281  	0.86875 
270	20    	0.607891 	0.473438  	0.739062
271	20    	0.617383 	0.457031  	0.763281
272	20    	0.603164 	0.455469  	0.804688
273	20    	0.605781 	0.389062  	0.911719
274	20    	0.582578 	0.41875   	0.738281
275	20    	0.623281 	0.2375    	0.775   
276	20    	0.64125  	0.414844  	0.813281
277	20    	0.575859 	0.416406  	0.792188
278	20    	0.593906 	0.403906  	0.83125 
279	20    	0.62582  	0.451562  	0.814844
280	20    	0.624453 	0.461719  	0.863281
281	20    	0.61918  	0.411719  	0.798438
282	20    	0.576133 	0.389844  	0.928906
283	20    	0.606875 	0.367969  	0.79375 
284	20    	0.643984 	0.435156  	0.922656
285	20    	0.634531 	0.479687  	0.775   
286	20    	0.648867 	0.507031  	0.891406
287	20    	0.629141 	0.449219  	0.789062
288	20    	0.629023 	0.421094  	0.751563
289	20    	0.643789 	0.448437  	1       
290	20    	0.647227 	0.5       	0.826562
291	20    	0.64918  	0.470313  	0.916406
292	20    	0.625312 	0.420312  	0.867188
293	20    	0.613594 	0.3875    	0.821875
294	20    	0.613867 	0.411719  	0.75625 
295	20    	0.592188 	0.397656  	0.824219
296	20    	0.64     	0.526563  	0.778906
297	20    	0.619844 	0.471875  	0.782813
298	20    	0.659023 	0.428906  	0.810156
299	20    	0.643164 	0.494531  	0.795312
300	20    	0.618242 	0.450781  	0.88125 
301	20    	0.628437 	0.4875    	0.780469
302	20    	0.623047 	0.436719  	0.842187
303	20    	0.690977 	0.48125   	0.911719
304	20    	0.646719 	0.31875   	0.900781
305	20    	0.608008 	0.380469  	0.816406
306	20    	0.59957  	0.1875    	0.902344
307	20    	0.602305 	0.400781  	0.8125  
308	20    	0.599219 	0.461719  	0.890625
309	20    	0.604219 	0.436719  	0.765625
310	20    	0.601992 	0.407813  	0.867969
311	20    	0.64707  	0.464062  	0.878906
312	20    	0.644414 	0.522656  	0.752344
313	20    	0.635898 	0.461719  	0.823438
314	20    	0.637461 	0.4875    	0.826562
315	20    	0.586016 	0.400781  	0.705469
316	20    	0.632188 	0.499219  	0.774219
317	20    	0.551289 	0.334375  	0.746094
318	20    	0.597422 	0.434375  	0.771094
319	20    	0.598437 	0.349219  	0.792969
320	20    	0.64375  	0.50625   	0.807813
321	20    	0.607617 	0.403906  	0.771094
322	20    	0.635547 	0.470313  	0.763281
323	20    	0.584961 	0.446094  	0.789844
324	20    	0.607695 	0.444531  	0.851562
325	20    	0.590742 	0.432812  	0.890625
326	20    	0.630234 	0.442188  	0.972656
327	20    	0.593477 	0.392188  	0.771875
328	20    	0.646758 	0.308594  	0.819531
329	20    	0.640469 	0.492969  	0.782031
330	20    	0.55543  	0.210938  	0.7375  
331	20    	0.578945 	0.425     	0.750781
332	20    	0.638242 	0.415625  	0.888281
333	20    	0.602305 	0.141406  	0.763281
334	20    	0.587031 	0.363281  	0.829688
335	20    	0.602344 	0.470313  	0.803906
336	20    	0.61918  	0.245312  	0.858594
337	20    	0.621367 	0.376563  	0.957031
338	20    	0.665586 	0.374219  	0.8375  
339	20    	0.626445 	0.402344  	0.846094
340	20    	0.622305 	0.455469  	0.795312
341	20    	0.648047 	0.453125  	0.846875
342	20    	0.602656 	0.413281  	0.836719
343	20    	0.626172 	0.398438  	0.93125 
344	20    	0.603555 	0.392969  	0.757031
345	20    	0.633711 	0.485156  	0.785156
346	20    	0.624492 	0.410938  	0.7875  
347	20    	0.625352 	0.40625   	0.846094
348	20    	0.624375 	0.40625   	0.836719
349	20    	0.606328 	0.366406  	0.715625
350	20    	0.658594 	0.522656  	0.800781
351	20    	0.595703 	0.378125  	0.764062
352	20    	0.62457  	0.446875  	0.801562
353	20    	0.619609 	0.454688  	0.853906
354	20    	0.654453 	0.429688  	0.85625 
355	20    	0.648086 	0.478125  	0.790625
356	20    	0.610664 	0.445312  	0.821094
357	20    	0.624883 	0.3875    	0.829688
358	20    	0.640625 	0.439844  	0.814063
359	20    	0.614648 	0.453906  	0.714844
360	20    	0.640898 	0.471094  	0.788281
361	20    	0.6525   	0.509375  	0.842969
362	20    	0.61832  	0.430469  	0.890625
363	20    	0.666406 	0.489844  	0.817969
364	20    	0.61168  	0.453906  	0.747656
365	20    	0.625273 	0.397656  	0.871094
366	20    	0.631367 	0.4125    	0.884375
367	20    	0.634922 	0.457813  	0.799219
368	20    	0.644922 	0.473438  	0.821094
369	20    	0.63082  	0.494531  	0.795312
370	20    	0.647617 	0.424219  	0.852344
371	20    	0.632578 	0.439063  	0.791406
372	20    	0.632969 	0.457813  	0.838281
373	20    	0.625312 	0.439844  	0.876563
374	20    	0.663633 	0.489844  	0.765625
375	20    	0.605664 	0.497656  	0.729688
376	20    	0.625273 	0.508594  	0.889844
377	20    	0.674609 	0.321094  	0.882812
378	20    	0.635977 	0.371875  	0.880469
379	20    	0.634414 	0.519531  	0.810937
380	20    	0.606758 	0.414062  	0.819531
381	20    	0.656641 	0.490625  	0.849219
382	20    	0.638711 	0.4875    	0.859375
383	20    	0.61207  	0.339062  	0.814063
384	20    	0.618281 	0.463281  	0.830469
385	20    	0.628164 	0.3875    	0.782031
386	20    	0.623867 	0.465625  	0.844531
387	20    	0.601836 	0.417187  	0.775781
388	20    	0.623203 	0.414062  	0.863281
389	20    	0.650391 	0.457031  	0.875   
390	20    	0.605    	0.439844  	0.745313
391	20    	0.658164 	0.484375  	0.903125
392	20    	0.634805 	0.485938  	0.828125
393	20    	0.638906 	0.485938  	0.821094
394	20    	0.600977 	0.303125  	0.792188
395	20    	0.651523 	0.447656  	0.859375
396	20    	0.578711 	0.453125  	0.727344
397	20    	0.608047 	0.415625  	0.734375
398	20    	0.617188 	0.467187  	0.839844
399	20    	0.636875 	0.410156  	0.848437
400	20    	0.583906 	0.485938  	0.807031