gen	nevals	avg     	min     	max    
0  	10    	-3.14038	-14.6523	8.94067
1  	10    	6.10735 	-2.53003	18.2463
2  	10    	14.331  	1.83203 	30.9575
3  	10    	30.4813 	14.395  	76.9983
4  	10    	44.2675 	18.0139 	76.9983
5  	10    	32.2101 	13.002  	76.9983
6  	10    	62.266  	23.187  	125.161
7  	10    	85.2227 	16.5649 	125.161
8  	10    	107.301 	8.25366 	125.161
9  	10    	125.161 	125.161 	125.161
10 	10    	125.161 	125.161 	125.161
11 	10    	103.758 	17.2551 	125.161
12 	10    	104.708 	8.38403 	125.161
13 	10    	125.161 	125.161 	125.161
14 	10    	114.128 	14.8306 	125.161
15 	10    	101.572 	7.01514 	125.161
16 	10    	125.161 	125.161 	125.161
17 	10    	115.03  	23.8496 	125.161
18 	10    	125.161 	125.161 	125.161
19 	10    	125.161 	125.161 	125.161
20 	10    	113.726 	10.8152 	125.161
21 	10    	113.737 	10.9214 	125.161
22 	10    	125.161 	125.161 	125.161
23 	10    	114.039 	13.9426 	125.161
24 	10    	114.014 	13.6907 	125.161
25 	10    	125.161 	125.161 	125.161
26 	10    	125.161 	125.161 	125.161
27 	10    	125.161 	125.161 	125.161
28 	10    	100.026 	29.6086 	125.161
29 	10    	113.418 	7.73584 	125.161
30 	10    	125.161 	125.161 	125.161
31 	10    	102.213 	9.62012 	125.161
32 	10    	100.481 	-2.677  	125.161
33 	10    	113.265 	6.19922 	125.161
34 	10    	101.802 	6.49146 	125.161
35 	10    	114.204 	15.594  	125.161
36 	10    	125.161 	125.161 	125.161
37 	10    	113.483 	8.38525 	125.161
38 	10    	113.493 	8.47705 	125.161
39 	10    	125.161 	125.161 	125.161
40 	10    	114.03  	13.8501 	125.161
41 	10    	102.119 	8.13574 	125.161
42 	10    	106.631 	8.35889 	125.161
43 	10    	113.851 	12.062  	125.161
44 	10    	109.709 	6.34351 	125.161
45 	10    	125.161 	125.161 	125.161
46 	10    	114.045 	14.0039 	125.161
47 	10    	114.822 	21.7668 	125.161
48 	10    	125.161 	125.161 	125.161
49 	10    	125.161 	125.161 	125.161
50 	10    	113.739 	10.9417 	125.161
51 	10    	102.426 	7.05688 	125.161
52 	10    	114.693 	20.4792 	125.161
53 	10    	113.425 	7.7981  	125.161
54 	10    	125.161 	125.161 	125.161
55 	10    	114.655 	20.0994 	125.161
56 	10    	93.8514 	11.9502 	125.161
57 	10    	125.161 	125.161 	125.161
58 	10    	104.599 	17.5598 	125.161
59 	10    	103.318 	6.25269 	125.161
60 	10    	125.161 	125.161 	125.161
61 	10    	96.6246 	8.13794 	125.161
62 	10    	125.161 	125.161 	125.161
63 	10    	103.505 	6.71655 	125.161
64 	10    	125.161 	125.161 	125.161
65 	10    	125.161 	125.161 	125.161
66 	10    	102.423 	7.33447 	125.161
67 	10    	125.161 	125.161 	125.161
68 	10    	113.953 	13.0835 	125.161
69 	10    	99.235  	10.2576 	125.161
70 	10    	105.271 	12.1016 	125.161
71 	10    	116.495 	38.4995 	125.161
72 	10    	81.913  	7.14209 	125.161
73 	10    	125.161 	125.161 	125.161
74 	10    	125.161 	125.161 	125.161
75 	10    	104.757 	14.3379 	125.161
76 	10    	100.194 	-8.61646	125.161
77 	10    	125.161 	125.161 	125.161
78 	10    	125.161 	125.161 	125.161
79 	10    	125.161 	125.161 	125.161
80 	10    	115.392 	27.4729 	125.161
81 	10    	113.524 	8.78687 	125.161
82 	10    	90.061  	6.19531 	125.161
83 	10    	125.161 	125.161 	125.161
84 	10    	125.161 	125.161 	125.161
85 	10    	125.161 	125.161 	125.161
86 	10    	125.161 	125.161 	125.161
87 	10    	113.278 	6.33057 	125.161
88 	10    	115.444 	27.9878 	125.161
89 	10    	113.728 	10.8289 	125.161
90 	10    	125.161 	125.161 	125.161
91 	10    	115.218 	25.7302 	125.161
92 	10    	125.161 	125.161 	125.161
93 	10    	114.449 	18.0447 	125.161
94 	10    	105.746 	24.3755 	125.161
95 	10    	113.609 	9.64209 	125.161
96 	10    	102.548 	8.7373  	125.161
97 	10    	125.161 	125.161 	125.161
98 	10    	102.402 	8.74048 	125.161
99 	10    	125.161 	125.161 	125.161
100	10    	125.161 	125.161 	125.161
101	10    	102.327 	6.27344 	125.161
102	10    	125.161 	125.161 	125.161
103	10    	125.161 	125.161 	125.161
104	10    	114.008 	13.6301 	125.161
105	10    	116.295 	36.4971 	125.161
106	10    	125.161 	125.161 	125.161
107	10    	115.4   	27.5479 	125.161
108	10    	114.651 	20.0596 	125.161
109	10    	125.161 	125.161 	125.161
110	10    	113.266 	6.21069 	125.161
111	10    	116.934 	42.8867 	125.161
112	10    	116.334 	36.887  	125.161
113	10    	125.161 	125.161 	125.161
114	10    	125.161 	125.161 	125.161
115	10    	115.637 	29.9192 	125.161
116	10    	125.161 	125.161 	125.161
117	10    	125.161 	125.161 	125.161
118	10    	108.226 	23.2043 	125.161
119	10    	125.161 	125.161 	125.161
120	10    	114.633 	19.8765 	125.161
121	10    	118.527 	58.821  	125.161
122	10    	113.668 	10.2351 	125.161
123	10    	125.161 	125.161 	125.161
124	10    	105.493 	12.1326 	125.161
125	10    	125.161 	125.161 	125.161
126	10    	102.62  	11.6187 	125.161
127	10    	125.161 	125.161 	125.161
128	10    	113.276 	6.30884 	125.161
129	10    	125.161 	125.161 	125.161
130	10    	114.783 	21.3845 	125.161
131	10    	125.161 	125.161 	125.161
132	10    	114.679 	20.3386 	125.161
133	10    	125.161 	125.161 	125.161
134	10    	103.02  	6.15063 	125.161
135	10    	113.738 	10.9275 	125.161
136	10    	113.49  	8.45288 	125.161
137	10    	125.161 	125.161 	125.161
138	10    	105.647 	14.6458 	125.161
139	10    	125.161 	125.161 	125.161
140	10    	113.267 	6.22192 	125.161
141	10    	113.273 	6.28003 	125.161
142	10    	103.465 	14.3308 	125.161
143	10    	116.784 	41.3884 	125.161
144	10    	100.952 	-4.80444	125.161
145	10    	119.219 	13.0344 	177.866
146	10    	119.243 	13.2744 	177.866
147	10    	95.8419 	7.5166  	177.866
148	10    	71.7956 	7.50244 	177.866
149	10    	131.063 	17.5532 	177.866
150	10    	177.866 	177.866 	177.866
151	10    	163.912 	38.3308 	177.866
152	10    	161.078 	9.98828 	177.866
153	10    	177.866 	177.866 	177.866
154	10    	161.826 	17.4644 	177.866
155	10    	177.866 	177.866 	177.866
156	10    	177.866 	177.866 	177.866
157	10    	177.866 	177.866 	177.866
158	10    	177.866 	177.866 	177.866
159	10    	162.403 	23.2332 	177.866
160	10    	132.747 	19.6624 	177.866
161	10    	177.866 	177.866 	177.866
162	10    	177.866 	177.866 	177.866
163	10    	177.866 	177.866 	177.866
164	10    	159.21  	15.2651 	295.293
165	10    	201.351 	177.866 	295.293
166	10    	141.951 	7.33496 	295.293
167	10    	220.694 	18.2178 	295.293
168	10    	239.308 	10.2739 	295.293
169	10    	241.486 	18.9031 	295.293
170	10    	295.293 	295.293 	295.293
171	10    	268.095 	23.3115 	295.293
172	10    	214.257 	17.1707 	295.293
173	10    	268.2   	24.364  	295.293
174	10    	268.725 	29.6157 	295.293
175	10    	267.129 	13.6543 	295.293
176	10    	242.853 	14.3091 	295.293
177	10    	295.293 	295.293 	295.293
178	10    	295.293 	295.293 	295.293
179	10    	295.293 	295.293 	295.293
180	10    	295.293 	295.293 	295.293
181	10    	269.264 	35.0022 	295.293
182	10    	241.141 	12.6804 	295.293
183	10    	269.355 	35.9133 	295.293
184	10    	238.703 	7.41626 	295.293
185	10    	295.293 	295.293 	295.293
186	10    	267.388 	16.2473 	295.293
187	10    	268     	22.3591 	295.293
188	10    	295.293 	295.293 	295.293
189	10    	239.391 	14.3118 	295.293
190	10    	268.397 	26.3342 	295.293
191	10    	295.293 	295.293 	295.293
192	10    	295.293 	295.293 	295.293
193	10    	266.389 	6.24902 	295.293
194	10    	295.293 	295.293 	295.293
195	10    	240.263 	18.9058 	295.293
196	10    	267.729 	19.6494 	295.293
197	10    	269.451 	36.8733 	295.293
198	10    	267.716 	19.5229 	295.293
199	10    	295.293 	295.293 	295.293
200	10    	295.293 	295.293 	295.293
201	10    	295.293 	295.293 	295.293
202	10    	295.293 	295.293 	295.293
203	10    	268.397 	26.3296 	295.293
204	10    	278.878 	131.143 	295.293
205	10    	295.293 	295.293 	295.293
206	10    	239.069 	12.1064 	295.293
207	10    	267.32  	15.5649 	295.293
208	10    	211.039 	12.1521 	295.293
209	10    	269.313 	35.4888 	295.293
210	10    	238.819 	11.5249 	295.293
211	10    	224.73  	29.9976 	295.293
212	10    	295.293 	295.293 	295.293
213	10    	270.266 	45.0234 	295.293
214	10    	295.293 	295.293 	295.293
215	10    	295.293 	295.293 	295.293
216	10    	272.915 	71.5103 	295.293
217	10    	295.293 	295.293 	295.293
218	10    	269.655 	38.9158 	295.293
219	10    	295.293 	295.293 	295.293
220	10    	295.293 	295.293 	295.293
221	10    	295.293 	295.293 	295.293
222	10    	269.501 	37.3743 	295.293
223	10    	295.293 	295.293 	295.293
224	10    	266.848 	10.8406 	295.293
225	10    	238.63  	9.58447 	295.293
226	10    	295.293 	295.293 	295.293
227	10    	214.681 	9.69312 	295.293
228	10    	267.097 	13.3335 	295.293
229	10    	295.293 	295.293 	295.293
230	10    	295.293 	295.293 	295.293
231	10    	260.297 	45.2371 	295.293
232	10    	268.16  	23.9639 	295.293
233	10    	212.655 	9.07324 	295.293
234	10    	295.293 	295.293 	295.293
235	10    	295.293 	295.293 	295.293
236	10    	295.293 	295.293 	295.293
237	10    	295.293 	295.293 	295.293
238	10    	295.293 	295.293 	295.293
239	10    	266.879 	11.1516 	295.293
240	10    	266.734 	9.70776 	295.293
241	10    	251.331 	51.2441 	295.293
242	10    	267.229 	14.6511 	295.293
243	10    	266.887 	11.2283 	295.293
244	10    	295.293 	295.293 	295.293
245	10    	238.757 	10.3242 	295.293
246	10    	212.462 	7.12158 	295.293
247	10    	266.886 	11.2219 	295.293
248	10    	295.293 	295.293 	295.293
249	10    	269.941 	41.7727 	295.293
250	10    	295.293 	295.293 	295.293
251	10    	268.961 	31.9736 	295.293
252	10    	271.477 	57.1309 	295.293
253	10    	267.33  	15.6628 	295.293
254	10    	295.293 	295.293 	295.293
255	10    	295.293 	295.293 	295.293
256	10    	269.504 	37.4026 	295.293
257	10    	266.826 	10.6221 	295.293
258	10    	243.591 	13.9614 	295.293
259	10    	241.741 	22.1018 	295.293
260	10    	242.928 	12.3899 	295.293
261	10    	266.558 	7.93872 	295.293
262	10    	267.285 	15.2097 	295.293
263	10    	266.978 	12.1416 	295.293
264	10    	266.648 	8.84326 	295.293
265	10    	295.293 	295.293 	295.293
266	10    	292.487 	267.234 	295.293
267	10    	268.042 	22.7834 	295.293
268	10    	238.933 	8.76782 	295.293
269	10    	266.944 	11.8032 	295.293
270	10    	266.087 	3.2373  	295.293
271	10    	295.293 	295.293 	295.293
272	10    	295.293 	295.293 	295.293
273	10    	267.466 	17.0188 	295.293
274	10    	295.293 	295.293 	295.293
275	10    	244.473 	25.1462 	295.293
276	10    	295.293 	295.293 	295.293
277	10    	295.293 	295.293 	295.293
278	10    	295.293 	295.293 	295.293
279	10    	295.293 	295.293 	295.293
280	10    	267.616 	18.5278 	295.293
281	10    	295.293 	295.293 	295.293
282	10    	272.231 	64.6689 	295.293
283	10    	272.166 	64.0222 	295.293
284	10    	269.313 	35.4888 	295.293
285	10    	295.293 	295.293 	295.293
286	10    	295.293 	295.293 	295.293
287	10    	267.798 	20.345  	295.293
288	10    	241.171 	24.3101 	295.293
289	10    	268.707 	29.4343 	295.293
290	10    	240.193 	9.0498  	295.293
291	10    	295.293 	295.293 	295.293
292	10    	273.478 	77.1387 	295.293
293	10    	295.293 	295.293 	295.293
294	10    	242.729 	31.4827 	295.293
295	10    	267.858 	20.9387 	295.293
296	10    	272.56  	67.9595 	295.293
297	10    	295.293 	295.293 	295.293
298	10    	295.293 	295.293 	295.293
299	10    	295.293 	295.293 	295.293
300	10    	266.469 	7.04834 	295.293
301	10    	295.293 	295.293 	295.293
302	10    	295.293 	295.293 	295.293
303	10    	267.071 	13.0745 	295.293
304	10    	295.293 	295.293 	295.293
305	10    	295.293 	295.293 	295.293
306	10    	295.293 	295.293 	295.293
307	10    	295.293 	295.293 	295.293
308	10    	239.487 	14.2886 	295.293
309	10    	267.75  	19.8662 	295.293
310	10    	267.453 	16.8911 	295.293
311	10    	267.768 	20.0432 	295.293
312	10    	213.553 	12.1145 	295.293
313	10    	247.017 	33.9065 	295.293
314	10    	295.293 	295.293 	295.293
315	10    	267.588 	18.241  	295.293
316	10    	273.724 	79.6018 	295.293
317	10    	295.293 	295.293 	295.293
318	10    	266.469 	7.0542  	295.293
319	10    	295.293 	295.293 	295.293
320	10    	242.843 	27.1636 	295.293
321	10    	238.342 	9.88525 	295.293
322	10    	266.578 	8.13818 	295.293
323	10    	241.535 	12.7075 	295.293
324	10    	295.293 	295.293 	295.293
325	10    	295.293 	295.293 	295.293
326	10    	295.293 	295.293 	295.293
327	10    	295.293 	295.293 	295.293
328	10    	295.293 	295.293 	295.293
329	10    	255.244 	41.8416 	295.293
330	10    	295.293 	295.293 	295.293
331	10    	295.293 	295.293 	295.293
332	10    	272.092 	63.2871 	295.293
333	10    	238.545 	10.0085 	295.293
334	10    	295.293 	295.293 	295.293
335	10    	295.293 	295.293 	295.293
336	10    	295.293 	295.293 	295.293
337	10    	274.774 	90.1023 	295.293
338	10    	239.263 	14.1169 	295.293
339	10    	295.293 	295.293 	295.293
340	10    	295.293 	295.293 	295.293
341	10    	270.011 	42.4773 	295.293
342	10    	266.67  	9.06616 	295.293
343	10    	295.293 	295.293 	295.293
344	10    	266.961 	11.9751 	295.293
345	10    	267.57  	18.0637 	295.293
346	10    	295.293 	295.293 	295.293
347	10    	248.88  	14.9426 	295.293
348	10    	268.125 	23.6106 	295.293
349	10    	277.555 	117.911 	295.293
350	10    	269.964 	42      	295.293
351	10    	295.293 	295.293 	295.293
352	10    	295.293 	295.293 	295.293
353	10    	266.816 	10.522  	295.293
354	10    	295.293 	295.293 	295.293
355	10    	267.007 	12.4343 	295.293
356	10    	295.293 	295.293 	295.293
357	10    	267.895 	21.3167 	295.293
358	10    	267.356 	15.9258 	295.293
359	10    	267.716 	19.5217 	295.293
360	10    	295.293 	295.293 	295.293
361	10    	266.393 	6.29663 	295.293
362	10    	295.293 	295.293 	295.293
363	10    	267.512 	17.4788 	295.293
364	10    	267.628 	18.6438 	295.293
365	10    	267.124 	13.605  	295.293
366	10    	266.634 	8.70557 	295.293
367	10    	269.032 	32.6851 	295.293
368	10    	241.014 	15.5938 	295.293
369	10    	240.948 	8.78589 	295.293
370	10    	295.293 	295.293 	295.293
371	10    	240.7   	18.6001 	295.293
372	10    	295.293 	295.293 	295.293
373	10    	295.293 	295.293 	295.293
374	10    	268.187 	24.2378 	295.293
375	10    	295.293 	295.293 	295.293
376	10    	295.293 	295.293 	295.293
377	10    	295.293 	295.293 	295.293
378	10    	266.841 	10.7722 	295.293
379	10    	213.452 	8.72827 	295.293
380	10    	295.293 	295.293 	295.293
381	10    	269.604 	38.4038 	295.293
382	10    	295.293 	295.293 	295.293
383	10    	210.983 	9.95679 	295.293
384	10    	295.293 	295.293 	295.293
385	10    	295.293 	295.293 	295.293
386	10    	269.078 	33.1431 	295.293
387	10    	295.293 	295.293 	295.293
388	10    	271.595 	58.3147 	295.293
389	10    	295.293 	295.293 	295.293
390	10    	267.828 	20.6406 	295.293
391	10    	266.827 	10.6326 	295.293
392	10    	295.293 	295.293 	295.293
393	10    	295.293 	295.293 	295.293
394	10    	295.293 	295.293 	295.293
395	10    	295.293 	295.293 	295.293
396	10    	269.502 	37.3787 	295.293
397	10    	280.35  	145.858 	295.293
398	10    	266.786 	10.2219 	295.293
399	10    	279.277 	135.135 	295.293
400	10    	277.625 	118.61  	295.293
401	10    	267.202 	14.3845 	295.293
402	10    	295.293 	295.293 	295.293
403	10    	295.293 	295.293 	295.293
404	10    	268.129 	23.6509 	295.293
405	10    	295.293 	295.293 	295.293
406	10    	295.293 	295.293 	295.293
407	10    	241.211 	21.4131 	295.293
408	10    	267.489 	17.2527 	295.293
409	10    	295.293 	295.293 	295.293
410	10    	267.388 	16.239  	295.293
411	10    	267.252 	14.8855 	295.293
412	10    	295.293 	295.293 	295.293
413	10    	295.293 	295.293 	295.293
414	10    	268.016 	22.5242 	295.293
415	10    	267.585 	18.2131 	295.293
416	10    	295.293 	295.293 	295.293
417	10    	295.293 	295.293 	295.293
418	10    	295.293 	295.293 	295.293
419	10    	268.853 	30.897  	295.293
420	10    	268.18  	24.1621 	295.293
421	10    	267.247 	14.8357 	295.293
422	10    	295.293 	295.293 	295.293
423	10    	295.293 	295.293 	295.293
424	10    	267.794 	20.3057 	295.293
425	10    	267.189 	14.2517 	295.293
426	10    	270.59  	48.2603 	295.293
427	10    	295.293 	295.293 	295.293
428	10    	267.854 	20.9043 	295.293
429	10    	295.293 	295.293 	295.293
430	10    	244.443 	26.7358 	295.293
431	10    	295.293 	295.293 	295.293
432	10    	250.863 	53.1841 	295.293
433	10    	242.553 	19.2834 	295.293
434	10    	269.209 	34.4565 	295.293
435	10    	295.293 	295.293 	295.293
436	10    	211.389 	9.28296 	295.293
437	10    	212.702 	18.9753 	295.293
438	10    	295.293 	295.293 	295.293
439	10    	268.559 	27.95   	295.293
440	10    	213.433 	15.4487 	295.293
441	10    	295.293 	295.293 	295.293
442	10    	295.293 	295.293 	295.293
443	10    	295.293 	295.293 	295.293
444	10    	268.386 	26.2271 	295.293
445	10    	295.293 	295.293 	295.293
446	10    	295.293 	295.293 	295.293
447	10    	267.482 	17.1785 	295.293
448	10    	295.293 	295.293 	295.293
449	10    	295.293 	295.293 	295.293
450	10    	266.97  	12.0659 	295.293
451	10    	295.293 	295.293 	295.293
452	10    	282.775 	170.112 	295.293
453	10    	295.293 	295.293 	295.293
454	10    	295.293 	295.293 	295.293
455	10    	295.293 	295.293 	295.293
456	10    	295.293 	295.293 	295.293
457	10    	271.426 	56.6201 	295.293
458	10    	211.657 	6.3208  	295.293
459	10    	295.293 	295.293 	295.293
460	10    	239.854 	15.2898 	295.293
461	10    	241.453 	10.1958 	295.293
462	10    	247.114 	44.7258 	295.293
463	10    	295.293 	295.293 	295.293
464	10    	244.032 	28.3728 	295.293
465	10    	267.202 	14.3875 	295.293
466	10    	268.958 	31.9392 	295.293
467	10    	268.135 	23.7144 	295.293
468	10    	239.806 	12.1301 	295.293
469	10    	266.551 	7.87427 	295.293
470	10    	267.652 	18.8875 	295.293
471	10    	241.257 	21.4324 	295.293
472	10    	266.816 	10.5264 	295.293
473	10    	266.972 	12.0874 	295.293
474	10    	295.293 	295.293 	295.293
475	10    	268.24  	24.7678 	295.293
476	10    	249.325 	15.8752 	295.293
477	10    	243.615 	31.3635 	295.293
478	10    	268.518 	27.5425 	295.293
479	10    	295.293 	295.293 	295.293
480	10    	244.902 	39.9478 	295.293
481	10    	242.555 	10.2007 	295.293
482	10    	254.493 	45.8584 	295.293
483	10    	295.293 	295.293 	295.293
484	10    	295.293 	295.293 	295.293
485	10    	268.484 	27.2    	295.293
486	10    	241.523 	23.2451 	295.293
487	10    	268.201 	24.3701 	295.293
488	10    	266.912 	11.4785 	295.293
489	10    	266.649 	8.85181 	295.293
490	10    	237.962 	8.31421 	295.293
491	10    	295.293 	295.293 	295.293
492	10    	267.76  	19.9636 	295.293
493	10    	295.293 	295.293 	295.293
494	10    	243.054 	18.9072 	295.293
495	10    	295.293 	295.293 	295.293
496	10    	266.761 	9.9707  	295.293
497	10    	295.293 	295.293 	295.293
498	10    	295.293 	295.293 	295.293
499	10    	295.293 	295.293 	295.293
500	10    	295.293 	295.293 	295.293
501	10    	273.035 	72.7119 	295.293
502	10    	295.293 	295.293 	295.293
503	10    	268.176 	24.1187 	295.293
504	10    	267.269 	15.0498 	295.293
505	10    	269.062 	32.9819 	295.293
506	10    	295.293 	295.293 	295.293
507	10    	213.131 	12.3899 	295.293
508	10    	269.104 	33.3984 	295.293
509	10    	241.391 	20.6616 	295.293
510	10    	295.293 	295.293 	295.293
511	10    	209.971 	9.06958 	295.293
512	10    	215.757 	12.7222 	295.293
513	10    	252.628 	42.4429 	295.293
514	10    	268.61  	28.4583 	295.293
515	10    	272.519 	67.5493 	295.293
516	10    	240.666 	7.44067 	295.293
517	10    	240.235 	16.2056 	295.293
518	10    	244.106 	37.4229 	295.293
519	10    	295.293 	295.293 	295.293
520	10    	269.596 	38.324  	295.293
521	10    	239.692 	14.6125 	295.293
522	10    	268.435 	26.7173 	295.293
523	10    	295.293 	295.293 	295.293
524	10    	295.293 	295.293 	295.293
525	10    	295.293 	295.293 	295.293
526	10    	268.477 	27.1284 	295.293
527	10    	295.293 	295.293 	295.293
528	10    	269.365 	36.009  	295.293
529	10    	266.698 	9.3479  	295.293
530	10    	267.822 	20.5833 	295.293
531	10    	239.394 	13.6841 	295.293
532	10    	295.293 	295.293 	295.293
533	10    	270.795 	50.3176 	295.293
534	10    	241.743 	14.6335 	295.293
535	10    	267.826 	20.6204 	295.293
536	10    	268.648 	28.8381 	295.293
537	10    	238.418 	9.9917  	295.293
538	10    	295.032 	292.685 	295.293
539	10    	295.293 	295.293 	295.293
540	10    	270.347 	45.8291 	295.293
541	10    	266.422 	6.57886 	295.293
542	10    	268.145 	23.8135 	295.293
543	10    	267.975 	22.115  	295.293
544	10    	295.293 	295.293 	295.293
545	10    	268.054 	22.9043 	295.293
546	10    	295.293 	295.293 	295.293
547	10    	295.293 	295.293 	295.293
548	10    	295.293 	295.293 	295.293
549	10    	267.675 	19.1111 	295.293
550	10    	241.105 	22.1475 	295.293
551	10    	266.94  	11.7617 	295.293
552	10    	271.323 	55.5955 	295.293
553	10    	269.207 	34.4341 	295.293
554	10    	295.293 	295.293 	295.293
555	10    	267.177 	14.1316 	295.293
556	10    	295.293 	295.293 	295.293
557	10    	266.599 	8.35205 	295.293
558	10    	266.657 	8.93774 	295.293
559	10    	268.127 	23.6313 	295.293
560	10    	266.411 	6.47021 	295.293
561	10    	295.293 	295.293 	295.293
562	10    	267.619 	18.5515 	295.293
563	10    	267.726 	19.6182 	295.293
564	10    	295.293 	295.293 	295.293
565	10    	238.867 	10.7446 	295.293
566	10    	295.293 	295.293 	295.293
567	10    	269.171 	34.0764 	295.293
568	10    	268.335 	25.7148 	295.293
569	10    	295.293 	295.293 	295.293
570	10    	295.293 	295.293 	295.293
571	10    	242.17  	13.0872 	295.293
572	10    	295.293 	295.293 	295.293
573	10    	267.062 	12.9873 	295.293
574	10    	267.424 	16.6067 	295.293
575	10    	295.293 	295.293 	295.293
576	10    	240.156 	18.8936 	295.293
577	10    	295.293 	295.293 	295.293
578	10    	239.604 	6.19629 	295.293
579	10    	268.527 	27.635  	295.293
580	10    	266.531 	7.67505 	295.293
581	10    	273.583 	78.1973 	295.293
582	10    	295.293 	295.293 	295.293
583	10    	267.422 	16.5803 	295.293
584	10    	235.921 	-16.4324	295.293
585	10    	267.264 	15.0032 	295.293
586	10    	250.326 	62.0283 	295.293
587	10    	295.293 	295.293 	295.293
588	10    	295.293 	295.293 	295.293
589	10    	247.141 	24.6519 	295.293
590	10    	295.293 	295.293 	295.293
591	10    	295.293 	295.293 	295.293
592	10    	295.293 	295.293 	295.293
593	10    	295.293 	295.293 	295.293
594	10    	268.724 	29.6042 	295.293
595	10    	295.293 	295.293 	295.293
596	10    	269.252 	34.8872 	295.293
597	10    	211.246 	9.70996 	295.293
598	10    	238.719 	9.95166 	295.293
599	10    	271.816 	60.5193 	295.293
600	10    	268.956 	31.927  	295.293
601	10    	268.293 	25.2944 	295.293
602	10    	217.949 	6.6626  	295.293
603	10    	295.293 	295.293 	295.293
604	10    	184.493 	10.6165 	295.293
605	10    	240.753 	11.7632 	295.293
606	10    	295.293 	295.293 	295.293
607	10    	245.125 	28.3677 	295.293
608	10    	295.293 	295.293 	295.293
609	10    	185.363 	9.80762 	295.293
610	10    	269     	32.3665 	295.293
611	10    	295.293 	295.293 	295.293
612	10    	295.293 	295.293 	295.293
613	10    	185.565 	10.9993 	295.293
614	10    	295.293 	295.293 	295.293
615	10    	295.293 	295.293 	295.293
616	10    	267.113 	13.4934 	295.293
617	10    	269.311 	35.4702 	295.293
618	10    	270.781 	50.1692 	295.293
619	10    	274.355 	85.9106 	295.293
620	10    	271.247 	54.8311 	295.293
621	10    	295.293 	295.293 	295.293
622	10    	295.293 	295.293 	295.293
623	10    	267.904 	21.407  	295.293
624	10    	267.162 	13.979  	295.293
625	10    	267.318 	15.5452 	295.293
626	10    	239.31  	11.1621 	295.293
627	10    	295.293 	295.293 	295.293
628	10    	266.887 	11.2334 	295.293
629	10    	295.293 	295.293 	295.293
630	10    	269.697 	39.3369 	295.293
631	10    	295.293 	295.293 	295.293
632	10    	267.73  	19.6606 	295.293
633	10    	295.293 	295.293 	295.293
634	10    	210.945 	8.11816 	295.293
635	10    	295.293 	295.293 	295.293
636	10    	295.293 	295.293 	295.293
637	10    	238.402 	8.99756 	295.293
638	10    	269.159 	33.9509 	295.293
639	10    	268.768 	30.0457 	295.293
640	10    	295.293 	295.293 	295.293
641	10    	295.293 	295.293 	295.293
642	10    	295.293 	295.293 	295.293
643	10    	295.293 	295.293 	295.293
644	10    	267.423 	16.5923 	295.293
645	10    	295.293 	295.293 	295.293
646	10    	295.293 	295.293 	295.293
647	10    	295.293 	295.293 	295.293
648	10    	269.034 	32.6997 	295.293
649	10    	268.48  	27.1582 	295.293
650	10    	295.293 	295.293 	295.293
651	10    	238.515 	8.70361 	295.293
652	10    	267.132 	13.6875 	295.293
653	10    	267.184 	14.2004 	295.293
654	10    	267.034 	12.7056 	295.293
655	10    	269.563 	37.9956 	295.293
656	10    	273.536 	77.7202 	295.293
657	10    	239.499 	8.28027 	295.293
658	10    	295.293 	295.293 	295.293
659	10    	271.761 	59.9714 	295.293
660	10    	295.293 	295.293 	295.293
661	10    	295.293 	295.293 	295.293
662	10    	295.293 	295.293 	295.293
663	10    	268.049 	22.853  	295.293
664	10    	295.293 	295.293 	295.293
665	10    	295.293 	295.293 	295.293
666	10    	295.293 	295.293 	295.293
667	10    	295.293 	295.293 	295.293
668	10    	240.016 	16.7593 	295.293
669	10    	269.694 	39.304  	295.293
670	10    	268.518 	27.5461 	295.293
671	10    	295.293 	295.293 	295.293
672	10    	295.293 	295.293 	295.293
673	10    	266.853 	10.8892 	295.293
674	10    	266.879 	11.1536 	295.293
675	10    	295.293 	295.293 	295.293
676	10    	295.293 	295.293 	295.293
677	10    	267.579 	18.1523 	295.293
678	10    	268.276 	25.1235 	295.293
679	10    	275.619 	98.5522 	295.293
680	10    	236.351 	-10.9297	295.293
681	10    	295.293 	295.293 	295.293
682	10    	267.193 	14.292  	295.293
683	10    	295.293 	295.293 	295.293
684	10    	295.293 	295.293 	295.293
685	10    	295.293 	295.293 	295.293
686	10    	267.61  	18.4587 	295.293
687	10    	272.787 	70.23   	295.293
688	10    	295.293 	295.293 	295.293
689	10    	267.759 	19.9558 	295.293
690	10    	270.219 	44.5549 	295.293
691	10    	295.293 	295.293 	295.293
692	10    	295.293 	295.293 	295.293
693	10    	270.838 	50.7476 	295.293
694	10    	238.122 	6.49414 	295.293
695	10    	266.754 	9.89917 	295.293
696	10    	268.089 	23.2573 	295.293
697	10    	295.293 	295.293 	295.293
698	10    	295.293 	295.293 	295.293
699	10    	266.665 	9.01196 	295.293
700	10    	251.964 	19.2766 	295.293
701	10    	254.054 	21.0242 	295.293
702	10    	295.293 	295.293 	295.293
703	10    	266.783 	10.1951 	295.293
704	10    	270.456 	46.9211 	295.293
705	10    	239.982 	12.7795 	295.293
706	10    	295.293 	295.293 	295.293
707	10    	295.293 	295.293 	295.293
708	10    	295.293 	295.293 	295.293
709	10    	266.597 	8.33472 	295.293
710	10    	295.293 	295.293 	295.293
711	10    	295.293 	295.293 	295.293
712	10    	295.293 	295.293 	295.293
713	10    	295.293 	295.293 	295.293
714	10    	295.293 	295.293 	295.293
715	10    	267.629 	18.6497 	295.293
716	10    	241.324 	22.8303 	295.293
717	10    	241.689 	25.136  	295.293
718	10    	270.847 	50.8281 	295.293
719	10    	271.19  	54.2627 	295.293
720	10    	295.293 	295.293 	295.293
721	10    	266.575 	8.11768 	295.293
722	10    	241.165 	23.3518 	295.293
723	10    	295.293 	295.293 	295.293
724	10    	274.369 	86.0527 	295.293
725	10    	295.293 	295.293 	295.293
726	10    	238.375 	8.95947 	295.293
727	10    	267.571 	18.0715 	295.293
728	10    	295.293 	295.293 	295.293
729	10    	295.293 	295.293 	295.293
730	10    	295.293 	295.293 	295.293
731	10    	268.091 	23.2759 	295.293
732	10    	239.579 	6.2959  	295.293
733	10    	267.19  	14.2622 	295.293
734	10    	270.558 	47.9395 	295.293
735	10    	295.293 	295.293 	295.293
736	10    	267.326 	15.6211 	295.293
737	10    	240.94  	20.9602 	295.293
738	10    	216.121 	19.167  	295.293
739	10    	241.262 	21.7485 	295.293
740	10    	295.293 	295.293 	295.293
741	10    	295.293 	295.293 	295.293
742	10    	295.293 	295.293 	295.293
743	10    	266.726 	9.62793 	295.293
744	10    	295.293 	295.293 	295.293
745	10    	295.293 	295.293 	295.293
746	10    	281.917 	161.532 	295.293
747	10    	267.519 	17.5566 	295.293
748	10    	256.191 	15.2561 	295.293
749	10    	295.293 	295.293 	295.293
750	10    	267.668 	19.0405 	295.293
751	10    	295.293 	295.293 	295.293
752	10    	274.268 	85.0386 	295.293
753	10    	295.293 	295.293 	295.293
754	10    	211.543 	12.7532 	295.293
755	10    	241.469 	18.6855 	295.293
756	10    	295.293 	295.293 	295.293
757	10    	268.051 	22.8687 	295.293
758	10    	272.73  	69.667  	295.293
759	10    	267.917 	21.5378 	295.293
760	10    	270.06  	42.9619 	295.293
761	10    	241.372 	24.23   	295.293
762	10    	250.277 	33.1831 	295.293
763	10    	295.293 	295.293 	295.293
764	10    	242.382 	29.4839 	295.293
765	10    	267.011 	12.4727 	295.293
766	10    	295.293 	295.293 	295.293
767	10    	266.7   	9.35889 	295.293
768	10    	268.337 	25.7307 	295.293
769	10    	238.854 	9.98804 	295.293
770	10    	272.039 	62.7554 	295.293
771	10    	244.544 	32.4448 	295.293
772	10    	243.048 	9.82739 	295.293
773	10    	266.973 	12.0896 	295.293
774	10    	295.293 	295.293 	295.293
775	10    	268.127 	23.6296 	295.293
776	10    	295.293 	295.293 	295.293
777	10    	295.293 	295.293 	295.293
778	10    	267.683 	19.1895 	295.293
779	10    	295.293 	295.293 	295.293
780	10    	295.293 	295.293 	295.293
781	10    	295.293 	295.293 	295.293
782	10    	267.131 	13.6777 	295.293
783	10    	295.293 	295.293 	295.293
784	10    	269.321 	35.5713 	295.293
785	10    	266.495 	7.31152 	295.293
786	10    	295.293 	295.293 	295.293
787	10    	295.293 	295.293 	295.293
788	10    	295.293 	295.293 	295.293
789	10    	213.08  	11.1765 	295.293
790	10    	295.293 	295.293 	295.293
791	10    	295.293 	295.293 	295.293
792	10    	266.913 	11.4883 	295.293
793	10    	269.869 	41.051  	295.293
794	10    	295.293 	295.293 	295.293
795	10    	250.868 	38.4224 	295.293
796	10    	240.546 	20.3564 	295.293
797	10    	240.342 	6.92505 	295.293
798	10    	295.293 	295.293 	295.293
799	10    	266.694 	9.30713 	295.293
800	10    	269.078 	33.144  	295.293
801	10    	238.161 	8.0647  	295.293
802	10    	295.293 	295.293 	295.293
803	10    	266.977 	12.1299 	295.293
804	10    	240.888 	21.397  	295.293
805	10    	295.293 	295.293 	295.293
806	10    	267.068 	13.0479 	295.293
807	10    	241.413 	15.415  	295.293
808	10    	295.293 	295.293 	295.293
809	10    	295.293 	295.293 	295.293
810	10    	274.147 	83.8335 	295.293
811	10    	295.293 	295.293 	295.293
812	10    	295.293 	295.293 	295.293
813	10    	244.945 	23.6426 	295.293
814	10    	295.293 	295.293 	295.293
815	10    	266.575 	8.10889 	295.293
816	10    	267.451 	16.873  	295.293
817	10    	267.758 	19.9385 	295.293
818	10    	267.328 	15.6418 	295.293
819	10    	295.293 	295.293 	295.293
820	10    	239.71  	11.521  	295.293
821	10    	269.258 	34.9456 	295.293
822	10    	295.293 	295.293 	295.293
823	10    	295.293 	295.293 	295.293
824	10    	295.293 	295.293 	295.293
825	10    	295.293 	295.293 	295.293
826	10    	267.192 	14.2808 	295.293
827	10    	269.965 	42.0144 	295.293
828	10    	295.293 	295.293 	295.293
829	10    	268.815 	30.5154 	295.293
830	10    	267.453 	16.8921 	295.293
831	10    	264.894 	10.8726 	295.293
832	10    	295.293 	295.293 	295.293
833	10    	295.293 	295.293 	295.293
834	10    	242.381 	8.30566 	295.293
835	10    	295.293 	295.293 	295.293
836	10    	268.128 	23.6389 	295.293
837	10    	266.715 	9.51196 	295.293
838	10    	268.013 	22.4905 	295.293
839	10    	295.293 	295.293 	295.293
840	10    	273.727 	79.6292 	295.293
841	10    	295.293 	295.293 	295.293
842	10    	267.869 	21.0493 	295.293
843	10    	295.293 	295.293 	295.293
844	10    	295.293 	295.293 	295.293
845	10    	295.293 	295.293 	295.293
846	10    	295.293 	295.293 	295.293
847	10    	295.293 	295.293 	295.293
848	10    	238.139 	6.53613 	295.293
849	10    	269.079 	33.1482 	295.293
850	10    	295.293 	295.293 	295.293
851	10    	295.293 	295.293 	295.293
852	10    	295.293 	295.293 	295.293
853	10    	241.375 	11.4924 	295.293
854	10    	241.084 	7.68164 	295.293
855	10    	295.293 	295.293 	295.293
856	10    	295.293 	295.293 	295.293
857	10    	267.567 	18.03   	295.293
858	10    	295.293 	295.293 	295.293
859	10    	268.519 	27.5503 	295.293
860	10    	238.541 	6.56152 	295.293
861	10    	295.293 	295.293 	295.293
862	10    	267.262 	14.9797 	295.293
863	10    	295.293 	295.293 	295.293
864	10    	271.324 	55.6016 	295.293
865	10    	295.293 	295.293 	295.293
866	10    	295.293 	295.293 	295.293
867	10    	277.554 	117.9   	295.293
868	10    	295.293 	295.293 	295.293
869	10    	269.212 	34.4851 	295.293
870	10    	213.554 	18.5876 	295.293
871	10    	245.69  	30.5093 	295.293
872	10    	295.293 	295.293 	295.293
873	10    	267.555 	17.9111 	295.293
874	10    	267.292 	15.2822 	295.293
875	10    	295.293 	295.293 	295.293
876	10    	255.079 	22.1555 	295.293
877	10    	295.293 	295.293 	295.293
878	10    	295.293 	295.293 	295.293
879	10    	270.779 	50.1543 	295.293
880	10    	267.47  	17.0662 	295.293
881	10    	295.293 	295.293 	295.293
882	10    	295.293 	295.293 	295.293
883	10    	239.323 	10.2075 	295.293
884	10    	295.293 	295.293 	295.293
885	10    	268.48  	27.1609 	295.293
886	10    	295.293 	295.293 	295.293
887	10    	295.293 	295.293 	295.293
888	10    	295.293 	295.293 	295.293
889	10    	240.312 	20.095  	295.293
890	10    	295.293 	295.293 	295.293
891	10    	267.048 	12.8459 	295.293
892	10    	295.293 	295.293 	295.293
893	10    	269.128 	33.6465 	295.293
894	10    	266.828 	10.6433 	295.293
895	10    	295.293 	295.293 	295.293
896	10    	267.517 	17.5325 	295.293
897	10    	267.761 	19.9683 	295.293
898	10    	241.642 	10.6599 	295.293
899	10    	186.648 	12.8567 	295.293
900	10    	214.519 	24.3159 	295.293