gen	nevals	avg     	min     	max    
0  	10    	0.389352	-4.28418	11.8149
1  	10    	2.11132 	-3.76074	11.8149
2  	10    	4.99646 	-2.72827	23.2395
3  	10    	6.21777 	-2.28369	23.2395
4  	10    	6.54348 	-2.28369	23.2395
5  	10    	7.08374 	-2.28369	23.2395
6  	10    	16.2329 	-2.28369	74.0503
7  	10    	16.4149 	-2.13184	74.0503
8  	10    	16.6628 	-2.13184	74.0503
9  	10    	17.203  	1.48511 	74.0503
10 	10    	18.6539 	1.7002  	74.0503
11 	10    	18.8719 	1.7002  	74.0503
12 	10    	43.1278 	3.65698 	250.125
13 	10    	43.2864 	3.65698 	250.125
14 	10    	44.1122 	6.03418 	250.125
15 	10    	44.1203 	6.11475 	250.125
16 	10    	51.1124 	6.11475 	250.125
17 	10    	59.2243 	7.95996 	250.125
18 	10    	116.718 	9.80981 	476.506
19 	10    	117.134 	13.9722 	476.506
20 	10    	130.239 	13.9722 	476.506
21 	10    	130.239 	13.9722 	476.506
22 	10    	140.487 	13.9722 	476.506
23 	10    	165.086 	13.9722 	476.506
24 	10    	168.26  	13.9722 	476.506
25 	10    	197.744 	28.0349 	476.506
26 	10    	197.744 	28.0349 	476.506
27 	10    	197.744 	28.0349 	476.506
28 	10    	199.59  	28.0349 	476.506
29 	10    	274.864 	28.0349 	918.193
30 	10    	274.864 	28.0349 	918.193
31 	10    	300.036 	28.0349 	918.193
32 	10    	326.511 	64.5818 	918.193
33 	10    	326.511 	64.5818 	918.193
34 	10    	326.511 	64.5818 	918.193
35 	10    	326.511 	64.5818 	918.193
36 	10    	326.511 	64.5818 	918.193
37 	10    	326.511 	64.5818 	918.193
38 	10    	326.511 	64.5818 	918.193
39 	10    	326.511 	64.5818 	918.193
40 	10    	326.511 	64.5818 	918.193
41 	10    	326.511 	64.5818 	918.193
42 	10    	350.797 	64.5818 	918.193
43 	10    	356.314 	79.9412 	918.193
44 	10    	367.052 	79.9412 	918.193
45 	10    	390.36  	79.9412 	918.193
46 	10    	409.466 	79.9412 	918.193
47 	10    	416.242 	79.9412 	918.193
48 	10    	416.242 	79.9412 	918.193
49 	10    	416.242 	79.9412 	918.193
50 	10    	416.242 	79.9412 	918.193
51 	10    	419.754 	79.9412 	918.193
52 	10    	420.462 	79.9412 	918.193
53 	10    	420.462 	79.9412 	918.193
54 	10    	420.462 	79.9412 	918.193
55 	10    	420.462 	79.9412 	918.193
56 	10    	460.343 	79.9412 	918.193
57 	10    	460.343 	79.9412 	918.193
58 	10    	494.809 	79.9412 	1012.23
59 	10    	494.809 	79.9412 	1012.23
60 	10    	509.063 	184.663 	1012.23
61 	10    	519.766 	198.415 	1012.23
62 	10    	538.41  	198.415 	1012.23
63 	10    	538.41  	198.415 	1012.23
64 	10    	538.41  	198.415 	1012.23
65 	10    	539.156 	198.415 	1012.23
66 	10    	631.388 	198.415 	1206.91
67 	10    	631.388 	198.415 	1206.91
68 	10    	631.388 	198.415 	1206.91
69 	10    	631.388 	198.415 	1206.91
70 	10    	641.409 	291.685 	1206.91
71 	10    	641.409 	291.685 	1206.91
72 	10    	641.409 	291.685 	1206.91
73 	10    	641.409 	291.685 	1206.91
74 	10    	712.4   	312.867 	1206.91
75 	10    	730.95  	312.867 	1206.91
76 	10    	730.95  	312.867 	1206.91
77 	10    	730.95  	312.867 	1206.91
78 	10    	730.95  	312.867 	1206.91
79 	10    	730.95  	312.867 	1206.91
80 	10    	741.398 	312.867 	1206.91
81 	10    	753.273 	312.867 	1206.91
82 	10    	753.273 	312.867 	1206.91
83 	10    	753.273 	312.867 	1206.91
84 	10    	756.012 	312.867 	1206.91
85 	10    	756.012 	312.867 	1206.91
86 	10    	756.012 	312.867 	1206.91
87 	10    	756.012 	312.867 	1206.91
88 	10    	756.012 	312.867 	1206.91
89 	10    	756.012 	312.867 	1206.91
90 	10    	756.012 	312.867 	1206.91
91 	10    	756.012 	312.867 	1206.91
92 	10    	756.012 	312.867 	1206.91
93 	10    	756.012 	312.867 	1206.91
94 	10    	756.012 	312.867 	1206.91
95 	10    	756.012 	312.867 	1206.91
96 	10    	756.012 	312.867 	1206.91
97 	10    	756.012 	312.867 	1206.91
98 	10    	756.012 	312.867 	1206.91
99 	10    	756.012 	312.867 	1206.91
100	10    	756.012 	312.867 	1206.91
101	10    	756.012 	312.867 	1206.91
102	10    	756.012 	312.867 	1206.91
103	10    	756.012 	312.867 	1206.91
104	10    	756.012 	312.867 	1206.91
105	10    	756.012 	312.867 	1206.91
106	10    	765.478 	312.867 	1206.91
107	10    	765.478 	312.867 	1206.91
108	10    	765.478 	312.867 	1206.91
109	10    	765.478 	312.867 	1206.91
110	10    	776.442 	312.867 	1316.55
111	10    	776.442 	312.867 	1316.55
112	10    	780.272 	312.867 	1316.55
113	10    	784.518 	312.867 	1316.55
114	10    	784.518 	312.867 	1316.55
115	10    	784.518 	312.867 	1316.55
116	10    	784.518 	312.867 	1316.55
117	10    	784.518 	312.867 	1316.55
118	10    	784.518 	312.867 	1316.55
119	10    	784.518 	312.867 	1316.55
120	10    	784.518 	312.867 	1316.55
121	10    	784.518 	312.867 	1316.55
122	10    	817.646 	312.867 	1316.55
123	10    	817.646 	312.867 	1316.55
124	10    	822.338 	312.867 	1316.55
125	10    	822.338 	312.867 	1316.55
126	10    	840.562 	312.867 	1316.55
127	10    	840.562 	312.867 	1316.55
128	10    	853.481 	312.867 	1316.55
129	10    	881.87  	312.867 	1316.55
130	10    	881.87  	312.867 	1316.55
131	10    	881.87  	312.867 	1316.55
132	10    	881.87  	312.867 	1316.55
133	10    	881.87  	312.867 	1316.55
134	10    	881.87  	312.867 	1316.55
135	10    	881.87  	312.867 	1316.55
136	10    	881.87  	312.867 	1316.55
137	10    	881.87  	312.867 	1316.55
138	10    	881.87  	312.867 	1316.55
139	10    	881.87  	312.867 	1316.55
140	10    	881.87  	312.867 	1316.55
141	10    	881.87  	312.867 	1316.55
142	10    	881.87  	312.867 	1316.55
143	10    	881.87  	312.867 	1316.55
144	10    	881.87  	312.867 	1316.55
145	10    	881.87  	312.867 	1316.55
146	10    	881.87  	312.867 	1316.55
147	10    	881.87  	312.867 	1316.55
148	10    	881.87  	312.867 	1316.55
149	10    	881.87  	312.867 	1316.55
150	10    	881.87  	312.867 	1316.55
151	10    	881.87  	312.867 	1316.55
152	10    	881.87  	312.867 	1316.55
153	10    	881.87  	312.867 	1316.55
154	10    	881.87  	312.867 	1316.55
155	10    	881.87  	312.867 	1316.55
156	10    	881.87  	312.867 	1316.55
157	10    	881.87  	312.867 	1316.55
158	10    	881.87  	312.867 	1316.55
159	10    	881.87  	312.867 	1316.55
160	10    	881.87  	312.867 	1316.55
161	10    	881.87  	312.867 	1316.55
162	10    	881.87  	312.867 	1316.55
163	10    	881.87  	312.867 	1316.55
164	10    	916.772 	312.867 	1316.55
165	10    	945.292 	312.867 	1316.55
166	10    	945.292 	312.867 	1316.55
167	10    	945.292 	312.867 	1316.55
168	10    	945.292 	312.867 	1316.55
169	10    	945.292 	312.867 	1316.55
170	10    	945.292 	312.867 	1316.55
171	10    	945.292 	312.867 	1316.55
172	10    	945.292 	312.867 	1316.55
173	10    	945.292 	312.867 	1316.55
174	10    	945.292 	312.867 	1316.55
175	10    	945.292 	312.867 	1316.55
176	10    	945.292 	312.867 	1316.55
177	10    	945.292 	312.867 	1316.55
178	10    	945.292 	312.867 	1316.55
179	10    	945.292 	312.867 	1316.55
180	10    	945.292 	312.867 	1316.55
181	10    	945.292 	312.867 	1316.55
182	10    	945.292 	312.867 	1316.55
183	10    	945.292 	312.867 	1316.55
184	10    	945.292 	312.867 	1316.55
185	10    	961.715 	477.098 	1316.55
186	10    	961.715 	477.098 	1316.55
187	10    	961.715 	477.098 	1316.55
188	10    	961.715 	477.098 	1316.55
189	10    	961.715 	477.098 	1316.55
190	10    	961.715 	477.098 	1316.55
191	10    	961.715 	477.098 	1316.55
192	10    	961.715 	477.098 	1316.55
193	10    	961.715 	477.098 	1316.55
194	10    	961.715 	477.098 	1316.55
195	10    	961.715 	477.098 	1316.55
196	10    	961.715 	477.098 	1316.55
197	10    	961.715 	477.098 	1316.55
198	10    	967.358 	477.098 	1316.55
199	10    	970.707 	477.098 	1316.55
200	10    	970.707 	477.098 	1316.55
201	10    	970.707 	477.098 	1316.55
202	10    	970.707 	477.098 	1316.55
203	10    	970.707 	477.098 	1316.55
204	10    	981.759 	477.098 	1427.07
205	10    	1002.53 	477.098 	1427.07
206	10    	1003.6  	477.098 	1427.07
207	10    	1003.6  	477.098 	1427.07
208	10    	1005.65 	477.098 	1427.07
209	10    	1005.65 	477.098 	1427.07
210	10    	1005.65 	477.098 	1427.07
211	10    	1027.07 	477.098 	1427.07
212	10    	1027.07 	477.098 	1427.07
213	10    	1027.07 	477.098 	1427.07
214	10    	1027.07 	477.098 	1427.07
215	10    	1027.07 	477.098 	1427.07
216	10    	1027.07 	477.098 	1427.07
217	10    	1027.07 	477.098 	1427.07
218	10    	1027.07 	477.098 	1427.07
219	10    	1027.07 	477.098 	1427.07
220	10    	1027.07 	477.098 	1427.07
221	10    	1027.07 	477.098 	1427.07
222	10    	1027.07 	477.098 	1427.07
223	10    	1027.07 	477.098 	1427.07
224	10    	1027.07 	477.098 	1427.07
225	10    	1060.24 	477.098 	1427.07
226	10    	1060.24 	477.098 	1427.07
227	10    	1060.24 	477.098 	1427.07
228	10    	1060.24 	477.098 	1427.07
229	10    	1060.24 	477.098 	1427.07
230	10    	1060.24 	477.098 	1427.07
231	10    	1060.24 	477.098 	1427.07
232	10    	1060.24 	477.098 	1427.07
233	10    	1060.24 	477.098 	1427.07
234	10    	1060.24 	477.098 	1427.07
235	10    	1060.24 	477.098 	1427.07
236	10    	1060.24 	477.098 	1427.07
237	10    	1088.88 	477.098 	1698.65
238	10    	1088.88 	477.098 	1698.65
239	10    	1088.88 	477.098 	1698.65
240	10    	1088.88 	477.098 	1698.65
241	10    	1092.41 	477.098 	1698.65
242	10    	1092.41 	477.098 	1698.65
243	10    	1092.41 	477.098 	1698.65
244	10    	1092.41 	477.098 	1698.65
245	10    	1092.41 	477.098 	1698.65
246	10    	1092.41 	477.098 	1698.65
247	10    	1125.96 	477.098 	1698.65
248	10    	1125.96 	477.098 	1698.65
249	10    	1144.41 	477.098 	1698.65
250	10    	1144.41 	477.098 	1698.65
251	10    	1144.41 	477.098 	1698.65
252	10    	1144.41 	477.098 	1698.65
253	10    	1144.41 	477.098 	1698.65
254	10    	1156.07 	477.098 	1698.65
255	10    	1156.07 	477.098 	1698.65
256	10    	1156.07 	477.098 	1698.65
257	10    	1168.02 	477.098 	1698.65
258	10    	1168.02 	477.098 	1698.65
259	10    	1168.02 	477.098 	1698.65
260	10    	1168.02 	477.098 	1698.65
261	10    	1168.2  	477.098 	1698.65
262	10    	1168.2  	477.098 	1698.65
263	10    	1168.2  	477.098 	1698.65
264	10    	1168.2  	477.098 	1698.65
265	10    	1169.37 	477.098 	1698.65
266	10    	1169.37 	477.098 	1698.65
267	10    	1171.27 	477.098 	1698.65
268	10    	1171.27 	477.098 	1698.65
269	10    	1171.27 	477.098 	1698.65
270	10    	1171.27 	477.098 	1698.65
271	10    	1171.27 	477.098 	1698.65
272	10    	1171.27 	477.098 	1698.65
273	10    	1171.27 	477.098 	1698.65
274	10    	1171.27 	477.098 	1698.65
275	10    	1171.27 	477.098 	1698.65
276	10    	1171.27 	477.098 	1698.65
277	10    	1171.27 	477.098 	1698.65
278	10    	1171.27 	477.098 	1698.65
279	10    	1171.27 	477.098 	1698.65
280	10    	1171.27 	477.098 	1698.65
281	10    	1176.05 	477.098 	1698.65
282	10    	1176.05 	477.098 	1698.65
283	10    	1176.05 	477.098 	1698.65
284	10    	1176.05 	477.098 	1698.65
285	10    	1188.45 	477.098 	1698.65
286	10    	1188.45 	477.098 	1698.65
287	10    	1212.22 	477.098 	1698.65
288	10    	1212.22 	477.098 	1698.65
289	10    	1212.22 	477.098 	1698.65
290	10    	1214.7  	477.098 	1698.65
291	10    	1257.19 	477.098 	1698.65
292	10    	1257.19 	477.098 	1698.65
293	10    	1257.19 	477.098 	1698.65
294	10    	1257.19 	477.098 	1698.65
295	10    	1257.19 	477.098 	1698.65
296	10    	1257.19 	477.098 	1698.65
297	10    	1257.19 	477.098 	1698.65
298	10    	1257.19 	477.098 	1698.65
299	10    	1257.19 	477.098 	1698.65
300	10    	1257.19 	477.098 	1698.65
301	10    	1257.19 	477.098 	1698.65
302	10    	1257.19 	477.098 	1698.65
303	10    	1257.19 	477.098 	1698.65
304	10    	1257.19 	477.098 	1698.65
305	10    	1257.19 	477.098 	1698.65
306	10    	1257.19 	477.098 	1698.65
307	10    	1257.19 	477.098 	1698.65
308	10    	1257.19 	477.098 	1698.65
309	10    	1257.19 	477.098 	1698.65
310	10    	1257.19 	477.098 	1698.65
311	10    	1269.91 	477.098 	1698.65
312	10    	1269.91 	477.098 	1698.65
313	10    	1269.91 	477.098 	1698.65
314	10    	1269.91 	477.098 	1698.65
315	10    	1269.91 	477.098 	1698.65
316	10    	1356.57 	477.098 	1879.28
317	10    	1356.57 	477.098 	1879.28
318	10    	1356.57 	477.098 	1879.28
319	10    	1356.57 	477.098 	1879.28
320	10    	1356.57 	477.098 	1879.28
321	10    	1356.57 	477.098 	1879.28
322	10    	1356.57 	477.098 	1879.28
323	10    	1356.57 	477.098 	1879.28
324	10    	1356.57 	477.098 	1879.28
325	10    	1356.57 	477.098 	1879.28
326	10    	1356.57 	477.098 	1879.28
327	10    	1356.57 	477.098 	1879.28
328	10    	1356.57 	477.098 	1879.28
329	10    	1356.57 	477.098 	1879.28
330	10    	1371.73 	477.098 	1879.28
331	10    	1371.73 	477.098 	1879.28
332	10    	1371.73 	477.098 	1879.28
333	10    	1371.73 	477.098 	1879.28
334	10    	1371.73 	477.098 	1879.28
335	10    	1371.73 	477.098 	1879.28
336	10    	1371.73 	477.098 	1879.28
337	10    	1371.73 	477.098 	1879.28
338	10    	1371.73 	477.098 	1879.28
339	10    	1406.47 	477.098 	1879.28
340	10    	1406.47 	477.098 	1879.28
341	10    	1413.24 	477.098 	1879.28
342	10    	1413.24 	477.098 	1879.28
343	10    	1413.24 	477.098 	1879.28
344	10    	1413.24 	477.098 	1879.28
345	10    	1413.24 	477.098 	1879.28
346	10    	1413.24 	477.098 	1879.28
347	10    	1413.24 	477.098 	1879.28
348	10    	1413.24 	477.098 	1879.28
349	10    	1413.24 	477.098 	1879.28
350	10    	1413.24 	477.098 	1879.28