gen 	nevals	avg    	min   	max   
0   	50    	1828.85	442.4 	3542  
1   	50    	2236.94	738   	3542  
2   	50    	2379.14	738   	3542  
3   	50    	2542.26	781.6 	3542  
4   	50    	2755.5 	2129.6	3542  
5   	50    	2811.14	2129.6	3542  
6   	50    	2862.7 	2221.6	3542  
7   	50    	2879.55	2221.6	3542  
8   	50    	2896.58	2221.6	3542  
9   	50    	2910.98	2221.6	3542  
10  	50    	2939.39	2425.6	3542  
11  	50    	2944.58	2433.2	3542  
12  	50    	2946.28	2433.2	3542  
13  	50    	2998.46	2433.2	3546  
14  	50    	3024.34	2535.2	3546  
15  	50    	3033.62	2535.2	3546  
16  	50    	3059.94	2535.2	3553.6
17  	50    	3073.57	2535.2	3553.6
18  	50    	3090.14	2535.2	3553.6
19  	50    	3096.7 	2535.2	3553.6
20  	50    	3097.73	2535.2	3553.6
21  	50    	3110.9 	2535.2	3553.6
22  	50    	3110.9 	2535.2	3553.6
23  	50    	3125.42	2696.8	3553.6
24  	50    	3131.95	2696.8	3553.6
25  	50    	3144.94	2696.8	3553.6
26  	50    	3162.65	2696.8	3553.6
27  	50    	3165.87	2696.8	3553.6
28  	50    	3166.98	2696.8	3553.6
29  	50    	3197.76	2696.8	3800  
30  	50    	3200.89	2696.8	3800  
31  	50    	3200.92	2696.8	3800  
32  	50    	3208.57	2696.8	3924.4
33  	50    	3211.64	2696.8	3924.4
34  	50    	3218.2 	2696.8	3924.4
35  	50    	3220.19	2696.8	3924.4
36  	50    	3228.49	2696.8	3924.4
37  	50    	3258.75	2890.4	3924.4
38  	50    	3260.07	2890.4	3924.4
39  	50    	3266.59	2890.4	3924.4
40  	50    	3266.59	2890.4	3924.4
41  	50    	3272.72	2906  	3924.4
42  	50    	3281.22	2978  	3924.4
43  	50    	3285.49	2978  	3924.4
44  	50    	3295.12	2978  	3924.4
45  	50    	3295.12	2978  	3924.4
46  	50    	3295.34	2978  	3924.4
47  	50    	3300.74	2978  	3924.4
48  	50    	3305.23	2978  	3924.4
49  	50    	3327.35	2978  	4100  
50  	50    	3351.11	3011.2	4100  
51  	50    	3351.11	3011.2	4100  
52  	50    	3361.02	3011.2	4100  
53  	50    	3361.02	3011.2	4100  
54  	50    	3368.67	3011.2	4100  
55  	50    	3373.38	3011.2	4100  
56  	50    	3373.38	3011.2	4100  
57  	50    	3373.38	3011.2	4100  
58  	50    	3373.38	3011.2	4100  
59  	50    	3382.3 	3011.2	4100  
60  	50    	3382.3 	3011.2	4100  
61  	50    	3383   	3011.2	4100  
62  	50    	3417.21	3011.2	4100  
63  	50    	3420.9 	3011.2	4100  
64  	50    	3421.06	3011.2	4100  
65  	50    	3421.32	3011.2	4100  
66  	50    	3422.78	3060.4	4100  
67  	50    	3422.78	3060.4	4100  
68  	50    	3422.78	3060.4	4100  
69  	50    	3422.78	3060.4	4100  
70  	50    	3422.78	3060.4	4100  
71  	50    	3430.55	3060.4	4100  
72  	50    	3430.55	3060.4	4100  
73  	50    	3430.55	3060.4	4100  
74  	50    	3431.93	3060.4	4100  
75  	50    	3432.42	3060.4	4100  
76  	50    	3444.23	3060.4	4100  
77  	50    	3444.23	3060.4	4100  
78  	50    	3444.23	3060.4	4100  
79  	50    	3444.23	3060.4	4100  
80  	50    	3451.36	3084.4	4100  
81  	50    	3451.36	3084.4	4100  
82  	50    	3451.36	3084.4	4100  
83  	50    	3451.36	3084.4	4100  
84  	50    	3453.63	3107.6	4100  
85  	50    	3453.63	3107.6	4100  
86  	50    	3472.97	3107.6	4100  
87  	50    	3472.97	3107.6	4100  
88  	50    	3472.97	3107.6	4100  
89  	50    	3472.97	3107.6	4100  
90  	50    	3473.76	3107.6	4100  
91  	50    	3473.76	3107.6	4100  
92  	50    	3478.34	3107.6	4100  
93  	50    	3478.34	3107.6	4100  
94  	50    	3479.79	3107.6	4100  
95  	50    	3479.79	3107.6	4100  
96  	50    	3483.18	3107.6	4100  
97  	50    	3483.18	3107.6	4100  
98  	50    	3489.39	3107.6	4100  
99  	50    	3489.39	3107.6	4100  
100 	50    	3492.59	3107.6	4100  
101 	50    	3492.59	3107.6	4100  
102 	50    	3499.1 	3107.6	4100  
103 	50    	3499.1 	3107.6	4100  
104 	50    	3504.65	3107.6	4100  
105 	50    	3504.65	3107.6	4100  
106 	50    	3504.65	3107.6	4100  
107 	50    	3504.65	3107.6	4100  
108 	50    	3504.65	3107.6	4100  
109 	50    	3520.35	3107.6	4100  
110 	50    	3523.07	3107.6	4100  
111 	50    	3525.03	3107.6	4100  
112 	50    	3525.03	3107.6	4100  
113 	50    	3530.33	3107.6	4100  
114 	50    	3530.33	3107.6	4100  
115 	50    	3537.49	3107.6	4100  
116 	50    	3537.49	3107.6	4100  
117 	50    	3537.49	3107.6	4100  
118 	50    	3539.92	3107.6	4100  
119 	50    	3539.92	3107.6	4100  
120 	50    	3539.92	3107.6	4100  
121 	50    	3545.81	3107.6	4100  
122 	50    	3545.81	3107.6	4100  
123 	50    	3545.81	3107.6	4100  
124 	50    	3545.81	3107.6	4100  
125 	50    	3548.85	3107.6	4100  
126 	50    	3548.85	3107.6	4100  
127 	50    	3549.7 	3107.6	4100  
128 	50    	3549.7 	3107.6	4100  
129 	50    	3549.7 	3107.6	4100  
130 	50    	3550.86	3107.6	4100  
131 	50    	3556.55	3107.6	4100  
132 	50    	3556.55	3107.6	4100  
133 	50    	3560.98	3107.6	4100  
134 	50    	3560.98	3107.6	4100  
135 	50    	3560.98	3107.6	4100  
136 	50    	3560.98	3107.6	4100  
137 	50    	3561.1 	3107.6	4100  
138 	50    	3566.42	3107.6	4100  
139 	50    	3566.42	3107.6	4100  
140 	50    	3566.42	3107.6	4100  
141 	50    	3566.42	3107.6	4100  
142 	50    	3566.42	3107.6	4100  
143 	50    	3566.42	3107.6	4100  
144 	50    	3568.28	3200.8	4100  
145 	50    	3568.28	3200.8	4100  
146 	50    	3580.15	3200.8	4100  
147 	50    	3580.15	3200.8	4100  
148 	50    	3580.15	3200.8	4100  
149 	50    	3580.94	3200.8	4100  
150 	50    	3580.94	3200.8	4100  
151 	50    	3580.94	3200.8	4100  
152 	50    	3590.53	3200.8	4165.6
153 	50    	3593.01	3200.8	4165.6
154 	50    	3593.01	3200.8	4165.6
155 	50    	3595.01	3232  	4165.6
156 	50    	3595.01	3232  	4165.6
157 	50    	3595.01	3232  	4165.6
158 	50    	3596.87	3232  	4165.6
159 	50    	3605.23	3232  	4165.6
160 	50    	3605.23	3232  	4165.6
161 	50    	3613.3 	3232  	4165.6
162 	50    	3613.3 	3232  	4165.6
163 	50    	3613.3 	3232  	4165.6
164 	50    	3613.3 	3232  	4165.6
165 	50    	3620.96	3232  	4165.6
166 	50    	3620.96	3232  	4165.6
167 	50    	3624.41	3260.8	4165.6
168 	50    	3624.41	3260.8	4165.6
169 	50    	3624.41	3260.8	4165.6
170 	50    	3624.41	3260.8	4165.6
171 	50    	3624.41	3260.8	4165.6
172 	50    	3624.41	3260.8	4165.6
173 	50    	3624.41	3260.8	4165.6
174 	50    	3624.41	3260.8	4165.6
175 	50    	3624.41	3260.8	4165.6
176 	50    	3634.05	3260.8	4165.6
177 	50    	3634.05	3260.8	4165.6
178 	50    	3634.05	3260.8	4165.6
179 	50    	3634.05	3260.8	4165.6
180 	50    	3634.05	3260.8	4165.6
181 	50    	3634.05	3260.8	4165.6
182 	50    	3634.05	3260.8	4165.6
183 	50    	3634.05	3260.8	4165.6
184 	50    	3634.29	3268.4	4165.6
185 	50    	3634.29	3268.4	4165.6
186 	50    	3634.29	3268.4	4165.6
187 	50    	3634.29	3268.4	4165.6
188 	50    	3634.29	3268.4	4165.6
189 	50    	3634.29	3268.4	4165.6
190 	50    	3634.29	3268.4	4165.6
191 	50    	3634.29	3268.4	4165.6
192 	50    	3634.29	3268.4	4165.6
193 	50    	3634.29	3268.4	4165.6
194 	50    	3634.29	3268.4	4165.6
195 	50    	3634.96	3268.4	4165.6
196 	50    	3634.96	3268.4	4165.6
197 	50    	3634.96	3268.4	4165.6
198 	50    	3634.96	3268.4	4165.6
199 	50    	3634.96	3268.4	4165.6
200 	50    	3638.39	3268.4	4165.6
201 	50    	3638.39	3268.4	4165.6
202 	50    	3638.39	3268.4	4165.6
203 	50    	3638.39	3268.4	4165.6
204 	50    	3642.74	3268.4	4165.6
205 	50    	3642.74	3268.4	4165.6
206 	50    	3642.74	3268.4	4165.6
207 	50    	3642.74	3268.4	4165.6
208 	50    	3642.74	3268.4	4165.6
209 	50    	3642.74	3268.4	4165.6
210 	50    	3651.18	3268.4	4165.6
211 	50    	3658.52	3268.4	4165.6
212 	50    	3658.52	3268.4	4165.6
213 	50    	3658.52	3268.4	4165.6
214 	50    	3658.52	3268.4	4165.6
215 	50    	3658.52	3268.4	4165.6
216 	50    	3658.52	3268.4	4165.6
217 	50    	3658.52	3268.4	4165.6
218 	50    	3658.52	3268.4	4165.6
219 	50    	3658.52	3268.4	4165.6
220 	50    	3658.52	3268.4	4165.6
221 	50    	3658.52	3268.4	4165.6
222 	50    	3658.52	3268.4	4165.6
223 	50    	3658.52	3268.4	4165.6
224 	50    	3658.52	3268.4	4165.6
225 	50    	3659.9 	3268.4	4165.6
226 	50    	3659.9 	3268.4	4165.6
227 	50    	3659.9 	3268.4	4165.6
228 	50    	3659.9 	3268.4	4165.6
229 	50    	3659.9 	3268.4	4165.6
230 	50    	3659.9 	3268.4	4165.6
231 	50    	3661.08	3268.4	4165.6
232 	50    	3661.08	3268.4	4165.6
233 	50    	3661.08	3268.4	4165.6
234 	50    	3663.02	3268.4	4165.6
235 	50    	3674.7 	3268.4	4165.6
236 	50    	3676.82	3290  	4165.6
237 	50    	3677.66	3290  	4165.6
238 	50    	3677.66	3290  	4165.6
239 	50    	3677.66	3290  	4165.6
240 	50    	3677.66	3290  	4165.6
241 	50    	3677.66	3290  	4165.6
242 	50    	3680.04	3290  	4180.4
243 	50    	3680.04	3290  	4180.4
244 	50    	3680.04	3290  	4180.4
245 	50    	3680.04	3290  	4180.4
246 	50    	3680.04	3290  	4180.4
247 	50    	3680.04	3290  	4180.4
248 	50    	3681.63	3290  	4180.4
249 	50    	3681.63	3290  	4180.4
250 	50    	3681.63	3290  	4180.4
251 	50    	3682.07	3290  	4180.4
252 	50    	3682.07	3290  	4180.4
253 	50    	3682.07	3290  	4180.4
254 	50    	3682.07	3290  	4180.4
255 	50    	3682.07	3290  	4180.4
256 	50    	3682.07	3290  	4180.4
257 	50    	3685.53	3371.2	4180.4
258 	50    	3685.53	3371.2	4180.4
259 	50    	3685.9 	3371.2	4180.4
260 	50    	3685.9 	3371.2	4180.4
261 	50    	3685.9 	3371.2	4180.4
262 	50    	3685.9 	3371.2	4180.4
263 	50    	3685.9 	3371.2	4180.4
264 	50    	3685.9 	3371.2	4180.4
265 	50    	3685.9 	3371.2	4180.4
266 	50    	3685.9 	3371.2	4180.4
267 	50    	3685.9 	3371.2	4180.4
268 	50    	3688.33	3371.2	4180.4
269 	50    	3688.33	3371.2	4180.4
270 	50    	3688.33	3371.2	4180.4
271 	50    	3688.33	3371.2	4180.4
272 	50    	3688.33	3371.2	4180.4
273 	50    	3688.33	3371.2	4180.4
274 	50    	3688.33	3371.2	4180.4
275 	50    	3688.33	3371.2	4180.4
276 	50    	3688.33	3371.2	4180.4
277 	50    	3688.33	3371.2	4180.4
278 	50    	3688.33	3371.2	4180.4
279 	50    	3688.33	3371.2	4180.4
280 	50    	3688.33	3371.2	4180.4
281 	50    	3688.33	3371.2	4180.4
282 	50    	3693.91	3371.2	4180.4
283 	50    	3693.91	3371.2	4180.4
284 	50    	3693.91	3371.2	4180.4
285 	50    	3693.91	3371.2	4180.4
286 	50    	3693.91	3371.2	4180.4
287 	50    	3693.91	3371.2	4180.4
288 	50    	3693.91	3371.2	4180.4
289 	50    	3693.91	3371.2	4180.4
290 	50    	3693.91	3371.2	4180.4
291 	50    	3693.91	3371.2	4180.4
292 	50    	3699.87	3396  	4180.4
293 	50    	3699.87	3396  	4180.4
294 	50    	3699.87	3396  	4180.4
295 	50    	3699.87	3396  	4180.4
296 	50    	3699.87	3396  	4180.4
297 	50    	3699.87	3396  	4180.4
298 	50    	3699.87	3396  	4180.4
299 	50    	3699.87	3396  	4180.4
300 	50    	3699.87	3396  	4180.4
301 	50    	3699.87	3396  	4180.4
302 	50    	3710.32	3396  	4180.4
303 	50    	3710.32	3396  	4180.4
304 	50    	3710.32	3396  	4180.4
305 	50    	3710.32	3396  	4180.4
306 	50    	3710.32	3396  	4180.4
307 	50    	3710.32	3396  	4180.4
308 	50    	3710.32	3396  	4180.4
309 	50    	3710.32	3396  	4180.4
310 	50    	3710.5 	3396  	4180.4
311 	50    	3710.5 	3396  	4180.4
312 	50    	3710.5 	3396  	4180.4
313 	50    	3710.5 	3396  	4180.4
314 	50    	3710.5 	3396  	4180.4
315 	50    	3710.5 	3396  	4180.4
316 	50    	3715.3 	3396  	4180.4
317 	50    	3715.3 	3396  	4180.4
318 	50    	3715.3 	3396  	4180.4
319 	50    	3715.3 	3396  	4180.4
320 	50    	3715.3 	3396  	4180.4
321 	50    	3715.3 	3396  	4180.4
322 	50    	3715.3 	3396  	4180.4
323 	50    	3718.8 	3396  	4180.4
324 	50    	3718.8 	3396  	4180.4
325 	50    	3718.8 	3396  	4180.4
326 	50    	3718.8 	3396  	4180.4
327 	50    	3718.8 	3396  	4180.4
328 	50    	3718.8 	3396  	4180.4
329 	50    	3718.8 	3396  	4180.4
330 	50    	3718.8 	3396  	4180.4
331 	50    	3718.8 	3396  	4180.4
332 	50    	3718.8 	3396  	4180.4
333 	50    	3718.82	3396  	4180.4
334 	50    	3718.82	3396  	4180.4
335 	50    	3718.82	3396  	4180.4
336 	50    	3718.82	3396  	4180.4
337 	50    	3718.82	3396  	4180.4
338 	50    	3718.82	3396  	4180.4
339 	50    	3718.82	3396  	4180.4
340 	50    	3719.46	3396  	4180.4
341 	50    	3719.46	3396  	4180.4
342 	50    	3719.46	3396  	4180.4
343 	50    	3719.46	3396  	4180.4
344 	50    	3719.46	3396  	4180.4
345 	50    	3719.46	3396  	4180.4
346 	50    	3719.46	3396  	4180.4
347 	50    	3719.46	3396  	4180.4
348 	50    	3719.46	3396  	4180.4
349 	50    	3719.46	3396  	4180.4
350 	50    	3719.46	3396  	4180.4
351 	50    	3719.46	3396  	4180.4
352 	50    	3719.46	3396  	4180.4
353 	50    	3719.46	3396  	4180.4
354 	50    	3719.46	3396  	4180.4
355 	50    	3719.46	3396  	4180.4
356 	50    	3719.46	3396  	4180.4
357 	50    	3729.9 	3396  	4180.4
358 	50    	3729.9 	3396  	4180.4
359 	50    	3729.9 	3396  	4180.4
360 	50    	3729.9 	3396  	4180.4
361 	50    	3729.9 	3396  	4180.4
362 	50    	3729.9 	3396  	4180.4
363 	50    	3729.9 	3396  	4180.4
364 	50    	3729.9 	3396  	4180.4
365 	50    	3729.9 	3396  	4180.4
366 	50    	3729.9 	3396  	4180.4
367 	50    	3729.9 	3396  	4180.4
368 	50    	3729.9 	3396  	4180.4
369 	50    	3729.9 	3396  	4180.4
370 	50    	3729.9 	3396  	4180.4
371 	50    	3729.9 	3396  	4180.4
372 	50    	3729.9 	3396  	4180.4
373 	50    	3729.9 	3396  	4180.4
374 	50    	3729.9 	3396  	4180.4
375 	50    	3729.9 	3396  	4180.4
376 	50    	3729.9 	3396  	4180.4
377 	50    	3729.9 	3396  	4180.4
378 	50    	3732.35	3396  	4180.4
379 	50    	3732.35	3396  	4180.4
380 	50    	3734.89	3396  	4180.4
381 	50    	3734.89	3396  	4180.4
382 	50    	3734.89	3396  	4180.4
383 	50    	3734.97	3396  	4180.4
384 	50    	3734.97	3396  	4180.4
385 	50    	3734.97	3396  	4180.4
386 	50    	3737.65	3396  	4180.4
387 	50    	3737.65	3396  	4180.4
388 	50    	3738.62	3396  	4180.4
389 	50    	3738.62	3396  	4180.4
390 	50    	3738.62	3396  	4180.4
391 	50    	3738.62	3396  	4180.4
392 	50    	3738.62	3396  	4180.4
393 	50    	3744.23	3396  	4180.4
394 	50    	3744.23	3396  	4180.4
395 	50    	3757.35	3396  	4356.4
396 	50    	3757.35	3396  	4356.4
397 	50    	3757.35	3396  	4356.4
398 	50    	3757.35	3396  	4356.4
399 	50    	3765.06	3416.4	4356.4
400 	50    	3765.32	3416.4	4356.4
401 	50    	3765.32	3416.4	4356.4
402 	50    	3765.32	3416.4	4356.4
403 	50    	3765.32	3416.4	4356.4
404 	50    	3767.38	3416.4	4356.4
405 	50    	3767.38	3416.4	4356.4
406 	50    	3767.38	3416.4	4356.4
407 	50    	3767.38	3416.4	4356.4
408 	50    	3767.38	3416.4	4356.4
409 	50    	3773.66	3416.4	4356.4
410 	50    	3773.66	3416.4	4356.4
411 	50    	3773.66	3416.4	4356.4
412 	50    	3773.66	3416.4	4356.4
413 	50    	3773.66	3416.4	4356.4
414 	50    	3773.66	3416.4	4356.4
415 	50    	3773.66	3416.4	4356.4
416 	50    	3790.69	3416.4	4474.4
417 	50    	3790.69	3416.4	4474.4
418 	50    	3790.69	3416.4	4474.4
419 	50    	3790.69	3416.4	4474.4
420 	50    	3790.69	3416.4	4474.4
421 	50    	3790.69	3416.4	4474.4
422 	50    	3790.69	3416.4	4474.4
423 	50    	3796.49	3416.4	4474.4
424 	50    	3796.49	3416.4	4474.4
425 	50    	3796.49	3416.4	4474.4
426 	50    	3796.49	3416.4	4474.4
427 	50    	3796.49	3416.4	4474.4
428 	50    	3796.49	3416.4	4474.4
429 	50    	3796.49	3416.4	4474.4
430 	50    	3796.49	3416.4	4474.4
431 	50    	3796.49	3416.4	4474.4
432 	50    	3796.49	3416.4	4474.4
433 	50    	3796.49	3416.4	4474.4
434 	50    	3796.49	3416.4	4474.4
435 	50    	3796.49	3416.4	4474.4
436 	50    	3796.49	3416.4	4474.4
437 	50    	3796.49	3416.4	4474.4
438 	50    	3796.49	3416.4	4474.4
439 	50    	3796.49	3416.4	4474.4
440 	50    	3796.49	3416.4	4474.4
441 	50    	3796.49	3416.4	4474.4
442 	50    	3796.49	3416.4	4474.4
443 	50    	3796.49	3416.4	4474.4
444 	50    	3796.49	3416.4	4474.4
445 	50    	3801.71	3416.4	4474.4
446 	50    	3801.71	3416.4	4474.4
447 	50    	3801.71	3416.4	4474.4
448 	50    	3810.81	3416.4	4474.4
449 	50    	3810.81	3416.4	4474.4
450 	50    	3812.11	3416.4	4474.4
451 	50    	3812.11	3416.4	4474.4
452 	50    	3812.11	3416.4	4474.4
453 	50    	3812.11	3416.4	4474.4
454 	50    	3812.11	3416.4	4474.4
455 	50    	3812.11	3416.4	4474.4
456 	50    	3812.11	3416.4	4474.4
457 	50    	3812.11	3416.4	4474.4
458 	50    	3812.11	3416.4	4474.4
459 	50    	3812.11	3416.4	4474.4
460 	50    	3812.11	3416.4	4474.4
461 	50    	3812.11	3416.4	4474.4
462 	50    	3812.11	3416.4	4474.4
463 	50    	3812.11	3416.4	4474.4
464 	50    	3812.11	3416.4	4474.4
465 	50    	3812.11	3416.4	4474.4
466 	50    	3812.11	3416.4	4474.4
467 	50    	3812.11	3416.4	4474.4
468 	50    	3812.11	3416.4	4474.4
469 	50    	3812.11	3416.4	4474.4
470 	50    	3820.4 	3416.4	4474.4
471 	50    	3820.4 	3416.4	4474.4
472 	50    	3820.4 	3416.4	4474.4
473 	50    	3820.4 	3416.4	4474.4
474 	50    	3820.4 	3416.4	4474.4
475 	50    	3820.4 	3416.4	4474.4
476 	50    	3838.62	3416.4	4702  
477 	50    	3838.62	3416.4	4702  
478 	50    	3838.62	3416.4	4702  
479 	50    	3838.62	3416.4	4702  
480 	50    	3838.62	3416.4	4702  
481 	50    	3838.62	3416.4	4702  
482 	50    	3838.62	3416.4	4702  
483 	50    	3838.62	3416.4	4702  
484 	50    	3838.62	3416.4	4702  
485 	50    	3838.62	3416.4	4702  
486 	50    	3838.62	3416.4	4702  
487 	50    	3838.62	3416.4	4702  
488 	50    	3838.62	3416.4	4702  
489 	50    	3838.62	3416.4	4702  
490 	50    	3846.62	3416.4	4702  
491 	50    	3846.62	3416.4	4702  
492 	50    	3846.62	3416.4	4702  
493 	50    	3846.62	3416.4	4702  
494 	50    	3867.34	3416.4	4854.8
495 	50    	3869.3 	3416.4	4854.8
496 	50    	3869.3 	3416.4	4854.8
497 	50    	3869.3 	3416.4	4854.8
498 	50    	3869.3 	3416.4	4854.8
499 	50    	3869.3 	3416.4	4854.8
500 	50    	3869.3 	3416.4	4854.8
501 	50    	3869.3 	3416.4	4854.8
502 	50    	3869.3 	3416.4	4854.8
503 	50    	3869.3 	3416.4	4854.8
504 	50    	3869.3 	3416.4	4854.8
505 	50    	3869.3 	3416.4	4854.8
506 	50    	3869.3 	3416.4	4854.8
507 	50    	3869.3 	3416.4	4854.8
508 	50    	3869.51	3416.4	4854.8
509 	50    	3869.51	3416.4	4854.8
510 	50    	3869.51	3416.4	4854.8
511 	50    	3869.51	3416.4	4854.8
512 	50    	3869.51	3416.4	4854.8
513 	50    	3869.51	3416.4	4854.8
514 	50    	3869.51	3416.4	4854.8
515 	50    	3874.06	3416.4	4854.8
516 	50    	3877.82	3416.4	4854.8
517 	50    	3877.82	3416.4	4854.8
518 	50    	3877.82	3416.4	4854.8
519 	50    	3877.82	3416.4	4854.8
520 	50    	3877.82	3416.4	4854.8
521 	50    	3877.82	3416.4	4854.8
522 	50    	3877.82	3416.4	4854.8
523 	50    	3879.11	3416.4	4854.8
524 	50    	3879.11	3416.4	4854.8
525 	50    	3879.11	3416.4	4854.8
526 	50    	3879.11	3416.4	4854.8
527 	50    	3879.11	3416.4	4854.8
528 	50    	3879.11	3416.4	4854.8
529 	50    	3881.21	3416.4	4854.8
530 	50    	3881.21	3416.4	4854.8
531 	50    	3881.21	3416.4	4854.8
532 	50    	3881.21	3416.4	4854.8
533 	50    	3881.21	3416.4	4854.8
534 	50    	3881.21	3416.4	4854.8
535 	50    	3881.21	3416.4	4854.8
536 	50    	3881.21	3416.4	4854.8
537 	50    	3881.21	3416.4	4854.8
538 	50    	3881.21	3416.4	4854.8
539 	50    	3881.21	3416.4	4854.8
540 	50    	3881.21	3416.4	4854.8
541 	50    	3881.21	3416.4	4854.8
542 	50    	3881.21	3416.4	4854.8
543 	50    	3881.21	3416.4	4854.8
544 	50    	3881.21	3416.4	4854.8
545 	50    	3881.21	3416.4	4854.8
546 	50    	3881.21	3416.4	4854.8
547 	50    	3881.21	3416.4	4854.8
548 	50    	3881.21	3416.4	4854.8
549 	50    	3881.21	3416.4	4854.8
550 	50    	3881.21	3416.4	4854.8
551 	50    	3881.21	3416.4	4854.8
552 	50    	3881.21	3416.4	4854.8
553 	50    	3881.21	3416.4	4854.8
554 	50    	3881.21	3416.4	4854.8
555 	50    	3884.48	3416.4	4854.8
556 	50    	3884.48	3416.4	4854.8
557 	50    	3884.48	3416.4	4854.8
558 	50    	3895.12	3452.8	4854.8
559 	50    	3896.22	3452.8	4854.8
560 	50    	3902.95	3452.8	4854.8
561 	50    	3902.95	3452.8	4854.8
562 	50    	3902.95	3452.8	4854.8
563 	50    	3902.95	3452.8	4854.8
564 	50    	3902.95	3452.8	4854.8
565 	50    	3902.95	3452.8	4854.8
566 	50    	3902.95	3452.8	4854.8
567 	50    	3902.95	3452.8	4854.8
568 	50    	3902.95	3452.8	4854.8
569 	50    	3902.95	3452.8	4854.8
570 	50    	3902.95	3452.8	4854.8
571 	50    	3902.95	3452.8	4854.8
572 	50    	3902.95	3452.8	4854.8
573 	50    	3902.95	3452.8	4854.8
574 	50    	3902.95	3452.8	4854.8
575 	50    	3902.95	3452.8	4854.8
576 	50    	3902.95	3452.8	4854.8
577 	50    	3902.95	3452.8	4854.8
578 	50    	3902.95	3452.8	4854.8
579 	50    	3902.95	3452.8	4854.8
580 	50    	3902.95	3452.8	4854.8
581 	50    	3902.95	3452.8	4854.8
582 	50    	3902.95	3452.8	4854.8
583 	50    	3902.95	3452.8	4854.8
584 	50    	3902.95	3452.8	4854.8
585 	50    	3902.95	3452.8	4854.8
586 	50    	3902.95	3452.8	4854.8
587 	50    	3902.95	3452.8	4854.8
588 	50    	3902.95	3452.8	4854.8
589 	50    	3902.95	3452.8	4854.8
590 	50    	3902.95	3452.8	4854.8
591 	50    	3902.95	3452.8	4854.8
592 	50    	3902.95	3452.8	4854.8
593 	50    	3902.95	3452.8	4854.8
594 	50    	3902.95	3452.8	4854.8
595 	50    	3902.95	3452.8	4854.8
596 	50    	3902.95	3452.8	4854.8
597 	50    	3902.95	3452.8	4854.8
598 	50    	3902.95	3452.8	4854.8
599 	50    	3902.95	3452.8	4854.8
600 	50    	3902.95	3452.8	4854.8
601 	50    	3908   	3452.8	4854.8
602 	50    	3908   	3452.8	4854.8
603 	50    	3908   	3452.8	4854.8
604 	50    	3908   	3452.8	4854.8
605 	50    	3908   	3452.8	4854.8
606 	50    	3908   	3452.8	4854.8
607 	50    	3908   	3452.8	4854.8
608 	50    	3908   	3452.8	4854.8
609 	50    	3908   	3452.8	4854.8
610 	50    	3908   	3452.8	4854.8
611 	50    	3908   	3452.8	4854.8
612 	50    	3908   	3452.8	4854.8
613 	50    	3911.31	3452.8	4854.8
614 	50    	3911.31	3452.8	4854.8
615 	50    	3911.31	3452.8	4854.8
616 	50    	3911.31	3452.8	4854.8
617 	50    	3912.7 	3452.8	4854.8
618 	50    	3912.7 	3452.8	4854.8
619 	50    	3912.7 	3452.8	4854.8
620 	50    	3912.7 	3452.8	4854.8
621 	50    	3912.7 	3452.8	4854.8
622 	50    	3912.7 	3452.8	4854.8
623 	50    	3912.7 	3452.8	4854.8
624 	50    	3912.7 	3452.8	4854.8
625 	50    	3912.7 	3452.8	4854.8
626 	50    	3912.7 	3452.8	4854.8
627 	50    	3912.7 	3452.8	4854.8
628 	50    	3912.7 	3452.8	4854.8
629 	50    	3912.7 	3452.8	4854.8
630 	50    	3914.81	3452.8	4854.8
631 	50    	3914.81	3452.8	4854.8
632 	50    	3914.81	3452.8	4854.8
633 	50    	3914.81	3452.8	4854.8
634 	50    	3925.28	3452.8	4854.8
635 	50    	3925.28	3452.8	4854.8
636 	50    	3925.28	3452.8	4854.8
637 	50    	3925.28	3452.8	4854.8
638 	50    	3925.28	3452.8	4854.8
639 	50    	3925.58	3452.8	4854.8
640 	50    	3925.58	3452.8	4854.8
641 	50    	3927.41	3452.8	4854.8
642 	50    	3930.95	3452.8	4854.8
643 	50    	3930.95	3452.8	4854.8
644 	50    	3930.95	3452.8	4854.8
645 	50    	3956.4 	3452.8	5245.2
646 	50    	3956.4 	3452.8	5245.2
647 	50    	3956.4 	3452.8	5245.2
648 	50    	3956.4 	3452.8	5245.2
649 	50    	3956.4 	3452.8	5245.2
650 	50    	3956.4 	3452.8	5245.2
651 	50    	3956.4 	3452.8	5245.2
652 	50    	3956.4 	3452.8	5245.2
653 	50    	3956.4 	3452.8	5245.2
654 	50    	3956.4 	3452.8	5245.2
655 	50    	3956.4 	3452.8	5245.2
656 	50    	3956.4 	3452.8	5245.2
657 	50    	3956.4 	3452.8	5245.2
658 	50    	3956.4 	3452.8	5245.2
659 	50    	3956.4 	3452.8	5245.2
660 	50    	3956.4 	3452.8	5245.2
661 	50    	3956.4 	3452.8	5245.2
662 	50    	3956.4 	3452.8	5245.2
663 	50    	3956.4 	3452.8	5245.2
664 	50    	3956.4 	3452.8	5245.2
665 	50    	3956.4 	3452.8	5245.2
666 	50    	3956.4 	3452.8	5245.2
667 	50    	3956.4 	3452.8	5245.2
668 	50    	3956.4 	3452.8	5245.2
669 	50    	3956.4 	3452.8	5245.2
670 	50    	3956.4 	3452.8	5245.2
671 	50    	3956.4 	3452.8	5245.2
672 	50    	3956.4 	3452.8	5245.2
673 	50    	3956.4 	3452.8	5245.2
674 	50    	3956.4 	3452.8	5245.2
675 	50    	3956.4 	3452.8	5245.2
676 	50    	3956.4 	3452.8	5245.2
677 	50    	3963.46	3452.8	5245.2
678 	50    	3963.46	3452.8	5245.2
679 	50    	3963.46	3452.8	5245.2
680 	50    	3963.46	3452.8	5245.2
681 	50    	3963.46	3452.8	5245.2
682 	50    	3963.46	3452.8	5245.2
683 	50    	3963.46	3452.8	5245.2
684 	50    	3963.46	3452.8	5245.2
685 	50    	3963.46	3452.8	5245.2
686 	50    	3963.46	3452.8	5245.2
687 	50    	3963.46	3452.8	5245.2
688 	50    	3963.46	3452.8	5245.2
689 	50    	3963.46	3452.8	5245.2
690 	50    	3963.46	3452.8	5245.2
691 	50    	3963.46	3452.8	5245.2
692 	50    	3963.46	3452.8	5245.2
693 	50    	3963.46	3452.8	5245.2
694 	50    	3963.46	3452.8	5245.2
695 	50    	3963.46	3452.8	5245.2
696 	50    	3963.46	3452.8	5245.2
697 	50    	3963.46	3452.8	5245.2
698 	50    	3963.46	3452.8	5245.2
699 	50    	3976.18	3452.8	5245.2
700 	50    	3976.99	3452.8	5245.2
701 	50    	3976.99	3452.8	5245.2
702 	50    	3976.99	3452.8	5245.2
703 	50    	3976.99	3452.8	5245.2
704 	50    	3976.99	3452.8	5245.2
705 	50    	3976.99	3452.8	5245.2
706 	50    	3976.99	3452.8	5245.2
707 	50    	3976.99	3452.8	5245.2
708 	50    	3976.99	3452.8	5245.2
709 	50    	3976.99	3452.8	5245.2
710 	50    	3976.99	3452.8	5245.2
711 	50    	3976.99	3452.8	5245.2
712 	50    	3976.99	3452.8	5245.2
713 	50    	3986.1 	3452.8	5245.2
714 	50    	3986.1 	3452.8	5245.2
715 	50    	3986.1 	3452.8	5245.2
716 	50    	3986.1 	3452.8	5245.2
717 	50    	3986.1 	3452.8	5245.2
718 	50    	3988.86	3452.8	5245.2
719 	50    	3988.86	3452.8	5245.2
720 	50    	3988.86	3452.8	5245.2
721 	50    	3988.86	3452.8	5245.2
722 	50    	3988.86	3452.8	5245.2
723 	50    	3988.86	3452.8	5245.2
724 	50    	3988.86	3452.8	5245.2
725 	50    	3988.86	3452.8	5245.2
726 	50    	3988.86	3452.8	5245.2
727 	50    	3988.86	3452.8	5245.2
728 	50    	3988.86	3452.8	5245.2
729 	50    	3988.86	3452.8	5245.2
730 	50    	3988.86	3452.8	5245.2
731 	50    	3988.86	3452.8	5245.2
732 	50    	3988.86	3452.8	5245.2
733 	50    	3988.86	3452.8	5245.2
734 	50    	3988.86	3452.8	5245.2
735 	50    	3989.85	3452.8	5245.2
736 	50    	3989.85	3452.8	5245.2
737 	50    	3989.85	3452.8	5245.2
738 	50    	3989.85	3452.8	5245.2
739 	50    	3998.9 	3452.8	5245.2
740 	50    	3998.9 	3452.8	5245.2
741 	50    	3998.9 	3452.8	5245.2
742 	50    	3998.9 	3452.8	5245.2
743 	50    	3998.9 	3452.8	5245.2
744 	50    	3998.9 	3452.8	5245.2
745 	50    	3998.9 	3452.8	5245.2
746 	50    	3998.9 	3452.8	5245.2
747 	50    	3998.9 	3452.8	5245.2
748 	50    	3998.9 	3452.8	5245.2
749 	50    	3998.9 	3452.8	5245.2
750 	50    	3998.9 	3452.8	5245.2
751 	50    	3998.9 	3452.8	5245.2
752 	50    	4004.2 	3452.8	5245.2
753 	50    	4004.2 	3452.8	5245.2
754 	50    	4004.2 	3452.8	5245.2
755 	50    	4004.2 	3452.8	5245.2
756 	50    	4004.2 	3452.8	5245.2
757 	50    	4004.2 	3452.8	5245.2
758 	50    	4004.2 	3452.8	5245.2
759 	50    	4004.2 	3452.8	5245.2
760 	50    	4004.2 	3452.8	5245.2
761 	50    	4004.2 	3452.8	5245.2
762 	50    	4004.2 	3452.8	5245.2
763 	50    	4004.2 	3452.8	5245.2
764 	50    	4004.2 	3452.8	5245.2
765 	50    	4004.2 	3452.8	5245.2
766 	50    	4004.2 	3452.8	5245.2
767 	50    	4004.2 	3452.8	5245.2
768 	50    	4004.2 	3452.8	5245.2
769 	50    	4004.2 	3452.8	5245.2
770 	50    	4004.2 	3452.8	5245.2
771 	50    	4004.2 	3452.8	5245.2
772 	50    	4004.2 	3452.8	5245.2
773 	50    	4004.2 	3452.8	5245.2
774 	50    	4004.2 	3452.8	5245.2
775 	50    	4004.2 	3452.8	5245.2
776 	50    	4004.2 	3452.8	5245.2
777 	50    	4004.2 	3452.8	5245.2
778 	50    	4004.2 	3452.8	5245.2
779 	50    	4004.2 	3452.8	5245.2
780 	50    	4004.2 	3452.8	5245.2
781 	50    	4004.2 	3452.8	5245.2
782 	50    	4004.2 	3452.8	5245.2
783 	50    	4004.2 	3452.8	5245.2
784 	50    	4004.2 	3452.8	5245.2
785 	50    	4004.2 	3452.8	5245.2
786 	50    	4004.2 	3452.8	5245.2
787 	50    	4004.2 	3452.8	5245.2
788 	50    	4004.2 	3452.8	5245.2
789 	50    	4004.2 	3452.8	5245.2
790 	50    	4004.2 	3452.8	5245.2
791 	50    	4004.2 	3452.8	5245.2
792 	50    	4005.9 	3452.8	5245.2
793 	50    	4005.9 	3452.8	5245.2
794 	50    	4011.06	3452.8	5245.2
795 	50    	4011.06	3452.8	5245.2
796 	50    	4011.06	3452.8	5245.2
797 	50    	4011.06	3452.8	5245.2
798 	50    	4011.06	3452.8	5245.2
799 	50    	4012.58	3452.8	5245.2
800 	50    	4019.62	3591.2	5245.2
801 	50    	4019.62	3591.2	5245.2
802 	50    	4019.62	3591.2	5245.2
803 	50    	4019.62	3591.2	5245.2
804 	50    	4022.19	3591.2	5245.2
805 	50    	4022.19	3591.2	5245.2
806 	50    	4022.19	3591.2	5245.2
807 	50    	4022.19	3591.2	5245.2
808 	50    	4022.19	3591.2	5245.2
809 	50    	4022.19	3591.2	5245.2
810 	50    	4024.51	3594.8	5245.2
811 	50    	4024.51	3594.8	5245.2
812 	50    	4024.51	3594.8	5245.2
813 	50    	4024.51	3594.8	5245.2
814 	50    	4024.51	3594.8	5245.2
815 	50    	4024.51	3594.8	5245.2
816 	50    	4024.51	3594.8	5245.2
817 	50    	4024.51	3594.8	5245.2
818 	50    	4024.51	3594.8	5245.2
819 	50    	4024.51	3594.8	5245.2
820 	50    	4024.51	3594.8	5245.2
821 	50    	4024.51	3594.8	5245.2
822 	50    	4024.51	3594.8	5245.2
823 	50    	4024.51	3594.8	5245.2
824 	50    	4024.51	3594.8	5245.2
825 	50    	4024.51	3594.8	5245.2
826 	50    	4024.51	3594.8	5245.2
827 	50    	4024.51	3594.8	5245.2
828 	50    	4024.51	3594.8	5245.2
829 	50    	4025.67	3594.8	5245.2
830 	50    	4025.67	3594.8	5245.2
831 	50    	4025.67	3594.8	5245.2
832 	50    	4025.67	3594.8	5245.2
833 	50    	4025.67	3594.8	5245.2
834 	50    	4025.67	3594.8	5245.2
835 	50    	4025.67	3594.8	5245.2
836 	50    	4025.67	3594.8	5245.2
837 	50    	4025.67	3594.8	5245.2
838 	50    	4025.67	3594.8	5245.2
839 	50    	4025.67	3594.8	5245.2
840 	50    	4025.67	3594.8	5245.2
841 	50    	4025.67	3594.8	5245.2
842 	50    	4025.67	3594.8	5245.2
843 	50    	4025.67	3594.8	5245.2
844 	50    	4025.67	3594.8	5245.2
845 	50    	4025.67	3594.8	5245.2
846 	50    	4025.67	3594.8	5245.2
847 	50    	4025.67	3594.8	5245.2
848 	50    	4025.67	3594.8	5245.2
849 	50    	4025.67	3594.8	5245.2
850 	50    	4025.67	3594.8	5245.2
851 	50    	4025.67	3594.8	5245.2
852 	50    	4028.47	3596  	5245.2
853 	50    	4028.47	3596  	5245.2
854 	50    	4028.47	3596  	5245.2
855 	50    	4028.47	3596  	5245.2
856 	50    	4028.47	3596  	5245.2
857 	50    	4028.47	3596  	5245.2
858 	50    	4028.47	3596  	5245.2
859 	50    	4028.47	3596  	5245.2
860 	50    	4028.47	3596  	5245.2
861 	50    	4028.47	3596  	5245.2
862 	50    	4028.47	3596  	5245.2
863 	50    	4028.47	3596  	5245.2
864 	50    	4036.15	3596  	5245.2
865 	50    	4036.94	3596  	5245.2
866 	50    	4036.94	3596  	5245.2
867 	50    	4036.94	3596  	5245.2
868 	50    	4039.16	3596  	5245.2
869 	50    	4039.16	3596  	5245.2
870 	50    	4039.16	3596  	5245.2
871 	50    	4039.16	3596  	5245.2
872 	50    	4039.16	3596  	5245.2
873 	50    	4039.16	3596  	5245.2
874 	50    	4039.16	3596  	5245.2
875 	50    	4039.16	3596  	5245.2
876 	50    	4039.16	3596  	5245.2
877 	50    	4039.16	3596  	5245.2
878 	50    	4039.16	3596  	5245.2
879 	50    	4039.16	3596  	5245.2
880 	50    	4039.16	3596  	5245.2
881 	50    	4039.16	3596  	5245.2
882 	50    	4039.16	3596  	5245.2
883 	50    	4039.16	3596  	5245.2
884 	50    	4039.16	3596  	5245.2
885 	50    	4039.16	3596  	5245.2
886 	50    	4051.81	3596  	5245.2
887 	50    	4051.81	3596  	5245.2
888 	50    	4051.81	3596  	5245.2
889 	50    	4051.81	3596  	5245.2
890 	50    	4051.81	3596  	5245.2
891 	50    	4051.81	3596  	5245.2
892 	50    	4051.81	3596  	5245.2
893 	50    	4051.81	3596  	5245.2
894 	50    	4051.81	3596  	5245.2
895 	50    	4051.81	3596  	5245.2
896 	50    	4051.81	3596  	5245.2
897 	50    	4051.81	3596  	5245.2
898 	50    	4051.81	3596  	5245.2
899 	50    	4051.81	3596  	5245.2
900 	50    	4054.14	3596  	5245.2
901 	50    	4054.14	3596  	5245.2
902 	50    	4054.14	3596  	5245.2
903 	50    	4054.14	3596  	5245.2
904 	50    	4054.14	3596  	5245.2
905 	50    	4054.14	3596  	5245.2
906 	50    	4054.14	3596  	5245.2
907 	50    	4054.14	3596  	5245.2
908 	50    	4054.14	3596  	5245.2
909 	50    	4054.14	3596  	5245.2
910 	50    	4063.54	3596  	5245.2
911 	50    	4063.54	3596  	5245.2
912 	50    	4063.54	3596  	5245.2
913 	50    	4063.54	3596  	5245.2
914 	50    	4063.54	3596  	5245.2
915 	50    	4063.54	3596  	5245.2
916 	50    	4063.54	3596  	5245.2
917 	50    	4063.54	3596  	5245.2
918 	50    	4063.54	3596  	5245.2
919 	50    	4063.54	3596  	5245.2
920 	50    	4063.54	3596  	5245.2
921 	50    	4063.54	3596  	5245.2
922 	50    	4068.75	3596  	5245.2
923 	50    	4068.75	3596  	5245.2
924 	50    	4068.75	3596  	5245.2
925 	50    	4068.75	3596  	5245.2
926 	50    	4068.75	3596  	5245.2
927 	50    	4068.75	3596  	5245.2
928 	50    	4068.75	3596  	5245.2
929 	50    	4068.75	3596  	5245.2
930 	50    	4068.75	3596  	5245.2
931 	50    	4068.75	3596  	5245.2
932 	50    	4068.75	3596  	5245.2
933 	50    	4068.75	3596  	5245.2
934 	50    	4068.75	3596  	5245.2
935 	50    	4068.75	3596  	5245.2
936 	50    	4068.75	3596  	5245.2
937 	50    	4068.75	3596  	5245.2
938 	50    	4068.75	3596  	5245.2
939 	50    	4068.75	3596  	5245.2
940 	50    	4068.75	3596  	5245.2
941 	50    	4068.75	3596  	5245.2
942 	50    	4071.67	3596  	5245.2
943 	50    	4071.67	3596  	5245.2
944 	50    	4071.67	3596  	5245.2
945 	50    	4071.67	3596  	5245.2
946 	50    	4071.67	3596  	5245.2
947 	50    	4071.67	3596  	5245.2
948 	50    	4075.05	3596  	5245.2
949 	50    	4075.05	3596  	5245.2
950 	50    	4075.05	3596  	5245.2
951 	50    	4075.05	3596  	5245.2
952 	50    	4075.05	3596  	5245.2
953 	50    	4075.05	3596  	5245.2
954 	50    	4075.05	3596  	5245.2
955 	50    	4075.05	3596  	5245.2
956 	50    	4075.05	3596  	5245.2
957 	50    	4075.05	3596  	5245.2
958 	50    	4075.05	3596  	5245.2
959 	50    	4075.05	3596  	5245.2
960 	50    	4075.05	3596  	5245.2
961 	50    	4075.05	3596  	5245.2
962 	50    	4075.05	3596  	5245.2
963 	50    	4075.05	3596  	5245.2
964 	50    	4075.05	3596  	5245.2
965 	50    	4075.05	3596  	5245.2
966 	50    	4075.05	3596  	5245.2
967 	50    	4075.05	3596  	5245.2
968 	50    	4075.05	3596  	5245.2
969 	50    	4075.05	3596  	5245.2
970 	50    	4075.05	3596  	5245.2
971 	50    	4077.93	3596  	5245.2
972 	50    	4077.93	3596  	5245.2
973 	50    	4077.93	3596  	5245.2
974 	50    	4077.93	3596  	5245.2
975 	50    	4077.93	3596  	5245.2
976 	50    	4077.93	3596  	5245.2
977 	50    	4077.93	3596  	5245.2
978 	50    	4077.93	3596  	5245.2
979 	50    	4085.5 	3619.2	5245.2
980 	50    	4085.5 	3619.2	5245.2
981 	50    	4085.5 	3619.2	5245.2
982 	50    	4085.5 	3619.2	5245.2
983 	50    	4085.5 	3619.2	5245.2
984 	50    	4085.5 	3619.2	5245.2
985 	50    	4085.5 	3619.2	5245.2
986 	50    	4085.5 	3619.2	5245.2
987 	50    	4085.5 	3619.2	5245.2
988 	50    	4085.5 	3619.2	5245.2
989 	50    	4085.5 	3619.2	5245.2
990 	50    	4085.5 	3619.2	5245.2
991 	50    	4085.5 	3619.2	5245.2
992 	50    	4085.5 	3619.2	5245.2
993 	50    	4085.5 	3619.2	5245.2
994 	50    	4085.5 	3619.2	5245.2
995 	50    	4085.5 	3619.2	5245.2
996 	50    	4085.5 	3619.2	5245.2
997 	50    	4085.5 	3619.2	5245.2
998 	50    	4085.5 	3619.2	5245.2
999 	50    	4085.5 	3619.2	5245.2
1000	50    	4085.5 	3619.2	5245.2
1001	50    	4085.5 	3619.2	5245.2
1002	50    	4085.5 	3619.2	5245.2
1003	50    	4085.5 	3619.2	5245.2
1004	50    	4085.5 	3619.2	5245.2
1005	50    	4085.5 	3619.2	5245.2
1006	50    	4085.5 	3619.2	5245.2
1007	50    	4085.5 	3619.2	5245.2
1008	50    	4085.5 	3619.2	5245.2
1009	50    	4085.5 	3619.2	5245.2
1010	50    	4085.5 	3619.2	5245.2
1011	50    	4085.5 	3619.2	5245.2
1012	50    	4085.5 	3619.2	5245.2
1013	50    	4085.5 	3619.2	5245.2
1014	50    	4085.5 	3619.2	5245.2
1015	50    	4085.5 	3619.2	5245.2
1016	50    	4085.5 	3619.2	5245.2
1017	50    	4085.5 	3619.2	5245.2
1018	50    	4085.5 	3619.2	5245.2
1019	50    	4085.5 	3619.2	5245.2
1020	50    	4085.5 	3619.2	5245.2
1021	50    	4085.5 	3619.2	5245.2
1022	50    	4085.5 	3619.2	5245.2
1023	50    	4094.9 	3619.2	5245.2
1024	50    	4094.9 	3619.2	5245.2
1025	50    	4094.9 	3619.2	5245.2
1026	50    	4094.9 	3619.2	5245.2
1027	50    	4094.9 	3619.2	5245.2
1028	50    	4094.9 	3619.2	5245.2
1029	50    	4101.59	3619.2	5245.2
1030	50    	4101.59	3619.2	5245.2
1031	50    	4101.59	3619.2	5245.2
1032	50    	4101.59	3619.2	5245.2
1033	50    	4101.59	3619.2	5245.2
1034	50    	4101.59	3619.2	5245.2
1035	50    	4101.59	3619.2	5245.2
1036	50    	4101.59	3619.2	5245.2
1037	50    	4101.59	3619.2	5245.2
1038	50    	4101.59	3619.2	5245.2
1039	50    	4101.59	3619.2	5245.2
1040	50    	4101.59	3619.2	5245.2
1041	50    	4101.59	3619.2	5245.2
1042	50    	4101.59	3619.2	5245.2
1043	50    	4101.59	3619.2	5245.2
1044	50    	4101.59	3619.2	5245.2
1045	50    	4101.59	3619.2	5245.2
1046	50    	4106.85	3619.2	5245.2
1047	50    	4106.85	3619.2	5245.2
1048	50    	4106.85	3619.2	5245.2
1049	50    	4106.85	3619.2	5245.2
1050	50    	4106.85	3619.2	5245.2
1051	50    	4106.85	3619.2	5245.2
1052	50    	4106.85	3619.2	5245.2
1053	50    	4106.85	3619.2	5245.2
1054	50    	4106.9 	3619.2	5245.2
1055	50    	4106.9 	3619.2	5245.2
1056	50    	4106.9 	3619.2	5245.2
1057	50    	4106.9 	3619.2	5245.2
1058	50    	4106.9 	3619.2	5245.2
1059	50    	4106.9 	3619.2	5245.2
1060	50    	4110.86	3619.2	5245.2
1061	50    	4110.86	3619.2	5245.2
1062	50    	4110.86	3619.2	5245.2
1063	50    	4111.69	3619.2	5245.2
1064	50    	4111.69	3619.2	5245.2
1065	50    	4111.69	3619.2	5245.2
1066	50    	4111.69	3619.2	5245.2
1067	50    	4111.69	3619.2	5245.2
1068	50    	4111.69	3619.2	5245.2
1069	50    	4111.69	3619.2	5245.2
1070	50    	4111.69	3619.2	5245.2
1071	50    	4111.69	3619.2	5245.2
1072	50    	4111.69	3619.2	5245.2
1073	50    	4133.67	3619.2	5245.2
1074	50    	4133.67	3619.2	5245.2
1075	50    	4133.67	3619.2	5245.2
1076	50    	4133.67	3619.2	5245.2
1077	50    	4133.67	3619.2	5245.2
1078	50    	4133.67	3619.2	5245.2
1079	50    	4136.93	3619.2	5245.2
1080	50    	4136.93	3619.2	5245.2
1081	50    	4136.93	3619.2	5245.2
1082	50    	4136.93	3619.2	5245.2
1083	50    	4136.93	3619.2	5245.2
1084	50    	4136.93	3619.2	5245.2
1085	50    	4136.93	3619.2	5245.2
1086	50    	4136.93	3619.2	5245.2
1087	50    	4136.93	3619.2	5245.2
1088	50    	4136.93	3619.2	5245.2
1089	50    	4138.75	3619.2	5245.2
1090	50    	4138.75	3619.2	5245.2
1091	50    	4138.75	3619.2	5245.2
1092	50    	4138.75	3619.2	5245.2
1093	50    	4138.75	3619.2	5245.2
1094	50    	4138.75	3619.2	5245.2
1095	50    	4138.75	3619.2	5245.2
1096	50    	4138.75	3619.2	5245.2
1097	50    	4138.75	3619.2	5245.2
1098	50    	4138.75	3619.2	5245.2
1099	50    	4138.75	3619.2	5245.2
1100	50    	4138.75	3619.2	5245.2
1101	50    	4138.75	3619.2	5245.2
1102	50    	4161.61	3619.2	5245.2
1103	50    	4161.61	3619.2	5245.2
1104	50    	4161.61	3619.2	5245.2
1105	50    	4161.61	3619.2	5245.2
1106	50    	4161.61	3619.2	5245.2
1107	50    	4161.61	3619.2	5245.2
1108	50    	4161.61	3619.2	5245.2
1109	50    	4161.61	3619.2	5245.2
1110	50    	4161.61	3619.2	5245.2
1111	50    	4161.61	3619.2	5245.2
1112	50    	4161.61	3619.2	5245.2
1113	50    	4161.61	3619.2	5245.2
1114	50    	4161.61	3619.2	5245.2
1115	50    	4161.61	3619.2	5245.2
1116	50    	4161.61	3619.2	5245.2
1117	50    	4161.61	3619.2	5245.2
1118	50    	4161.61	3619.2	5245.2
1119	50    	4161.61	3619.2	5245.2
1120	50    	4161.61	3619.2	5245.2
1121	50    	4161.61	3619.2	5245.2
1122	50    	4161.74	3619.2	5245.2
1123	50    	4161.74	3619.2	5245.2
1124	50    	4161.74	3619.2	5245.2
1125	50    	4161.74	3619.2	5245.2
1126	50    	4161.74	3619.2	5245.2
1127	50    	4161.74	3619.2	5245.2
1128	50    	4161.74	3619.2	5245.2
1129	50    	4161.74	3619.2	5245.2
1130	50    	4161.74	3619.2	5245.2
1131	50    	4161.74	3619.2	5245.2
1132	50    	4161.74	3619.2	5245.2
1133	50    	4161.74	3619.2	5245.2
1134	50    	4161.74	3619.2	5245.2
1135	50    	4161.74	3619.2	5245.2
1136	50    	4161.74	3619.2	5245.2
1137	50    	4161.74	3619.2	5245.2
1138	50    	4161.74	3619.2	5245.2
1139	50    	4161.74	3619.2	5245.2
1140	50    	4161.74	3619.2	5245.2
1141	50    	4161.74	3619.2	5245.2
1142	50    	4161.74	3619.2	5245.2
1143	50    	4161.74	3619.2	5245.2
1144	50    	4161.74	3619.2	5245.2
1145	50    	4161.74	3619.2	5245.2
1146	50    	4161.74	3619.2	5245.2
1147	50    	4161.74	3619.2	5245.2
1148	50    	4161.74	3619.2	5245.2
1149	50    	4161.74	3619.2	5245.2
1150	50    	4161.74	3619.2	5245.2
1151	50    	4161.74	3619.2	5245.2
1152	50    	4161.74	3619.2	5245.2
1153	50    	4161.74	3619.2	5245.2
1154	50    	4161.74	3619.2	5245.2
1155	50    	4161.74	3619.2	5245.2
1156	50    	4161.74	3619.2	5245.2
1157	50    	4168.33	3619.2	5245.2
1158	50    	4168.33	3619.2	5245.2
1159	50    	4168.33	3619.2	5245.2
1160	50    	4168.33	3619.2	5245.2
1161	50    	4168.33	3619.2	5245.2
1162	50    	4168.33	3619.2	5245.2
1163	50    	4168.33	3619.2	5245.2
1164	50    	4168.33	3619.2	5245.2
1165	50    	4168.33	3619.2	5245.2
1166	50    	4168.33	3619.2	5245.2
1167	50    	4168.33	3619.2	5245.2
1168	50    	4168.33	3619.2	5245.2
1169	50    	4168.33	3619.2	5245.2
1170	50    	4168.33	3619.2	5245.2
1171	50    	4168.33	3619.2	5245.2
1172	50    	4168.33	3619.2	5245.2
1173	50    	4168.33	3619.2	5245.2
1174	50    	4168.33	3619.2	5245.2
1175	50    	4168.33	3619.2	5245.2
1176	50    	4168.33	3619.2	5245.2
1177	50    	4168.33	3619.2	5245.2
1178	50    	4168.33	3619.2	5245.2
1179	50    	4168.33	3619.2	5245.2
1180	50    	4168.33	3619.2	5245.2
1181	50    	4168.33	3619.2	5245.2
1182	50    	4168.33	3619.2	5245.2
1183	50    	4168.33	3619.2	5245.2
1184	50    	4168.33	3619.2	5245.2
1185	50    	4168.33	3619.2	5245.2
1186	50    	4168.33	3619.2	5245.2
1187	50    	4168.33	3619.2	5245.2
1188	50    	4168.33	3619.2	5245.2
1189	50    	4168.33	3619.2	5245.2
1190	50    	4168.33	3619.2	5245.2
1191	50    	4168.33	3619.2	5245.2
1192	50    	4168.33	3619.2	5245.2
1193	50    	4168.33	3619.2	5245.2
1194	50    	4168.33	3619.2	5245.2
1195	50    	4168.33	3619.2	5245.2
1196	50    	4168.33	3619.2	5245.2
1197	50    	4168.33	3619.2	5245.2
1198	50    	4168.33	3619.2	5245.2
1199	50    	4168.33	3619.2	5245.2
1200	50    	4168.33	3619.2	5245.2
1201	50    	4168.33	3619.2	5245.2
1202	50    	4168.33	3619.2	5245.2
1203	50    	4168.33	3619.2	5245.2
1204	50    	4168.33	3619.2	5245.2
1205	50    	4168.33	3619.2	5245.2
1206	50    	4168.33	3619.2	5245.2
1207	50    	4168.33	3619.2	5245.2
1208	50    	4168.33	3619.2	5245.2
1209	50    	4168.33	3619.2	5245.2
1210	50    	4168.33	3619.2	5245.2
1211	50    	4168.33	3619.2	5245.2
1212	50    	4168.33	3619.2	5245.2
1213	50    	4168.33	3619.2	5245.2
1214	50    	4168.33	3619.2	5245.2
1215	50    	4168.33	3619.2	5245.2
1216	50    	4168.33	3619.2	5245.2
1217	50    	4168.33	3619.2	5245.2
1218	50    	4168.33	3619.2	5245.2
1219	50    	4168.33	3619.2	5245.2
1220	50    	4168.33	3619.2	5245.2
1221	50    	4168.33	3619.2	5245.2
1222	50    	4168.33	3619.2	5245.2
1223	50    	4175.7 	3619.2	5245.2
1224	50    	4175.7 	3619.2	5245.2
1225	50    	4175.7 	3619.2	5245.2
1226	50    	4175.7 	3619.2	5245.2
1227	50    	4175.7 	3619.2	5245.2
1228	50    	4175.7 	3619.2	5245.2
1229	50    	4175.7 	3619.2	5245.2
1230	50    	4175.7 	3619.2	5245.2
1231	50    	4175.7 	3619.2	5245.2
1232	50    	4175.7 	3619.2	5245.2
1233	50    	4175.7 	3619.2	5245.2
1234	50    	4175.7 	3619.2	5245.2
1235	50    	4175.7 	3619.2	5245.2
1236	50    	4175.7 	3619.2	5245.2
1237	50    	4175.7 	3619.2	5245.2
1238	50    	4175.7 	3619.2	5245.2
1239	50    	4175.7 	3619.2	5245.2
1240	50    	4175.7 	3619.2	5245.2
1241	50    	4175.7 	3619.2	5245.2
1242	50    	4175.7 	3619.2	5245.2
1243	50    	4175.7 	3619.2	5245.2
1244	50    	4175.7 	3619.2	5245.2
1245	50    	4175.7 	3619.2	5245.2
1246	50    	4175.7 	3619.2	5245.2
1247	50    	4175.7 	3619.2	5245.2
1248	50    	4175.7 	3619.2	5245.2
1249	50    	4175.7 	3619.2	5245.2
1250	50    	4188.65	3619.2	5245.2
1251	50    	4188.65	3619.2	5245.2
1252	50    	4188.65	3619.2	5245.2
1253	50    	4188.65	3619.2	5245.2
1254	50    	4188.65	3619.2	5245.2
1255	50    	4188.65	3619.2	5245.2
1256	50    	4188.65	3619.2	5245.2
1257	50    	4188.65	3619.2	5245.2
1258	50    	4188.65	3619.2	5245.2
1259	50    	4188.65	3619.2	5245.2
1260	50    	4188.65	3619.2	5245.2
1261	50    	4188.65	3619.2	5245.2
1262	50    	4188.65	3619.2	5245.2
1263	50    	4188.65	3619.2	5245.2
1264	50    	4188.65	3619.2	5245.2
1265	50    	4188.65	3619.2	5245.2
1266	50    	4188.65	3619.2	5245.2
1267	50    	4188.65	3619.2	5245.2
1268	50    	4188.65	3619.2	5245.2
1269	50    	4188.65	3619.2	5245.2
1270	50    	4188.65	3619.2	5245.2
1271	50    	4188.65	3619.2	5245.2
1272	50    	4188.65	3619.2	5245.2
1273	50    	4188.65	3619.2	5245.2
1274	50    	4188.65	3619.2	5245.2
1275	50    	4188.65	3619.2	5245.2
1276	50    	4188.69	3619.2	5245.2
1277	50    	4188.69	3619.2	5245.2
1278	50    	4188.69	3619.2	5245.2
1279	50    	4188.69	3619.2	5245.2
1280	50    	4188.69	3619.2	5245.2
1281	50    	4188.69	3619.2	5245.2
1282	50    	4188.69	3619.2	5245.2
1283	50    	4188.69	3619.2	5245.2
1284	50    	4188.69	3619.2	5245.2
1285	50    	4188.69	3619.2	5245.2
1286	50    	4188.69	3619.2	5245.2
1287	50    	4188.69	3619.2	5245.2
1288	50    	4188.69	3619.2	5245.2
1289	50    	4188.69	3619.2	5245.2
1290	50    	4188.69	3619.2	5245.2
1291	50    	4188.69	3619.2	5245.2
1292	50    	4188.69	3619.2	5245.2
1293	50    	4188.69	3619.2	5245.2
1294	50    	4188.69	3619.2	5245.2
1295	50    	4188.69	3619.2	5245.2
1296	50    	4188.69	3619.2	5245.2
1297	50    	4188.69	3619.2	5245.2
1298	50    	4188.69	3619.2	5245.2
1299	50    	4188.69	3619.2	5245.2
1300	50    	4188.69	3619.2	5245.2
1301	50    	4188.69	3619.2	5245.2
1302	50    	4188.69	3619.2	5245.2
1303	50    	4188.69	3619.2	5245.2
1304	50    	4188.69	3619.2	5245.2
1305	50    	4188.69	3619.2	5245.2
1306	50    	4188.69	3619.2	5245.2
1307	50    	4188.69	3619.2	5245.2
1308	50    	4188.69	3619.2	5245.2
1309	50    	4188.69	3619.2	5245.2
1310	50    	4188.69	3619.2	5245.2
1311	50    	4188.69	3619.2	5245.2
1312	50    	4188.69	3619.2	5245.2
1313	50    	4188.69	3619.2	5245.2
1314	50    	4188.69	3619.2	5245.2
1315	50    	4188.69	3619.2	5245.2
1316	50    	4188.69	3619.2	5245.2
1317	50    	4188.69	3619.2	5245.2
1318	50    	4188.69	3619.2	5245.2
1319	50    	4188.69	3619.2	5245.2
1320	50    	4188.69	3619.2	5245.2
1321	50    	4188.69	3619.2	5245.2
1322	50    	4188.69	3619.2	5245.2
1323	50    	4188.69	3619.2	5245.2
1324	50    	4188.69	3619.2	5245.2
1325	50    	4188.69	3619.2	5245.2
1326	50    	4188.69	3619.2	5245.2
1327	50    	4188.69	3619.2	5245.2
1328	50    	4188.69	3619.2	5245.2
1329	50    	4188.69	3619.2	5245.2
1330	50    	4188.69	3619.2	5245.2
1331	50    	4188.69	3619.2	5245.2
1332	50    	4188.69	3619.2	5245.2
1333	50    	4188.69	3619.2	5245.2
1334	50    	4188.69	3619.2	5245.2
1335	50    	4188.69	3619.2	5245.2
1336	50    	4188.69	3619.2	5245.2
1337	50    	4188.69	3619.2	5245.2
1338	50    	4188.69	3619.2	5245.2
1339	50    	4188.69	3619.2	5245.2
1340	50    	4188.69	3619.2	5245.2
1341	50    	4188.69	3619.2	5245.2
1342	50    	4188.69	3619.2	5245.2
1343	50    	4188.69	3619.2	5245.2
1344	50    	4188.69	3619.2	5245.2
1345	50    	4188.69	3619.2	5245.2
1346	50    	4191.5 	3619.2	5245.2
1347	50    	4191.5 	3619.2	5245.2
1348	50    	4191.5 	3619.2	5245.2
1349	50    	4191.5 	3619.2	5245.2
1350	50    	4191.5 	3619.2	5245.2
1351	50    	4191.5 	3619.2	5245.2
1352	50    	4191.5 	3619.2	5245.2
1353	50    	4191.5 	3619.2	5245.2
1354	50    	4191.5 	3619.2	5245.2
1355	50    	4191.5 	3619.2	5245.2
1356	50    	4191.5 	3619.2	5245.2
1357	50    	4199.42	3619.2	5245.2
1358	50    	4199.42	3619.2	5245.2
1359	50    	4199.42	3619.2	5245.2
1360	50    	4199.42	3619.2	5245.2
1361	50    	4199.42	3619.2	5245.2
1362	50    	4199.42	3619.2	5245.2
1363	50    	4199.42	3619.2	5245.2
1364	50    	4199.42	3619.2	5245.2
1365	50    	4199.42	3619.2	5245.2
1366	50    	4199.42	3619.2	5245.2
1367	50    	4199.42	3619.2	5245.2
1368	50    	4199.42	3619.2	5245.2
1369	50    	4199.42	3619.2	5245.2
1370	50    	4199.42	3619.2	5245.2
1371	50    	4199.42	3619.2	5245.2
1372	50    	4199.42	3619.2	5245.2
1373	50    	4199.42	3619.2	5245.2
1374	50    	4199.42	3619.2	5245.2
1375	50    	4199.42	3619.2	5245.2
1376	50    	4199.42	3619.2	5245.2
1377	50    	4199.42	3619.2	5245.2
1378	50    	4199.42	3619.2	5245.2
1379	50    	4199.42	3619.2	5245.2
1380	50    	4199.42	3619.2	5245.2
1381	50    	4199.42	3619.2	5245.2
1382	50    	4199.42	3619.2	5245.2
1383	50    	4199.42	3619.2	5245.2
1384	50    	4199.42	3619.2	5245.2
1385	50    	4199.42	3619.2	5245.2
1386	50    	4199.42	3619.2	5245.2
1387	50    	4199.42	3619.2	5245.2
1388	50    	4199.42	3619.2	5245.2
1389	50    	4199.42	3619.2	5245.2
1390	50    	4199.42	3619.2	5245.2
1391	50    	4199.42	3619.2	5245.2
1392	50    	4199.42	3619.2	5245.2
1393	50    	4199.42	3619.2	5245.2
1394	50    	4199.42	3619.2	5245.2
1395	50    	4199.42	3619.2	5245.2
1396	50    	4199.42	3619.2	5245.2
1397	50    	4199.42	3619.2	5245.2
1398	50    	4199.42	3619.2	5245.2
1399	50    	4199.42	3619.2	5245.2
1400	50    	4199.42	3619.2	5245.2
1401	50    	4199.42	3619.2	5245.2
1402	50    	4199.42	3619.2	5245.2
1403	50    	4199.42	3619.2	5245.2
1404	50    	4199.42	3619.2	5245.2
1405	50    	4199.42	3619.2	5245.2
1406	50    	4199.42	3619.2	5245.2
1407	50    	4199.42	3619.2	5245.2
1408	50    	4199.42	3619.2	5245.2
1409	50    	4199.42	3619.2	5245.2
1410	50    	4203.67	3619.2	5245.2
1411	50    	4203.67	3619.2	5245.2
1412	50    	4203.67	3619.2	5245.2
1413	50    	4203.67	3619.2	5245.2
1414	50    	4203.67	3619.2	5245.2
1415	50    	4213.15	3619.2	5245.2
1416	50    	4213.15	3619.2	5245.2
1417	50    	4213.15	3619.2	5245.2
1418	50    	4213.15	3619.2	5245.2
1419	50    	4213.15	3619.2	5245.2
1420	50    	4213.15	3619.2	5245.2
1421	50    	4213.15	3619.2	5245.2
1422	50    	4213.15	3619.2	5245.2
1423	50    	4213.15	3619.2	5245.2
1424	50    	4213.15	3619.2	5245.2
1425	50    	4213.15	3619.2	5245.2
1426	50    	4213.15	3619.2	5245.2
1427	50    	4213.15	3619.2	5245.2
1428	50    	4213.15	3619.2	5245.2
1429	50    	4213.15	3619.2	5245.2
1430	50    	4213.15	3619.2	5245.2
1431	50    	4213.15	3619.2	5245.2
1432	50    	4213.15	3619.2	5245.2
1433	50    	4213.15	3619.2	5245.2
1434	50    	4213.15	3619.2	5245.2
1435	50    	4213.15	3619.2	5245.2
1436	50    	4213.15	3619.2	5245.2
1437	50    	4213.15	3619.2	5245.2
1438	50    	4217.58	3619.2	5245.2
1439	50    	4217.58	3619.2	5245.2
1440	50    	4217.58	3619.2	5245.2
1441	50    	4217.58	3619.2	5245.2
1442	50    	4217.58	3619.2	5245.2
1443	50    	4217.58	3619.2	5245.2
1444	50    	4217.58	3619.2	5245.2
1445	50    	4219.36	3619.2	5245.2
1446	50    	4219.36	3619.2	5245.2
1447	50    	4219.36	3619.2	5245.2
1448	50    	4219.36	3619.2	5245.2
1449	50    	4219.36	3619.2	5245.2
1450	50    	4219.36	3619.2	5245.2
1451	50    	4224.34	3619.2	5245.2
1452	50    	4224.34	3619.2	5245.2
1453	50    	4224.34	3619.2	5245.2
1454	50    	4224.34	3619.2	5245.2
1455	50    	4224.34	3619.2	5245.2
1456	50    	4224.34	3619.2	5245.2
1457	50    	4224.34	3619.2	5245.2
1458	50    	4224.34	3619.2	5245.2
1459	50    	4224.34	3619.2	5245.2
1460	50    	4224.34	3619.2	5245.2
1461	50    	4224.34	3619.2	5245.2
1462	50    	4224.34	3619.2	5245.2
1463	50    	4224.34	3619.2	5245.2
1464	50    	4224.34	3619.2	5245.2
1465	50    	4224.34	3619.2	5245.2
1466	50    	4224.34	3619.2	5245.2
1467	50    	4224.34	3619.2	5245.2
1468	50    	4224.34	3619.2	5245.2
1469	50    	4224.34	3619.2	5245.2
1470	50    	4224.34	3619.2	5245.2
1471	50    	4224.34	3619.2	5245.2
1472	50    	4227.95	3669.2	5245.2
1473	50    	4227.95	3669.2	5245.2
1474	50    	4227.95	3669.2	5245.2
1475	50    	4227.95	3669.2	5245.2
1476	50    	4227.95	3669.2	5245.2
1477	50    	4227.95	3669.2	5245.2
1478	50    	4227.95	3669.2	5245.2
1479	50    	4227.95	3669.2	5245.2
1480	50    	4227.95	3669.2	5245.2
1481	50    	4230.35	3669.2	5245.2
1482	50    	4230.35	3669.2	5245.2
1483	50    	4230.35	3669.2	5245.2
1484	50    	4230.35	3669.2	5245.2
1485	50    	4230.35	3669.2	5245.2
1486	50    	4230.35	3669.2	5245.2
1487	50    	4230.35	3669.2	5245.2
1488	50    	4230.35	3669.2	5245.2
1489	50    	4230.35	3669.2	5245.2
1490	50    	4230.35	3669.2	5245.2
1491	50    	4230.35	3669.2	5245.2
1492	50    	4230.35	3669.2	5245.2
1493	50    	4230.35	3669.2	5245.2
1494	50    	4230.35	3669.2	5245.2
1495	50    	4230.35	3669.2	5245.2
1496	50    	4230.35	3669.2	5245.2
1497	50    	4230.35	3669.2	5245.2
1498	50    	4230.35	3669.2	5245.2
1499	50    	4230.35	3669.2	5245.2
1500	50    	4230.35	3669.2	5245.2