gen 	nevals	avg    	min   	max   
0   	50    	2075.82	582   	3232.4
1   	50    	2303.44	640.4 	3704.4
2   	50    	2495.97	766.4 	3454  
3   	50    	2235.98	680   	3178.4
4   	50    	2474.26	784   	3691.2
5   	50    	2360.51	693.2 	3227.2
6   	50    	2332.15	701.6 	3116.8
7   	50    	2387.98	760.4 	3618  
8   	50    	2497.46	1689.6	3801.6
9   	50    	2504.94	965.2 	3733.2
10  	50    	2499.21	1050.8	3582  
11  	50    	2558.34	1896.4	3895.6
12  	50    	2486.85	1019.2	4106.4
13  	50    	2590.98	1918.8	3532.4
14  	50    	2451.18	989.2 	3182.8
15  	50    	2609.58	1844  	3491.6
16  	50    	2632.38	1839.2	4180  
17  	50    	2510.31	1841.6	3606.8
18  	50    	2567.51	1864.4	3661.6
19  	50    	2582.8 	1723.2	3605.6
20  	50    	2564.81	1637.6	3580.8
21  	50    	2418.78	567.6 	3127.2
22  	50    	2600.29	1778.8	3449.2
23  	50    	2636.82	1983.6	3852.4
24  	50    	2551.16	1746  	3430  
25  	50    	2462.7 	1705.2	3595.6
26  	50    	2458.55	1565.2	3397.6
27  	50    	2576.33	1772.8	3386  
28  	50    	2589.31	1643.2	3685.2
29  	50    	2566.58	1801.2	3614  
30  	50    	2432.31	1835.6	3004.8
31  	50    	2528.6 	1695.2	3554.4
32  	50    	2467.82	594   	3721.6
33  	50    	2630.94	1667.2	3744.8
34  	50    	2507.92	1746  	3514  
35  	50    	2419.47	1654  	3390.8
36  	50    	2480.43	1770.8	3528.4
37  	50    	2474.3 	1626.8	3514  
38  	50    	2534.92	1774.4	3642.8
39  	50    	2430.04	1816.4	3364.4
40  	50    	2556.68	1644  	3456.8
41  	50    	2517.3 	1821.6	3722  
42  	50    	2532.91	1935.6	3402.4
43  	50    	2578.4 	1736.4	3350.4
44  	50    	2518.02	1884.8	3486.8
45  	50    	2562.46	1591.2	3821.2
46  	50    	2463.66	1586.4	3198.8
47  	50    	2570.77	1730.4	3465.2
48  	50    	2652.27	1978.4	3519.6
49  	50    	2566.12	1927.6	3610.8
50  	50    	2519.84	1536  	3567.6
51  	50    	2666.31	1929.2	3528.4
52  	50    	2459.55	1685.2	3563.6
53  	50    	2446.9 	1429.6	3660.4
54  	50    	2610.82	1786.8	3356.4
55  	50    	2495.07	664   	3549.6
56  	50    	2580.84	1863.6	3596.8
57  	50    	2503.38	1844.4	3323.6
58  	50    	2557.2 	1662.4	3550  
59  	50    	2471.06	1863.2	3434.4
60  	50    	2586.18	1722  	3428.8
61  	50    	2456.54	1848.8	3086.8
62  	50    	2522.18	1965.6	3246.8
63  	50    	2551.22	1739.6	3554.4
64  	50    	2499.01	1919.6	3491.2
65  	50    	2512.9 	1654.4	3300.4
66  	50    	2514.26	1708.4	3359.2
67  	50    	2547.82	1850.8	3243.6
68  	50    	2548.35	1730.4	3336  
69  	50    	2617.42	1821.2	3512.4
70  	50    	2562.02	1665.2	3517.2
71  	50    	2504.16	1460.8	3139.6
72  	50    	2562.33	1576.8	3358.8
73  	50    	2528.84	1743.2	3294.8
74  	50    	2548.23	1752.8	3398.4
75  	50    	2496.1 	1747.6	3364.8
76  	50    	2573.95	1840  	3329.6
77  	50    	2609.05	1672  	3488.4
78  	50    	2550.19	1737.2	3428  
79  	50    	2436.25	585.6 	3678.4
80  	50    	2549.51	1501.2	3754.4
81  	50    	2478.92	1788.8	3191.6
82  	50    	2539.09	1774.4	3401.6
83  	50    	2591.9 	1797.2	4002.4
84  	50    	2592.13	1733.6	3476  
85  	50    	2585.72	1986.4	3670.4
86  	50    	2447.22	1610.8	3189.6
87  	50    	2538.02	1718  	3368.4
88  	50    	2535.68	1667.6	3534.8
89  	50    	2481.34	1696  	3854  
90  	50    	2514.44	1832.8	3603.2
91  	50    	2511.99	1724.8	3603.2
92  	50    	2589.62	1738  	3967.6
93  	50    	2505.14	1646  	3307.2
94  	50    	2510.22	1609.6	3300.4
95  	50    	2512.98	1776  	3407.6
96  	50    	2586.43	1850.4	3405.2
97  	50    	2529.18	1770.4	3636.4
98  	50    	2565.25	1656.8	3521.6
99  	50    	2476.2 	1586.8	3295.6
100 	50    	2536.8 	1643.2	3259.2
101 	50    	2644.53	1978.4	3534.4
102 	50    	2539.13	1616.8	3543.2
103 	50    	2521.79	1622.8	3398  
104 	50    	2509   	1748  	3371.6
105 	50    	2536.93	796.8 	3432  
106 	50    	2561.38	1608.8	3535.2
107 	50    	2518.69	1133.2	3501.2
108 	50    	2504.44	1592.4	3416.8
109 	50    	2533.43	1724.4	3448.4
110 	50    	2499.83	1704.4	3274  
111 	50    	2468.12	1633.6	3596  
112 	50    	2552.46	1877.6	3428  
113 	50    	2535.99	1866.4	3412.4
114 	50    	2459.69	1492  	3324.8
115 	50    	2481.52	1753.2	3602.8
116 	50    	2601.76	1090.8	3832.4
117 	50    	2596.82	1840.8	3430  
118 	50    	2498.69	1665.2	3578.8
119 	50    	2517.04	1647.6	3338  
120 	50    	2529.26	1681.6	3262.4
121 	50    	2545.49	1848.8	3626.8
122 	50    	2600.78	1939.6	3758.4
123 	50    	2535.18	1739.2	3569.2
124 	50    	2433.97	1814  	3238  
125 	50    	2633.3 	1710.8	3861.2
126 	50    	2497.05	1588.4	3402  
127 	50    	2407.38	1573.6	3548  
128 	50    	2646.9 	1838.8	3609.2
129 	50    	2485.81	1789.6	3258  
130 	50    	2443.05	1602.4	3220  
131 	50    	2523.2 	1818  	3382  
132 	50    	2523.15	1685.6	4084  
133 	50    	2536.66	1768.4	3741.2
134 	50    	2519.52	1695.2	3404.4
135 	50    	2516.91	745.2 	3354  
136 	50    	2552.24	1913.2	3329.2
137 	50    	2530.88	1702.8	3316.4
138 	50    	2602.15	1751.6	3517.6
139 	50    	2479.38	985.2 	3316  
140 	50    	2491.94	1795.2	3374.8
141 	50    	2598.87	1740  	3477.2
142 	50    	2674.42	1678.4	3448  
143 	50    	2431.38	1566.8	3544.8
144 	50    	2526.56	1787.6	3508.4
145 	50    	2469.62	1635.6	3477.6
146 	50    	2563.7 	1996.8	3333.2
147 	50    	2489.27	729.2 	3526  
148 	50    	2519.54	1782  	3530.4
149 	50    	2529.13	1881.2	3640.8
150 	50    	2567.7 	1792.8	3440.4
151 	50    	2571.53	1691.2	3645.2
152 	50    	2653.47	1774.4	4417.6
153 	50    	2607.46	1920.4	3476.4
154 	50    	2646.24	1562.8	3794  
155 	50    	2593.29	1815.6	3417.6
156 	50    	2658.34	1882.8	3561.2
157 	50    	2495.58	1611.2	3520.4
158 	50    	2705.3 	1800.4	3972.8
159 	50    	2589.14	1803.6	3210.4
160 	50    	2661.88	1834.8	3721.6
161 	50    	2623.96	1719.6	3483.2
162 	50    	2619.2 	1915.2	3482  
163 	50    	2642.72	1799.6	3722.8
164 	50    	2638.83	1974.4	3674  
165 	50    	2583.01	1861.6	3606.4
166 	50    	2580.58	1737.6	3465.6
167 	50    	2604.39	1840  	3570.4
168 	50    	2528.58	1673.6	3447.6
169 	50    	2581.06	1671.2	3604.4
170 	50    	2548.24	1768  	3444.8
171 	50    	2529.26	1604.8	3564  
172 	50    	2548.07	1499.2	3363.2
173 	50    	2525.82	1282  	3466.8
174 	50    	2608.32	1684.8	3682  
175 	50    	2511.63	1359.6	3444.8
176 	50    	2567.37	1887.2	3932.4
177 	50    	2631.25	1986.4	3405.6
178 	50    	2499.2 	1766  	3488.4
179 	50    	2459.62	1827.6	3185.6
180 	50    	2585.94	1454.4	3366.8
181 	50    	2664.15	1825.2	3574  
182 	50    	2578.34	1848.4	3420.4
183 	50    	2568.15	1777.2	3664.4
184 	50    	2580.05	1577.2	3574  
185 	50    	2541.58	1638  	3972.4
186 	50    	2431.89	1849.6	3353.2
187 	50    	2441.81	1835.6	3566.4
188 	50    	2564.64	1896  	3565.2
189 	50    	2572.88	1932.4	3479.6
190 	50    	2646.53	1676.8	3566.8
191 	50    	2518.06	1871.6	3348  
192 	50    	2466.75	1681.6	3499.2
193 	50    	2541.08	1760.4	3350.8
194 	50    	2541.28	1717.2	3510  
195 	50    	2515.57	504   	3390  
196 	50    	2609.49	1962  	3984  
197 	50    	2535.54	1794.4	3654.4
198 	50    	2527.42	1694  	3304.4
199 	50    	2467.32	1824  	3526  
200 	50    	2510.67	1895.2	3469.2
201 	50    	2614.69	1972.4	3604.8
202 	50    	2531.5 	1858.8	3563.6
203 	50    	2564.13	1802.4	3479.2
204 	50    	2543.12	1678  	3718  
205 	50    	2679.94	1866  	4067.2
206 	50    	2546.51	1895.6	3724.8
207 	50    	2639.77	1836  	3508.4
208 	50    	2587.39	1664.8	3698  
209 	50    	2557.32	1858.4	3594  
210 	50    	2600.24	1783.6	3270  
211 	50    	2585.33	1906.4	3316  
212 	50    	2600.05	2069.2	3395.2
213 	50    	2711.18	1891.6	3622  
214 	50    	2486.67	1687.2	3317.6
215 	50    	2501.27	1060.4	3219.2
216 	50    	2489.37	1658.8	3729.2
217 	50    	2525.62	1842.8	3477.6
218 	50    	2600.74	1958.8	3414.8
219 	50    	2509.55	1717.2	3936  
220 	50    	2637.4 	1918.8	3618  
221 	50    	2439.59	1917.6	3568  
222 	50    	2533.9 	1540.4	3807.6
223 	50    	2456.59	1803.2	3098.8
224 	50    	2564.82	1713.6	3499.6
225 	50    	2576.87	1535.6	3667.6
226 	50    	2508.05	1688.4	3371.2
227 	50    	2565.12	1986.4	3681.2
228 	50    	2562.6 	1890.8	3786.4
229 	50    	2461.47	759.2 	3398  
230 	50    	2566.02	1718.4	3407.6
231 	50    	2597.94	1629.6	3417.6
232 	50    	2560.51	1912  	3880.4
233 	50    	2607.98	1747.2	3440  
234 	50    	2454   	1591.2	3140  
235 	50    	2617.36	2048  	3780.8
236 	50    	2525.76	1470  	3354.8
237 	50    	2631.79	2006  	4084.8
238 	50    	2509.61	1612.4	3521.2
239 	50    	2606.57	1886  	3673.6
240 	50    	2466.79	857.6 	3142.8
241 	50    	2574.1 	1813.6	3480.8
242 	50    	2538.92	1608.4	3550  
243 	50    	2529.54	1757.6	3483.6
244 	50    	2557.51	1722.8	3323.6
245 	50    	2510.15	1830.8	3213.6
246 	50    	2576.42	1848.4	3442.8
247 	50    	2529.97	1838.4	3471.2
248 	50    	2546.83	1706.8	3408.8
249 	50    	2534.51	1738  	3750.4
250 	50    	2627.16	1755.6	3784.8
251 	50    	2598.93	1728.8	3621.6
252 	50    	2453.46	1734.8	3216.8
253 	50    	2634.1 	1906.4	3533.6
254 	50    	2606.66	1800  	3413.6
255 	50    	2609.43	1827.6	3620.4
256 	50    	2609.2 	2037.6	3404.8
257 	50    	2450.07	2017.2	3024.4
258 	50    	2561.06	1884  	3608  
259 	50    	2612.3 	1744.8	3411.2
260 	50    	2612.66	1819.6	3603.6
261 	50    	2550.26	1703.6	3440.8
262 	50    	2448.38	1914.8	3569.2
263 	50    	2440.76	1562.8	3231.2
264 	50    	2518.61	1684  	3178.8
265 	50    	2640.89	1664  	3488  
266 	50    	2640.26	1761.2	3695.2
267 	50    	2541.02	1914.4	3478.8
268 	50    	2515.48	1806.4	3624.4
269 	50    	2534.84	1591.6	3100  
270 	50    	2528.6 	1785.6	3257.2
271 	50    	2507.95	1658.4	3782  
272 	50    	2532.64	1460  	3646.4
273 	50    	2568.25	631.2 	3566  
274 	50    	2613.32	859.2 	3896  
275 	50    	2566.61	1668.8	3622.4
276 	50    	2492.78	1706  	3572  
277 	50    	2620.33	1155.6	3442  
278 	50    	2583.12	1736  	3418.8
279 	50    	2506.16	1831.6	3462  
280 	50    	2471.04	1711.2	3238.8
281 	50    	2596.99	1795.2	3587.6
282 	50    	2513.92	1697.6	3100.4
283 	50    	2487.02	1729.6	3326.4
284 	50    	2587.73	1857.2	3624.4
285 	50    	2470.6 	819.2 	3792.8
286 	50    	2548.2 	1677.6	3286  
287 	50    	2430.61	764   	3096.8
288 	50    	2525.72	1848.4	3696  
289 	50    	2413.8 	1548.8	3428.8
290 	50    	2555.28	1544.8	3566.8
291 	50    	2544.22	1924  	3520.8
292 	50    	2604.37	1462  	3570.8
293 	50    	2570.24	1952.4	3508.8
294 	50    	2602.64	1680.4	3766.8
295 	50    	2573.23	1656  	3592.4
296 	50    	2529.2 	1709.2	3491.2
297 	50    	2611.48	1662.4	3738  
298 	50    	2528.94	1852  	3288  
299 	50    	2606.75	1722.8	3368  
300 	50    	2532.57	1770  	3552.8
301 	50    	2546.58	1897.6	3488.4
302 	50    	2575.54	1766.4	3470.4
303 	50    	2567.07	1544.4	3550.4
304 	50    	2558.37	1542.8	3882.8
305 	50    	2463.88	1772.4	3182.8
306 	50    	2479.16	1697.6	3334.4
307 	50    	2654.37	1928.8	3593.6
308 	50    	2526.01	1805.2	3405.2
309 	50    	2510.77	1572  	3828  
310 	50    	2569.62	1745.6	3757.2
311 	50    	2564.28	1834.8	3570.8
312 	50    	2544.25	1546.8	3384  
313 	50    	2486.06	1942.4	3588  
314 	50    	2624.55	1890.8	3611.6
315 	50    	2664.6 	976.8 	4113.2
316 	50    	2714.01	1731.6	3791.2
317 	50    	2539.64	914   	3472  
318 	50    	2411.15	1084.4	3064.4
319 	50    	2583.47	563.6 	3566.8
320 	50    	2612.09	822   	4118.4
321 	50    	2484.29	1616  	3053.2
322 	50    	2554.73	1777.2	3496  
323 	50    	2547.06	746.4 	3894.4
324 	50    	2515.35	1768.8	3300  
325 	50    	2484.18	1602.8	3321.6
326 	50    	2549.1 	1757.6	3448.4
327 	50    	2424.77	1772.8	3241.6
328 	50    	2411.52	995.2 	3546.4
329 	50    	2585.59	1719.6	3406  
330 	50    	2568.92	1681.6	3398  
331 	50    	2575.63	1850.4	4131.2
332 	50    	2650.12	1724.4	3884.8
333 	50    	2564.6 	1787.2	3588  
334 	50    	2580.84	1882.4	3776.8
335 	50    	2634.2 	1760.8	3466.8
336 	50    	2482.87	980.8 	3488  
337 	50    	2589.34	1787.6	4026.8
338 	50    	2649.77	1922.8	3606.4
339 	50    	2653.48	1870  	3639.6
340 	50    	2643.04	1657.6	3950.4
341 	50    	2776.33	1916.4	3719.2
342 	50    	2643.98	1704  	4256  
343 	50    	2685.2 	2004.8	3903.6
344 	50    	2726.1 	1895.6	4786.4
345 	50    	2577.17	973.2 	3524  
346 	50    	2591.22	1488.4	4214.8
347 	50    	2640.37	1726.4	5028.4
348 	50    	2688.74	1927.6	4357.6
349 	50    	2796.15	1728.8	3990.8
350 	50    	2752.96	1134  	4472  
351 	50    	2694.68	1566  	4044.8
352 	50    	2727.07	1780.8	4389.6
353 	50    	2692.82	1999.6	3771.2
354 	50    	2900.12	2100.8	4212.4
355 	50    	2999.29	1714  	4842.4
356 	50    	3016.6 	1488  	4796.4
357 	50    	2999.98	2059.6	3840  
358 	50    	3000.28	1875.2	4625.2
359 	50    	3112.25	2073.2	4309.2
360 	50    	3192.23	1997.2	4816.8
361 	50    	3163.75	2208.4	4283.2
362 	50    	3094.71	2019.6	4978  
363 	50    	3213.94	843.2 	4425.2
364 	50    	3020.98	2236.4	4019.2
365 	50    	3196.17	2136.8	4619.2
366 	50    	3212.51	1870.8	4817.6
367 	50    	3119.77	1803.2	4542.8
368 	50    	3074.56	2180  	4206.8
369 	50    	3097.98	2032  	4334.8
370 	50    	3114.41	2157.2	4122.4
371 	50    	3042.14	1900  	4630.4
372 	50    	3165.79	2200.4	4852.8
373 	50    	3171.18	2375.2	4574.8
374 	50    	3228.82	2030.4	4177.6
375 	50    	3191.86	2277.6	4430.4
376 	50    	3114.78	2206.4	4112.4
377 	50    	3093.76	2228.8	4513.2
378 	50    	3154.91	2178.4	4210.8
379 	50    	3164.82	2253.2	4242.4
380 	50    	3180.84	1870.4	5082.8
381 	50    	3135.54	2196.8	4460  
382 	50    	3288.61	2166.4	5043.6
383 	50    	3102.3 	1994.4	4443.2
384 	50    	3122.28	2273.6	4277.2
385 	50    	3056.15	1799.2	4492.8
386 	50    	3024.96	1969.2	4441.2
387 	50    	3094.5 	2047.6	4880  
388 	50    	3105.06	1966  	4378  
389 	50    	3115.42	1942.8	4025.6
390 	50    	3095.82	1881.6	5019.2
391 	50    	3047.5 	2042.8	4560.4
392 	50    	3124.47	2151.6	4304  
393 	50    	3048.04	1745.2	4090.4
394 	50    	3205.27	2342.4	4268.8
395 	50    	3212.09	2276  	4710  
396 	50    	3234.52	1783.6	4392.4
397 	50    	3135.97	2120.4	4324.4
398 	50    	3285.24	2406.4	4761.6
399 	50    	3159.1 	1922  	4888.4
400 	50    	3135.01	2002.4	4338.4
401 	50    	3209.91	2342  	4822.8
402 	50    	3299.55	1684.4	4995.6
403 	50    	3084.5 	2137.2	4873.2
404 	50    	3141.86	2140.8	4062.8
405 	50    	3142.97	2164  	4502  
406 	50    	3059.36	2217.6	4128.4
407 	50    	3119.3 	2050.4	4368  
408 	50    	3065.06	2091.2	4249.6
409 	50    	3158.48	2042.4	4444  
410 	50    	3130.22	2067.6	4871.2
411 	50    	3245.1 	2255.2	4195.2
412 	50    	3159.58	2102.4	4324  
413 	50    	3230.29	1884.8	5033.6
414 	50    	3007.34	1930.4	4336.8
415 	50    	3286.42	2114.8	4569.2
416 	50    	3169.66	2013.2	4603.6
417 	50    	3026.18	1722.4	4102.8
418 	50    	3250.82	2280.4	4470.8
419 	50    	3152.25	1718  	4373.2
420 	50    	3107.73	1505.2	4342  
421 	50    	3190.51	2012.4	5180  
422 	50    	3137.8 	1165.6	4994.4
423 	50    	3284.06	1985.2	4351.2
424 	50    	3273.7 	2452  	4313.6
425 	50    	3237.3 	2272.8	4884.8
426 	50    	3215.42	2252.8	5302.4
427 	50    	3273.85	2129.6	4932.8
428 	50    	3221.62	2259.2	4611.6
429 	50    	3198.66	2121.2	4371.6
430 	50    	3045.21	2103.6	4028.4
431 	50    	3225.18	1942  	4502  
432 	50    	3251.94	2156.8	4689.6
433 	50    	3216.02	2030  	4725.6
434 	50    	3267.7 	2398.4	4589.2
435 	50    	3045.8 	682.4 	4244.8
436 	50    	3149.83	2039.6	4378.4
437 	50    	3358.57	2174  	5165.6
438 	50    	3228.72	2236.8	4661.6
439 	50    	3234.76	1580.4	4242.8
440 	50    	3173.86	1915.6	4558  
441 	50    	3262.52	2045.6	4921.6
442 	50    	3122.05	1830.4	4124.4
443 	50    	3103.31	911.6 	4954.8
444 	50    	3182.59	2138  	4621.6
445 	50    	3337.15	2372.8	4222.8
446 	50    	3161.74	2469.2	3942  
447 	50    	3113.98	2093.2	4339.2
448 	50    	3172.32	1686.4	4424.8
449 	50    	3090.77	2310  	4376.8
450 	50    	3281.11	2114.4	4514.8
451 	50    	3322.17	1851.2	5088  
452 	50    	3204.96	2121.2	4627.6
453 	50    	3137.3 	1827.2	4539.6
454 	50    	3165.89	2192.4	4856.4
455 	50    	3197.73	2146  	4379.6
456 	50    	3154.76	2124  	4629.2
457 	50    	3080.46	1736.4	4375.6
458 	50    	3205.58	2400.8	4303.2
459 	50    	3170.84	1844  	4906.8
460 	50    	3197.58	2346  	4422  
461 	50    	3088.8 	2044.4	4113.6
462 	50    	3157.22	2135.6	5172  
463 	50    	3281.7 	1632  	5283.2
464 	50    	3036.74	2082.8	5072.4
465 	50    	3265.84	2158.8	4673.6
466 	50    	3201.86	1735.6	4526  
467 	50    	3317.12	2722.8	4431.6
468 	50    	3109.36	1992.4	4456.8
469 	50    	3224.7 	2115.2	5075.2
470 	50    	3200.87	1971.6	4622.4
471 	50    	3104.64	1980.4	4251.6
472 	50    	3260.5 	2296.4	4419.6
473 	50    	3266.15	2196  	4755.2
474 	50    	3065.62	1908.8	4422.8
475 	50    	3300.68	2086.8	4778.4
476 	50    	3088.4 	1812  	4422  
477 	50    	3220.54	2332.4	4780.8
478 	50    	3166.96	1932.8	4148.4
479 	50    	3229.46	2461.6	4272.4
480 	50    	3119.44	2082.4	4138.8
481 	50    	3247.33	2365.2	4645.2
482 	50    	3164.24	744   	4329.6
483 	50    	3255.53	2005.2	4542  
484 	50    	3274.26	691.6 	5444.8
485 	50    	3281.38	1972  	4844.8
486 	50    	3202.22	1987.6	4718  
487 	50    	3125.08	626.4 	4430.4
488 	50    	3159.69	2020  	4661.6
489 	50    	3204.97	2116.8	4618.8
490 	50    	3180.07	2214.8	4818.4
491 	50    	3206.19	2224.8	5012.4
492 	50    	3155.58	2394.8	5159.6
493 	50    	3164.9 	1127.6	5598.8
494 	50    	3233.06	2172.4	4636.8
495 	50    	3210.56	2405.6	4504  
496 	50    	3293.35	2070.8	4217.2
497 	50    	3114.63	2003.2	4396.8
498 	50    	3197.04	1994.8	4603.6
499 	50    	3120.81	2150.4	4490.4
500 	50    	3197.74	1968  	4788.8
501 	50    	3360.79	2450  	4889.6
502 	50    	3280.59	2215.2	5270.8
503 	50    	3320.59	2230.4	4844.8
504 	50    	3169.92	2213.2	4310.8
505 	50    	3105.18	2283.2	4204.8
506 	50    	3232.38	2219.6	4609.2
507 	50    	3206.76	2259.6	4650  
508 	50    	3122.42	2110.8	4614  
509 	50    	3168.74	1912.4	4780.8
510 	50    	3217.34	2172.4	4677.6
511 	50    	3216.37	2424.8	4553.6
512 	50    	3178.56	564   	4643.6
513 	50    	3075.83	740.4 	4636.8
514 	50    	3348.77	2233.6	4910.4
515 	50    	3155.78	2117.2	4503.2
516 	50    	3232.93	2014.8	4930  
517 	50    	3101.65	2154  	4559.2
518 	50    	3209.06	2031.2	4551.6
519 	50    	3196.86	2328  	4343.6
520 	50    	3142.94	2104.8	4366.4
521 	50    	3239.22	2236  	4306  
522 	50    	3080.74	1893.2	4371.6
523 	50    	3099.1 	2178  	4107.6
524 	50    	3195.02	1742.4	5170.4
525 	50    	3285.62	2306.8	4665.6
526 	50    	3113.17	881.2 	4570  
527 	50    	3258.76	2164  	4764.4
528 	50    	3101.57	911.6 	4218.4
529 	50    	3279.22	2008.8	4781.2
530 	50    	3239.45	2228.4	5066.8
531 	50    	3217.44	2264.4	4280.8
532 	50    	3368.47	1896.4	4953.6
533 	50    	3098.07	2030.8	4495.6
534 	50    	3228.37	1855.2	4539.6
535 	50    	3303.66	2417.6	4538  
536 	50    	3022.05	2065.6	4725.6
537 	50    	3045.23	2035.2	4954.8
538 	50    	3045.45	1858  	4415.2
539 	50    	3127.15	2272.4	4618.4
540 	50    	3198.06	2320.8	4795.2
541 	50    	3173.04	2294.8	4558.4
542 	50    	3274.62	2270.4	4438.8
543 	50    	3011.54	2134.8	4558  
544 	50    	3066.9 	1883.6	4706.8
545 	50    	3154.65	1985.6	4815.6
546 	50    	3267.63	1974.4	4379.6
547 	50    	3141.51	1934.4	4090  
548 	50    	3071.09	1801.6	4101.2
549 	50    	3146.19	2110.4	4157.6
550 	50    	3086.14	670.4 	4828.4
551 	50    	3088.11	1906.8	4349.2
552 	50    	3146.62	2234.8	4323.2
553 	50    	3126.67	2335.2	4539.2
554 	50    	3153.78	2224  	4846.8
555 	50    	3233.9 	1985.6	4489.6
556 	50    	3242.08	2256  	4202.4
557 	50    	3228.49	2219.6	4526  
558 	50    	3169.9 	2160.4	4538.4
559 	50    	3130.55	1881.2	5006.8
560 	50    	3291.04	2158.8	5001.2
561 	50    	3174.96	1738  	5243.6
562 	50    	3213.38	2044.4	4894.4
563 	50    	3109.91	2232.4	4410.4
564 	50    	3058.16	1934.4	5598.8
565 	50    	3126.41	1810.8	4467.6
566 	50    	3098.03	1937.6	4288.4
567 	50    	3125.8 	642   	4349.6
568 	50    	3092.31	2244.8	4576.4
569 	50    	3164.44	2124.4	4717.2
570 	50    	3288.41	1766  	4344.4
571 	50    	3126.02	1806  	4965.6
572 	50    	3199.45	2280.8	4362.8
573 	50    	3057.11	1904.8	4162.4
574 	50    	3086.63	2312  	4301.2
575 	50    	3111.38	2070.8	4363.6
576 	50    	3072.62	871.6 	4322.8
577 	50    	3165.96	1956.4	4487.6
578 	50    	3104.29	1652.4	4288  
579 	50    	3232.72	2076.4	4692.4
580 	50    	3135.59	2277.2	4354.8
581 	50    	3283.75	2278  	4280.8
582 	50    	3187.37	2056.8	4438  
583 	50    	3137.74	2004.4	4625.2
584 	50    	3213.72	2401.2	4355.2
585 	50    	3089.52	2146.8	4136  
586 	50    	3122.66	1943.2	4432.8
587 	50    	3254.2 	2328  	4660.8
588 	50    	3303.48	2159.6	4725.6
589 	50    	3059.39	1798  	4549.2
590 	50    	3116.94	1994.8	4364.4
591 	50    	3236.4 	1751.2	4320.4
592 	50    	3159.55	1774  	4958.8
593 	50    	3079.74	738.8 	4280.4
594 	50    	3161.89	2211.6	4299.2
595 	50    	3149.09	2124  	5383.2
596 	50    	3108.41	1990.4	4110.4
597 	50    	3109.14	1966  	4196.8
598 	50    	3170.08	2069.2	4492.4
599 	50    	3232.65	1952.8	4384.8
600 	50    	3302.37	2290.8	4814.4
601 	50    	3153.17	2066  	4230.8
602 	50    	3128.78	2104.4	4808.4
603 	50    	3161.01	2237.2	4197.2
604 	50    	3245.41	2297.6	4354.8
605 	50    	3227.39	2334.4	4462.4
606 	50    	3288.14	2196.4	4456.8
607 	50    	3326.22	2019.6	4332  
608 	50    	3196.4 	2187.2	4534  
609 	50    	3063.58	2114.8	5286.8
610 	50    	3097.06	2266.4	5270.8
611 	50    	3213.49	2212.4	4325.2
612 	50    	3105.42	1711.6	5283.2
613 	50    	3187.15	1646  	4370.8
614 	50    	3152.78	1729.2	4772  
615 	50    	3193.95	2164.8	4703.6
616 	50    	3190.75	2117.2	4700  
617 	50    	3075.1 	602   	5456.8
618 	50    	3341.67	2323.6	4189.2
619 	50    	3168.22	2388.4	4580.8
620 	50    	3202.13	1890  	4764.4
621 	50    	3076.22	2095.2	4404.4
622 	50    	3068.4 	1897.6	4172.4
623 	50    	3144.79	2092  	4305.6
624 	50    	3245.07	1868.4	4668.4
625 	50    	3054.51	2080.8	4930  
626 	50    	3232.78	2358.8	4470  
627 	50    	3118.74	1948.4	4470  
628 	50    	3167.24	2116.4	4489.6
629 	50    	3136.09	1902.4	4336.8
630 	50    	3236.91	2394  	4222  
631 	50    	3074.14	1977.2	3963.6
632 	50    	3185.18	2222  	4524  
633 	50    	3224.1 	2488.8	4074.4
634 	50    	3056.58	2178  	4106  
635 	50    	3234.41	2170.4	4399.6
636 	50    	3170.79	2047.6	4388.4
637 	50    	3208.44	2120  	4971.2
638 	50    	3166.82	2413.6	5116.4
639 	50    	3135.82	2050  	4410.4
640 	50    	3275.67	1947.2	4421.6
641 	50    	3256.33	2002.4	4877.2
642 	50    	3219.74	2012.8	4467.2
643 	50    	3140.94	2050.8	4386.8
644 	50    	3039.76	2035.2	4047.6
645 	50    	3182.06	1972.8	4335.2
646 	50    	3324.3 	2160.8	4894.4
647 	50    	2977.64	1855.2	4105.2
648 	50    	3068.22	716   	4553.6
649 	50    	3053.35	1815.6	4370.8
650 	50    	3220.87	1875.2	5090  
651 	50    	3218.94	2063.6	5051.2
652 	50    	3195.9 	2401.2	4451.2
653 	50    	3177.74	2254.4	4146.4
654 	50    	3164.78	2303.6	4403.2
655 	50    	3270.19	2256.8	4304.8
656 	50    	3177.41	2140.4	4266  
657 	50    	3248.21	2097.6	4264  
658 	50    	3110.19	1957.6	4369.6
659 	50    	3055.57	1342.4	4515.6
660 	50    	3249.24	2148  	4441.2
661 	50    	3176.1 	1957.6	4325.6
662 	50    	3152.19	756   	4236.8
663 	50    	3019.26	2032  	4725.6
664 	50    	3149.4 	2066.8	4730  
665 	50    	3008.86	2286.8	3822.8
666 	50    	3221.22	1746  	4215.2
667 	50    	3215.13	2164.8	4258  
668 	50    	3283.51	2531.6	4777.2
669 	50    	3189.61	2002.4	5050.8
670 	50    	3132.26	2211.2	4463.6
671 	50    	3232.98	2121.2	4450.8
672 	50    	3121.32	2229.6	4596  
673 	50    	3111.33	1824.4	4123.2
674 	50    	3151.41	2235.2	5354  
675 	50    	3236.58	2057.2	4322.8
676 	50    	3251.02	2130  	4451.2
677 	50    	3099.95	859.2 	4608  
678 	50    	3231.1 	2062  	5602.8
679 	50    	3139.93	2011.2	4684  
680 	50    	3229.29	2229.6	4535.6
681 	50    	3289.55	2350.8	4306.8
682 	50    	3346.17	2072.8	4577.6
683 	50    	3269.9 	2060.8	4325.2
684 	50    	3041.62	716.4 	4229.6
685 	50    	3236.86	2146.8	4934  
686 	50    	3226.86	2005.2	4715.6
687 	50    	3181.26	1800.4	4756.8
688 	50    	3226.4 	2266.4	4349.6
689 	50    	3190.52	2190.4	3857.2
690 	50    	3079.1 	2181.2	4220  
691 	50    	3055.5 	2201.6	4436.8
692 	50    	3187.22	2211.2	4755.2
693 	50    	3259.66	2077.2	4192.4
694 	50    	3142.98	1879.2	5069.2
695 	50    	3170.88	2309.2	4325.2
696 	50    	3109.39	2129.6	4415.2
697 	50    	3254.09	1961.2	4601.6
698 	50    	3179.62	2197.6	5180  
699 	50    	3092.3 	2050.8	4682.8
700 	50    	3420.26	1669.6	5147.2
701 	50    	3137.56	2220.8	4832.4
702 	50    	3311.84	2017.6	5048  
703 	50    	3003.71	2150.8	4633.2
704 	50    	2978.06	948.8 	4722  
705 	50    	3099.07	2256  	4642.8
706 	50    	3128.26	2116.4	4088.4
707 	50    	3126   	1976  	4399.2
708 	50    	3204.63	2210.4	4410.8
709 	50    	3027.2 	656   	4236  
710 	50    	3229.81	2182.4	4728.8
711 	50    	3143.11	694   	4478.8
712 	50    	3043.94	2147.2	4114.4
713 	50    	3266.89	1964.4	5116.4
714 	50    	3279.86	2206  	5146  
715 	50    	3195.4 	2070  	5236.8
716 	50    	3240.89	2218.8	4563.2
717 	50    	3147.21	2163.6	4341.6
718 	50    	3127.86	1736.8	4353.2
719 	50    	3253.53	2161.6	4767.6
720 	50    	3177.73	1932.8	4515.6
721 	50    	3203.66	2178.4	4542  
722 	50    	3092.02	2172  	4095.2
723 	50    	3265.9 	2258.4	4505.2
724 	50    	3034.27	2048.4	4050.8
725 	50    	3114.51	2079.6	4424.4
726 	50    	3143.78	1969.6	4597.6
727 	50    	3049.6 	1585.6	4418.8
728 	50    	3046.81	2387.6	4264.4
729 	50    	3097.74	2136.8	4468.8
730 	50    	3156.3 	1904.8	4568.8
731 	50    	3338.32	2015.6	4895.6
732 	50    	3133.43	928.8 	4564.4
733 	50    	3284.7 	2154.8	4324  
734 	50    	3298.49	1840  	4628.4
735 	50    	3086.63	1994.8	3999.2
736 	50    	3365.07	2283.6	4614.8
737 	50    	3185.44	2192.4	4619.2
738 	50    	3208.82	1902.4	4614  
739 	50    	3214.29	1984.4	4386  
740 	50    	3310.87	2284.8	4582.8
741 	50    	3281.67	2238.8	4380.8
742 	50    	3218.58	2011.6	4377.2
743 	50    	3171.85	2117.2	3946.4
744 	50    	3052.45	908.8 	4668.8
745 	50    	3138.24	1988.4	4737.2
746 	50    	3130.34	1972.4	4182.4
747 	50    	3276.81	1701.2	4686  
748 	50    	3204.34	2124.4	4684.4
749 	50    	3159.54	811.6 	4728.4
750 	50    	3043.74	2062.4	4270.8
751 	50    	3127.99	2326.8	4789.6
752 	50    	3283.96	2051.6	4967.2
753 	50    	3232.73	2341.6	4426.8
754 	50    	3161.18	1886.4	4748.8
755 	50    	3034.9 	1584.4	4552.8
756 	50    	3325.63	1998.8	4974.4
757 	50    	3124.78	985.2 	4625.6
758 	50    	3309.94	2012.4	4767.6
759 	50    	3170.13	2219.2	4524.4
760 	50    	3290.82	2414.4	4805.2
761 	50    	3162.04	1895.6	3926.4
762 	50    	3142.86	2253.2	4234.8
763 	50    	3227.94	1962  	5140.4
764 	50    	3121.5 	2234.8	4032.4
765 	50    	3146.67	2246.8	4557.2
766 	50    	3150.86	1804  	4325.2
767 	50    	3137.17	2055.6	4434.8
768 	50    	3126.28	2189.2	4489.6
769 	50    	3086.91	2272.8	4093.6
770 	50    	3226.83	1669.6	4628.4
771 	50    	3092.55	2115.6	4273.2
772 	50    	3307   	1997.2	4449.6
773 	50    	3287   	1798  	4725.6
774 	50    	3257.72	2193.2	4898  
775 	50    	3199.18	2020.8	4297.6
776 	50    	3185.34	1971.6	4653.6
777 	50    	3121.37	1052.8	4498.8
778 	50    	3124.54	2093.2	4961.2
779 	50    	3286.11	1882.8	4158  
780 	50    	3263.23	2240.4	4675.2
781 	50    	3115.39	2100  	4795.6
782 	50    	3188.05	2014.4	4910.8
783 	50    	3092.7 	2003.2	4754.4
784 	50    	3168.73	1867.2	5066.8
785 	50    	3118.82	1992.4	5436.8
786 	50    	3236.82	1967.2	4600  
787 	50    	3191.83	2258  	4228.8
788 	50    	3141.57	920   	4428  
789 	50    	3199.36	2055.2	4382.4
790 	50    	3229.62	2197.2	4688  
791 	50    	3038.36	708   	4496  
792 	50    	3240.76	1973.2	5117.6
793 	50    	3074.44	1746  	4492.8
794 	50    	3130.25	2200  	4208  
795 	50    	3117.9 	2042.4	4339.6
796 	50    	3169.85	1966  	4515.2
797 	50    	3166.97	2094.4	4472.4
798 	50    	3137.07	1993.2	4490  
799 	50    	3257.92	2238.4	4184  
800 	50    	3107.94	2042.4	4373.6
801 	50    	3177.45	2328  	4202  
802 	50    	3192.25	2006  	4772  
803 	50    	3183.47	2048.4	4570.4
804 	50    	3255.61	1961.2	4548.4
805 	50    	3159.73	2221.2	4630.8
806 	50    	3196.87	1981.2	4637.6
807 	50    	3212.2 	2481.2	4684.4
808 	50    	3131.84	2045.6	4260  
809 	50    	3140.18	2158.8	4558  
810 	50    	3172.38	1855.6	4218.8
811 	50    	3147.35	2044.8	4612.8
812 	50    	3131.26	2030  	4292.8
813 	50    	3039.95	2282.4	4092.4
814 	50    	3178.69	1728.8	4542  
815 	50    	3099.33	690.4 	4294.8
816 	50    	3241.28	2009.6	4328  
817 	50    	2940.55	1111.6	3836.8
818 	50    	3151.42	2265.2	4291.6
819 	50    	3072.63	2106  	4082  
820 	50    	3175.34	925.2 	4978.8
821 	50    	3214.63	1979.6	4822.4
822 	50    	3250.98	2203.2	4817.6
823 	50    	3246.81	1767.2	4688.8
824 	50    	3192.64	1934  	4470  
825 	50    	3222.33	2243.2	4751.2
826 	50    	3009.35	559.2 	4532  
827 	50    	3150.11	2335.2	4224.8
828 	50    	3245.26	2344.8	4764.4
829 	50    	3199.83	2167.6	4764.8
830 	50    	3161.62	1727.6	4199.6
831 	50    	3250.71	2114.4	6031.2
832 	50    	3120.06	2216.8	4533.6
833 	50    	3128.66	1825.2	4894.8
834 	50    	3156.08	2066.8	4654  
835 	50    	3086.82	1752.8	4339.2
836 	50    	3322.06	1804  	5248.8
837 	50    	3071.04	1918.4	4366.4
838 	50    	3158.98	1457.6	4661.2
839 	50    	3025.14	2197.2	3978.4
840 	50    	3187.9 	2094  	4697.6
841 	50    	3174.39	2192.8	4660.8
842 	50    	3242.86	2005.2	4577.2
843 	50    	3213.53	756.8 	5598.8
844 	50    	3286.69	2016.4	4761.2
845 	50    	3155.8 	2278  	4442.8
846 	50    	3171.84	1984.8	4981.6
847 	50    	3068.46	1666  	5116.4
848 	50    	3212.73	2106  	4538  
849 	50    	3124.41	1993.6	4856.8
850 	50    	3307.83	2492.4	4607.6
851 	50    	3199.46	2156.8	4609.2
852 	50    	3329.43	2220.4	4522.8
853 	50    	3336.57	2438.4	4721.6
854 	50    	3235.56	2379.6	4355.2
855 	50    	3219.62	2169.2	4659.6
856 	50    	3218.88	2218.8	4487.6
857 	50    	3036.24	2015.2	4128.8
858 	50    	3016.66	2124.4	4121.6
859 	50    	3240.83	2138  	4402.8
860 	50    	3133.46	2002  	4028.4
861 	50    	3234.22	2101.6	4414.8
862 	50    	3254.56	1948.4	4894.4
863 	50    	3135.45	2120.8	4452  
864 	50    	3078.1 	1073.2	4506.8
865 	50    	3338.28	2626.4	4619.2
866 	50    	3160.32	1831.2	5286.8
867 	50    	3183.15	2303.2	4088.8
868 	50    	3209.41	1834.8	4921.6
869 	50    	3097.51	2128  	4308.8
870 	50    	3148.34	2092  	4752.8
871 	50    	3118.89	2370.4	4250  
872 	50    	3210.1 	2128.4	4752.8
873 	50    	3163.55	2026  	4497.2
874 	50    	3146   	1951.6	4278.8
875 	50    	3157.49	1942.4	4369.6
876 	50    	3219.83	1350  	4457.6
877 	50    	3111.69	1891.2	4314.8
878 	50    	2985.58	1692  	4118.8
879 	50    	3034.07	1964.4	4522.8
880 	50    	3295.42	1978.8	4201.2
881 	50    	3125.71	1939.6	4130  
882 	50    	3167.42	2142.8	4346.8
883 	50    	3275.34	2216.8	5028.8
884 	50    	3224.46	2115.2	4726.8
885 	50    	3226.51	2148  	4244  
886 	50    	3359.51	2271.6	4666.4
887 	50    	3159.34	2017.2	4119.6
888 	50    	3256.54	2096.4	4624.4
889 	50    	3085.31	2212.8	4094.4
890 	50    	3088.43	1729.2	4497.2
891 	50    	3188.38	2359.2	4496.8
892 	50    	3109.2 	2142.8	4235.6
893 	50    	3275.85	2161.2	4826  
894 	50    	3090.7 	2190.8	4826  
895 	50    	2967.71	1817.2	4582.4
896 	50    	3084.12	2197.2	4323.2
897 	50    	3134.13	2311.6	4298  
898 	50    	3125.87	835.6 	4426.8
899 	50    	3164.97	2168  	4374.8
900 	50    	3199.24	2009.6	4264.8
901 	50    	3208.94	2286.4	4286  
902 	50    	3177.04	2427.2	4369.2
903 	50    	3159.03	1825.6	4560.4
904 	50    	3127.89	1700.8	4192.4
905 	50    	3143.83	2044.4	4532.8
906 	50    	3074.66	1997.2	4497.6
907 	50    	3202.02	2332  	4532  
908 	50    	3121   	1905.2	4846.8
909 	50    	3155.6 	2093.2	4066.8
910 	50    	3279.39	1923.2	4510.4
911 	50    	3209.47	2286.8	4786  
912 	50    	3253.29	2432.4	4281.6
913 	50    	3187.65	1902.4	4276.4
914 	50    	3224.37	786   	4406  
915 	50    	3184.93	1184.4	4274.4
916 	50    	3200.67	2105.6	4429.2
917 	50    	3265.87	1930.4	4367.6
918 	50    	3174.78	2208  	4731.2
919 	50    	3111.5 	852.4 	4462.4
920 	50    	3355.5 	1994.4	4654  
921 	50    	3022.88	1896.8	3957.2
922 	50    	3010.39	2071.6	4700.4
923 	50    	3199.62	1838  	4894.4
924 	50    	3026.12	977.2 	3932  
925 	50    	3132.28	2397.2	4080  
926 	50    	3086.26	1932  	4070.8
927 	50    	3200.22	2030.8	4453.2
928 	50    	3133.76	708.8 	4747.2
929 	50    	3095.62	1620  	4216.8
930 	50    	3222.06	1673.2	4731.2
931 	50    	2984.7 	2171.6	4075.2
932 	50    	3205.92	2178  	4124  
933 	50    	3153.14	2274.8	4748.8
934 	50    	3116.82	2134  	4419.6
935 	50    	3117.98	2148  	4208.8
936 	50    	3065.43	1956.4	4395.2
937 	50    	3143.7 	2005.2	4129.6
938 	50    	3027.48	1942.8	4841.2
939 	50    	3132.23	1882  	4377.6
940 	50    	3048.23	2353.6	4093.2
941 	50    	3113.35	1905.2	4408.8
942 	50    	3209.29	1994.8	4434.8
943 	50    	3268.07	2285.6	5503.6
944 	50    	3237.39	2208.4	4293.2
945 	50    	3141.52	811.2 	4917.2
946 	50    	3177.44	2324.8	4198.4
947 	50    	3152.76	2011.6	4560.8
948 	50    	3204.85	2126.8	4724.4
949 	50    	3092.68	715.6 	4612.8
950 	50    	3122.97	2160.8	4758  
951 	50    	3047.48	2125.2	4324  
952 	50    	3126.45	1923.2	4366.8
953 	50    	3156.58	2048  	4376.8
954 	50    	3189.14	2026  	4607.6
955 	50    	3165.18	2211.6	4928  
956 	50    	3176.23	2313.2	4625.2
957 	50    	3133.39	1700.8	4476.4
958 	50    	3325.79	2325.2	4647.6
959 	50    	3184.5 	1972.8	4749.2
960 	50    	3150.56	901.2 	4615.2
961 	50    	3279   	2352  	4274.4
962 	50    	2956.34	1911.2	4207.6
963 	50    	3062.71	1995.2	4336.4
964 	50    	3090.77	2113.2	4747.2
965 	50    	3030.48	2081.2	4259.2
966 	50    	3069   	2134.8	4906.8
967 	50    	2958.66	1611.2	4930  
968 	50    	3037.99	1867.6	4669.6
969 	50    	2962.98	2097.2	4380.8
970 	50    	3156.88	2141.2	3964.8
971 	50    	3119.71	2061.2	4358.4
972 	50    	3008.1 	2051.2	4285.2
973 	50    	3050.66	2321.6	4002  
974 	50    	3207.11	2205.6	4677.2
975 	50    	3212.52	2254.4	4732  
976 	50    	3216.76	2460.4	4888.4
977 	50    	3307.29	2242  	4684  
978 	50    	3151.97	2073.2	4149.6
979 	50    	3183.73	1890  	4080.8
980 	50    	3231.54	2422  	4162.4
981 	50    	3202.25	2102.4	4661.2
982 	50    	3159.6 	1972.8	4795.6
983 	50    	3183.82	840.4 	4511.2
984 	50    	3193.99	1823.6	4308  
985 	50    	2932.06	2076.4	3850.8
986 	50    	3200.26	1884.8	4176.8
987 	50    	3319.54	2220.4	5016.4
988 	50    	3172.6 	2282.4	4738  
989 	50    	3121.56	1944.4	4414  
990 	50    	3261.34	2197.2	4497.2
991 	50    	3217.58	1987.6	4979.2
992 	50    	3262.44	1736.8	4761.2
993 	50    	3208.93	2394.4	4362.8
994 	50    	3202.66	1804  	4262.8
995 	50    	3209.34	1885.2	5290.4
996 	50    	3160.58	1840.8	4500.8
997 	50    	3190.31	1806  	4213.2
998 	50    	3122.94	2264.4	4395.2
999 	50    	3184.94	949.6 	4417.6
1000	50    	3116.16	2225.2	4752.8
1001	50    	3235.29	1470  	5335.2
1002	50    	3247.06	2154.8	4520  
1003	50    	3094.46	2023.2	4359.2
1004	50    	3107.47	1582.8	4349.6
1005	50    	3185.93	2257.2	4795.2
1006	50    	3203.86	2104.4	4600  
1007	50    	3237.38	1932.8	4427.2
1008	50    	3176.38	2280.8	4360  
1009	50    	3156.98	2238.4	4320.8
1010	50    	3075.71	942.8 	4895.6
1011	50    	3148   	2183.6	5236.8
1012	50    	3080.51	1920.8	4395.6
1013	50    	3231.98	2283.2	4440.4
1014	50    	3150.67	1188  	4728.8
1015	50    	3082.06	2053.2	4854.4
1016	50    	3277.35	2092  	4716.4
1017	50    	3215.79	2227.6	4632.4
1018	50    	3254.64	2164.8	4724.8
1019	50    	3148.06	2106.8	4866.4
1020	50    	3250.73	2052  	4528.4
1021	50    	3150.18	1994.8	4701.6
1022	50    	3153.33	1730  	4908.4
1023	50    	3058.15	2076.8	4160.4
1024	50    	3132.63	2300.8	4973.2
1025	50    	3218.58	2274.4	4866.4
1026	50    	3091.88	1703.2	4494.8
1027	50    	3115.83	595.6 	4861.2
1028	50    	3160.17	730.4 	5324.4
1029	50    	3173.55	1905.2	4755.2
1030	50    	3220.18	2144.8	4709.6
1031	50    	3082.34	2233.2	4329.6
1032	50    	3191.81	2241.2	4981.6
1033	50    	3195.7 	2106.8	4602  
1034	50    	3174.73	2332  	4457.6
1035	50    	3182.51	2121.2	5114.4
1036	50    	3060.18	2253.6	4646  
1037	50    	3261.4 	2148  	4786.8
1038	50    	2991.58	2106.8	3904  
1039	50    	3179   	2159.6	4154.4
1040	50    	3090.76	2162  	4166.4
1041	50    	3223.25	1948.8	4704.4
1042	50    	3138.69	2060.4	4981.6
1043	50    	3180.16	2289.6	4430.4
1044	50    	3259.5 	2490  	4174.8
1045	50    	3111.4 	1711.6	4637.6
1046	50    	3277.65	2152.4	4532  
1047	50    	3157.22	1939.6	4442.8
1048	50    	3141.61	1974.4	4710.4
1049	50    	3220.66	1876  	4932  
1050	50    	3096.91	2326.4	4442.8
1051	50    	3118.77	2124.8	4320  
1052	50    	3205.59	2045.2	4832.4
1053	50    	3185.66	2091.2	4580.8
1054	50    	3274.76	2030.4	5069.2
1055	50    	3076.94	1777.2	4148.8
1056	50    	3179.78	2222.8	4339.2
1057	50    	3090   	1624  	4710.4
1058	50    	3228.22	2172  	4490.4
1059	50    	3161.84	2151.2	4906.8
1060	50    	3132.89	744   	4252.4
1061	50    	3154.74	852.4 	4201.6
1062	50    	3261.05	2035.2	4800.8
1063	50    	3220.5 	2205.6	4638.8
1064	50    	3244.09	757.2 	4515.6
1065	50    	3288.44	2448.8	4457.6
1066	50    	3235.13	711.6 	4554.8
1067	50    	3310.91	2472  	4767.6
1068	50    	3220.55	2269.2	3954.4
1069	50    	3156.5 	2154  	4658.4
1070	50    	3109.58	2158.8	4498  
1071	50    	3182.47	1733.2	4202  
1072	50    	3167.51	2085.2	5025.6
1073	50    	3085.3 	2063.2	4629.2
1074	50    	3031.36	792   	4603.6
1075	50    	3141.94	2120.8	4614  
1076	50    	3180.66	1746.8	5001.2
1077	50    	3098.39	1871.2	4428  
1078	50    	3145.33	1941.2	4209.2
1079	50    	3187.39	1892.4	4845.2
1080	50    	3232.74	2172.8	4528.8
1081	50    	3182.55	1896.8	4439.2
1082	50    	3177.57	751.2 	4613.6
1083	50    	3121.26	2079.6	4432  
1084	50    	3082.23	1985.6	4196  
1085	50    	3320.54	2140.8	4487.6
1086	50    	3221.47	1980.8	4421.2
1087	50    	3223.73	923.2 	5425.6
1088	50    	3192.42	1915.6	4443.2
1089	50    	3147.39	1647.2	4683.6
1090	50    	3322.71	2107.2	4844.8
1091	50    	3259.22	2390  	4686  
1092	50    	3046.46	2077.2	4722.4
1093	50    	3131.02	2081.2	4669.2
1094	50    	3225.3 	1767.2	4692  
1095	50    	3216.61	2202  	5089.2
1096	50    	3260.58	1972.8	4523.2
1097	50    	3228.55	2125.6	4239.2
1098	50    	3052.03	2093.2	4500.4
1099	50    	3057.82	1062.4	4948  
1100	50    	3039.18	944   	4436.8
1101	50    	3234.66	2279.6	4704  
1102	50    	3285.48	2069.2	4752.8
1103	50    	3170.98	2002.8	4240.4
1104	50    	3137.02	2226.4	4687.6
1105	50    	3099.18	2149.6	4387.6
1106	50    	3172.18	2097.6	4269.6
1107	50    	3133.52	2105.6	4528.4
1108	50    	3276.98	2188.8	4534.4
1109	50    	3088.14	2382.4	3905.6
1110	50    	3232.72	2124  	4355.6
1111	50    	3204.49	2313.2	4374.8
1112	50    	2987.24	2069.2	3938  
1113	50    	3110.28	2258.8	4081.6
1114	50    	3090.98	2192.8	4142.8
1115	50    	3146.65	2282.4	4110.8
1116	50    	3134.69	2216.4	4437.6
1117	50    	3137.5 	2018.4	4422.8
1118	50    	3145.62	2337.6	4123.6
1119	50    	2978.09	1963.6	4262  
1120	50    	3205.16	2076  	4981.6
1121	50    	3149.78	1756.8	4732  
1122	50    	3149.46	1908.8	4540  
1123	50    	3149.06	2060  	4439.2
1124	50    	3101.42	1503.2	4586  
1125	50    	3176.22	2130.8	4354  
1126	50    	3245.82	2379.6	4767.2
1127	50    	3227.46	1806.4	4508.8
1128	50    	3280.06	2131.6	4755.2
1129	50    	3227.47	1803.2	4704  
1130	50    	3186.1 	2162  	4419.6
1131	50    	3254.84	1746.8	4222.8
1132	50    	3087.68	2043.6	4703.6
1133	50    	3023.16	745.6 	4411.6
1134	50    	3335.5 	2060.4	4631.2
1135	50    	3090.63	1970  	5011.2
1136	50    	3038.5 	2085.2	4388.4
1137	50    	2988.11	2109.6	4172.4
1138	50    	3041.02	2147.6	4324  
1139	50    	3126.09	1911.2	4191.2
1140	50    	3128.54	2256.4	4526  
1141	50    	3244.18	2142.8	5108.8
1142	50    	2994.03	2227.6	4179.2
1143	50    	3147.25	2095.6	5002.4
1144	50    	3045.28	2193.6	4204.4
1145	50    	2895.89	1920.8	4003.6
1146	50    	3171.95	920   	4832.4
1147	50    	3262.01	2364.4	4094.8
1148	50    	3133.1 	2179.2	4808.4
1149	50    	3184.46	2211.2	4873.2
1150	50    	3171.5 	2159.2	4666.8
1151	50    	3150.62	1729.2	4236.8
1152	50    	3104.34	2178.8	4261.6
1153	50    	3189.66	1701.2	4786  
1154	50    	3261.61	2210.4	4382.8
1155	50    	3103.97	1880.4	4684.4
1156	50    	3179.45	2140.4	4619.6
1157	50    	3086.76	1726.4	4555.6
1158	50    	3083.83	910.8 	4335.6
1159	50    	3229.84	2250  	4696.8
1160	50    	3101.03	1962.8	4778.4
1161	50    	3183.47	2415.6	4692.4
1162	50    	3244.25	2337.2	4194.8
1163	50    	3175.76	2250.4	4376.8
1164	50    	2997.91	2045.2	4088.4
1165	50    	3124.28	2005.2	4932  
1166	50    	3151.15	2016  	4780.8
1167	50    	3135.17	1828.4	5427.2
1168	50    	3276.15	2165.2	4312  
1169	50    	3313.03	2254.4	4323.2
1170	50    	3087.63	2207.6	4722  
1171	50    	3210.13	2054.8	4949.6
1172	50    	3187.94	2323.6	4228.8
1173	50    	3153.46	1946.8	4502  
1174	50    	3316.11	2128.4	4894.8
1175	50    	3286.03	2127.2	4833.6
1176	50    	3075.9 	1824  	4334  
1177	50    	3128.15	2039.2	4296.4
1178	50    	3215.43	2148.4	4725.6
1179	50    	3123.35	1900.8	4098  
1180	50    	3205.46	522.8 	4430.4
1181	50    	3241.14	2203.6	4360.4
1182	50    	3257.99	1992  	5354  
1183	50    	3193.21	1958  	4518.4
1184	50    	3282.94	2245.2	4489.6
1185	50    	3251.57	1902.4	4801.6
1186	50    	3027.01	2122.8	3854.8
1187	50    	3281.73	2166.4	4514.4
1188	50    	3161.12	1952  	4723.2
1189	50    	3147.97	2014.8	4917.2
1190	50    	3225.42	2152.8	4906.8
1191	50    	3018.8 	2017.2	4538  
1192	50    	3275.17	2093.2	4538.8
1193	50    	3092.91	845.2 	4039.6
1194	50    	3119.63	2338.8	4618.8
1195	50    	3188.98	2156  	4250  
1196	50    	3298.98	2091.6	4578.8
1197	50    	3218.29	2294  	5182.8
1198	50    	3299.01	2072.8	4429.6
1199	50    	3042.87	1655.6	4352.4
1200	50    	3054.38	1868  	4846.8
1201	50    	3200.49	2051.2	4615.2
1202	50    	3089.87	2140.4	4608.8
1203	50    	3190.7 	1904  	4345.6
1204	50    	3228.5 	2144  	5050.8
1205	50    	3130.23	1918.4	4393.2
1206	50    	3171.01	2155.2	4615.2
1207	50    	3160.18	2053.2	4418.8
1208	50    	3170.87	1899.6	4622.4
1209	50    	3298.94	2362.8	4470  
1210	50    	3172.63	2100.4	4392.4
1211	50    	3181.96	627.6 	4646  
1212	50    	3267.56	1723.6	4392.4
1213	50    	3188.44	2078.4	4661.6
1214	50    	3184.73	2079.6	4755.2
1215	50    	3104.78	1885.2	4042.4
1216	50    	3263.64	1997.2	4288.4
1217	50    	3082.9 	2045.6	4222  
1218	50    	3170.78	2092  	4660.8
1219	50    	3185.15	2092  	5028.8
1220	50    	3130.94	1810.8	4870.4
1221	50    	3293.46	2112  	4371.2
1222	50    	3136.22	2124  	4766.8
1223	50    	3208.28	2018.8	4425.2
1224	50    	3191.14	2297.6	4484  
1225	50    	3161.71	788   	4486.4
1226	50    	3286.21	2152.4	4366.4
1227	50    	3265.49	1711.6	4676.4
1228	50    	3138.94	2203.2	4362.4
1229	50    	3115.71	1893.2	4235.6
1230	50    	3245.23	725.6 	4390.8
1231	50    	3223.49	2490  	4818.4
1232	50    	3229.85	1974  	4432  
1233	50    	3059.14	1836  	5041.6
1234	50    	3256.95	2239.6	4221.6
1235	50    	3101.12	2064.4	4242.4
1236	50    	3197.39	2340.4	4220.8
1237	50    	3381.49	2314.8	4693.6
1238	50    	3193.15	2329.6	4704.8
1239	50    	3151.62	2139.2	4268.4
1240	50    	3285.78	2123.2	4473.6
1241	50    	3126.53	1950.8	4285.2
1242	50    	3083.42	2106.8	4528.4
1243	50    	3159.29	1807.2	4644  
1244	50    	3162.41	2150.8	4520  
1245	50    	3232.18	1974.4	4364.8
1246	50    	3010.89	2230.8	4406.4
1247	50    	3289.93	2303.6	4126  
1248	50    	3205.09	2014.8	4253.6
1249	50    	3244.64	2359.2	4595.2
1250	50    	3191.5 	2005.2	4807.2
1251	50    	3319.27	2048  	4684  
1252	50    	3107.4 	2150.4	4564.8
1253	50    	3223.19	2208  	4601.6
1254	50    	3184.57	2094  	4500.8
1255	50    	3125.06	628   	4300.8
1256	50    	3216.63	2397.2	4551.6
1257	50    	3107.42	787.2 	4599.2
1258	50    	3132.98	1957.6	4666.8
1259	50    	3055.5 	1859.2	4094  
1260	50    	3169.75	2289.2	4606.8
1261	50    	3220.07	2109.6	4661.2
1262	50    	3134.76	1986  	4548  
1263	50    	3173.75	2052.8	4661.6
1264	50    	3147.67	2002.8	4370  
1265	50    	3157.67	2066.8	4165.6
1266	50    	3309.3 	2121.2	4602.8
1267	50    	3163.06	1985.6	4863.2
1268	50    	3196.69	2248.4	4291.2
1269	50    	3241.33	1994.8	4018.4
1270	50    	3292.94	2021.6	4481.2