gen 	nevals	avg   	min  	max  
0   	20    	88.41 	53.8 	121.2
1   	20    	100.91	85.8 	121  
2   	20    	108.78	83.2 	124.4
3   	20    	107.8 	83.2 	120.4
4   	20    	104.47	81.8 	122.2
5   	20    	104.33	91.4 	124  
6   	20    	109.65	96.2 	124.8
7   	20    	110.76	96.2 	127.6
8   	20    	107.14	86.8 	121.8
9   	20    	111.22	91   	126.2
10  	20    	107.92	76.4 	130.4
11  	20    	108.67	92.8 	125  
12  	20    	109.21	89.4 	124.6
13  	20    	108.99	84.8 	123.4
14  	20    	106.04	80   	118.6
15  	20    	111.67	103.6	121.8
16  	20    	115.09	94.4 	127.4
17  	20    	113.22	93.6 	122.2
18  	20    	111.45	94.6 	121.4
19  	20    	110.74	92   	125.8
20  	20    	114.15	103.6	127.2
21  	20    	111.92	92.6 	125  
22  	20    	111.92	99.6 	133.8
23  	20    	112.42	87.6 	131.2
24  	20    	114.48	87.6 	134.6
25  	20    	112.38	93.8 	124  
26  	20    	116.15	103.2	127  
27  	20    	112.07	94.4 	122.2
28  	20    	116.42	96.2 	128.8
29  	20    	111.51	95   	121.6
30  	20    	115.57	103  	128.2
31  	20    	111.94	96.8 	123.2
32  	20    	110.08	68.8 	128  
33  	20    	112.43	93.8 	129.8
34  	20    	112.85	98.4 	137.8
35  	20    	112.6 	86.4 	123.8
36  	20    	112   	93.8 	129  
37  	20    	117.17	101  	142.8
38  	20    	113.78	97.6 	134.4
39  	20    	117   	93   	135.6
40  	20    	119.45	90.8 	140.4
41  	20    	118.71	91.8 	141.6
42  	20    	119.39	103  	130.6
43  	20    	120.37	106.4	134.8
44  	20    	121.55	105.2	134.8
45  	20    	120.01	100.6	130.8
46  	20    	119.84	101.4	134.4
47  	20    	121.94	106.2	152.2
48  	20    	121.11	102.4	141.4
49  	20    	123.44	111.2	136.2
50  	20    	121.27	108.2	137.4
51  	20    	124.13	114.4	140.8
52  	20    	125.29	114  	132.6
53  	20    	114.99	89   	133.8
54  	20    	120.82	109.4	132.6
55  	20    	119.42	106.8	143.4
56  	20    	118.52	106.2	130.6
57  	20    	121.13	108.4	132.4
58  	20    	120   	101.2	133.4
59  	20    	120.17	98   	133.8
60  	20    	117.85	100.8	129.6
61  	20    	120.33	107.6	130.2
62  	20    	121.67	107.8	131.4
63  	20    	119.72	104.2	135.2
64  	20    	120.75	100.4	141.8
65  	20    	123.64	96.6 	135.2
66  	20    	117.91	96.4 	128.8
67  	20    	120.67	109.4	135.8
68  	20    	121.1 	108.8	138.6
69  	20    	120.33	103  	139.2
70  	20    	121.31	98.2 	136.6
71  	20    	119.3 	92.8 	132  
72  	20    	123.14	100.6	143  
73  	20    	119.29	103.4	134  
74  	20    	121.95	105.4	142.6
75  	20    	117.9 	102.4	135.2
76  	20    	119.67	95.4 	136.2
77  	20    	117.86	102.8	130.4
78  	20    	123.39	113.2	133.4
79  	20    	122.86	108.8	142.6
80  	20    	122.72	112  	135.2
81  	20    	122.04	108  	136.8
82  	20    	119.85	109  	139.4
83  	20    	118.05	110.4	131.6
84  	20    	121.77	97.6 	134.4
85  	20    	120.34	101.4	132.4
86  	20    	119.16	103.2	135.2
87  	20    	118.54	100.2	133.4
88  	20    	118.73	108.4	130.6
89  	20    	120.51	109  	130.6
90  	20    	115.72	103  	128.8
91  	20    	124.91	103.4	144.8
92  	20    	122.33	103  	135.2
93  	20    	122.14	111.8	139  
94  	20    	121.78	104.4	135  
95  	20    	120.86	106  	136  
96  	20    	117.3 	75   	137.8
97  	20    	122.56	111.4	141.2
98  	20    	121.4 	107.2	131.4
99  	20    	120.88	105.4	143.8
100 	20    	121.66	110.2	129.6
101 	20    	125.62	109.8	139.2
102 	20    	120.77	101.6	137.2
103 	20    	122.95	103.6	145  
104 	20    	122.7 	103.8	135.4
105 	20    	120.51	94.8 	136.6
106 	20    	119   	103.2	131.2
107 	20    	124.42	116.2	150.4
108 	20    	122.71	108.8	137  
109 	20    	122.32	110.2	132.2
110 	20    	121.86	112.4	140.4
111 	20    	119   	106.8	135  
112 	20    	120.93	104.4	136.6
113 	20    	122.98	112.4	132  
114 	20    	122.65	111  	136.2
115 	20    	119.59	92   	139.6
116 	20    	120.65	102.6	135  
117 	20    	122.32	111  	141.6
118 	20    	123.64	108.8	132.4
119 	20    	122.72	93.8 	131.2
120 	20    	123.47	107.4	140.6
121 	20    	118.89	100.6	137  
122 	20    	125.69	107  	144.2
123 	20    	123.27	100.2	136.4
124 	20    	122.12	106.2	139.4
125 	20    	129.14	117  	145.8
126 	20    	127.03	104.8	142.4
127 	20    	126.16	112.4	141.8
128 	20    	123.57	105.2	137.2
129 	20    	126.06	104.6	139.2
130 	20    	126.37	109.8	137.6
131 	20    	126.17	114.4	135.8
132 	20    	128.22	118.8	140.4
133 	20    	122.37	111.6	138.2
134 	20    	125.13	111.4	144.6
135 	20    	126.81	107.4	145.6
136 	20    	125.3 	116.2	138.2
137 	20    	124.67	107.8	138.2
138 	20    	122.95	97   	139.6
139 	20    	126.13	111.2	142.2
140 	20    	125.09	93.6 	141.2
141 	20    	126.16	108  	135.8
142 	20    	125.36	111.6	138.4
143 	20    	125.57	113.6	137.8
144 	20    	127.62	104.8	142  
145 	20    	126.99	95.6 	141.4
146 	20    	124.89	109.8	137  
147 	20    	126.6 	110.8	140.6
148 	20    	127.45	116.4	135.4
149 	20    	125.41	102.2	139.8
150 	20    	127.72	109  	140.2
151 	20    	123.48	99.4 	136.4
152 	20    	127.34	118  	142  
153 	20    	127.27	108.4	141.2
154 	20    	126.23	112.4	141.2
155 	20    	127.9 	114.6	143  
156 	20    	128.54	114.2	137.2
157 	20    	124.32	90.6 	152.2
158 	20    	126.35	108.2	143  
159 	20    	126.93	113.6	140.8
160 	20    	124.92	104.2	138.8
161 	20    	124.95	113.2	140.4
162 	20    	124.99	99.8 	144.4
163 	20    	128.49	118.2	139.8
164 	20    	131.35	120.8	150.8
165 	20    	128.03	107.8	149  
166 	20    	130.92	119.4	141.8
167 	20    	127.07	111.2	140.2
168 	20    	127.72	109  	142  
169 	20    	127.21	110.8	151  
170 	20    	124.5 	97.6 	138.8
171 	20    	123.22	103.2	141.8
172 	20    	127.72	115.2	136.8
173 	20    	126.06	109.4	135.2
174 	20    	130.12	114.4	140.6
175 	20    	126.55	104.6	139.2
176 	20    	128.86	111.8	145.8
177 	20    	124.67	111.8	143.6
178 	20    	124.5 	107.2	139.2
179 	20    	129.49	115.4	147.2
180 	20    	127.11	114.8	143.4
181 	20    	126.66	112.6	140  
182 	20    	123.37	105.8	132.8
183 	20    	124.07	100  	139.6
184 	20    	129.27	119.2	138.8
185 	20    	128.48	119.6	140  
186 	20    	127.97	101.2	144.4
187 	20    	127.61	107.2	149  
188 	20    	128.79	120.4	137.8
189 	20    	127.02	116.2	140.6
190 	20    	124.26	113.6	137.2
191 	20    	123.5 	106.6	137.6
192 	20    	125.57	104.8	144.2
193 	20    	130.29	117.6	142.2
194 	20    	128.52	116.4	140.8
195 	20    	125.55	100.8	136.8
196 	20    	126.2 	111.4	136.8
197 	20    	126.32	113.8	135  
198 	20    	125.69	101.8	141.2
199 	20    	126.56	96.2 	151.8
200 	20    	125.74	116.8	141.4
201 	20    	129.32	110  	142.2
202 	20    	126.59	110.2	136  
203 	20    	128.77	119.2	142.2
204 	20    	126.61	111  	147.8
205 	20    	127.27	111.6	147.4
206 	20    	125.51	115  	145.4
207 	20    	128.76	112.8	143.2
208 	20    	126.3 	116.4	138  
209 	20    	127.4 	112.2	138.6
210 	20    	126.58	115.2	140.8
211 	20    	126.78	116.6	143.6
212 	20    	127.72	112.4	146  
213 	20    	126.77	116.2	142  
214 	20    	125.12	116.4	134  
215 	20    	126.52	113.2	143.6
216 	20    	125.75	115.8	134.6
217 	20    	127.2 	109.8	137.4
218 	20    	126.52	116.2	139.6
219 	20    	126.44	101.4	140.8
220 	20    	127.85	104.2	142.2
221 	20    	129.58	108.2	142  
222 	20    	126.98	112.6	144.2
223 	20    	127.18	105.4	137.2
224 	20    	124.38	104.8	136.6
225 	20    	131.73	116  	147.2
226 	20    	127.78	112.2	141  
227 	20    	125.46	109.2	135.8
228 	20    	129   	120.2	140  
229 	20    	126.39	112.8	144  
230 	20    	124.9 	110.2	141.6
231 	20    	126.94	112.8	145  
232 	20    	129.9 	113  	154.6
233 	20    	127.64	113.4	150.6
234 	20    	127.99	113  	142.2
235 	20    	126.05	118.2	138.2
236 	20    	125.57	112.8	138.6
237 	20    	127.47	109.2	142.8
238 	20    	124.62	106.8	142.8
239 	20    	124.76	111  	139  
240 	20    	127.43	110.2	138.8
241 	20    	128.67	110.4	136  
242 	20    	127.97	114.8	136.4
243 	20    	130.19	117  	142.2
244 	20    	125.74	108.8	139.4
245 	20    	125.96	106.6	139.4
246 	20    	126.56	110  	148.2
247 	20    	126.98	114  	142.8
248 	20    	125.76	98.4 	145.4
249 	20    	126.35	107.6	137.4
250 	20    	128.95	110.8	140.4
251 	20    	129.2 	118.2	145  
252 	20    	124.12	108.6	137.8
253 	20    	127.6 	118.2	138.6
254 	20    	128.6 	115.2	138.6
255 	20    	126.82	107.6	139.2
256 	20    	127.14	118.2	137.8
257 	20    	124.52	100.8	148.2
258 	20    	126.98	110.4	140.2
259 	20    	129.5 	114.4	144.6
260 	20    	124.45	101.2	143.8
261 	20    	128.44	115.6	140.8
262 	20    	125.89	112.8	142  
263 	20    	133.33	126.8	144.8
264 	20    	128.26	113  	138.6
265 	20    	127.89	108.8	146.8
266 	20    	126.12	113.8	146.8
267 	20    	124.77	111.8	141.6
268 	20    	127.02	117.8	142.6
269 	20    	125.91	114.4	140.4
270 	20    	124.04	109.4	142  
271 	20    	124.19	107  	138  
272 	20    	124.71	116.2	137  
273 	20    	123.58	102.2	136.6
274 	20    	125.83	113  	140  
275 	20    	123.14	98.6 	139.2
276 	20    	125.53	113  	137.2
277 	20    	123.62	103.6	136.8
278 	20    	126.06	102.2	147.2
279 	20    	123.99	112  	136.8
280 	20    	123.14	105.8	138  
281 	20    	123.99	103.6	141.8
282 	20    	122.66	107.2	140.6
283 	20    	125.13	112.2	137.8
284 	20    	127   	110.6	147.4
285 	20    	125.11	110  	142.6
286 	20    	120.42	100.2	135.2
287 	20    	126.49	107.2	145.8
288 	20    	124.45	115.6	147.8
289 	20    	122.99	108.6	136.2
290 	20    	123.73	102.8	136.2
291 	20    	123.92	109.4	135.6
292 	20    	124.17	114  	137.4
293 	20    	126.47	109.4	138.2
294 	20    	122.37	105  	137.8
295 	20    	126.32	112.4	145.4
296 	20    	125.04	110.4	136  
297 	20    	125.67	112  	139.4
298 	20    	122.43	111  	135.8
299 	20    	125.28	106  	135.6
300 	20    	123.82	81.8 	138  
301 	20    	122.7 	105.8	144.2
302 	20    	122.4 	107.6	139.8
303 	20    	126.16	102.6	137.4
304 	20    	123.51	112.6	133.2
305 	20    	124.76	99.8 	137.4
306 	20    	122.23	110  	137.2
307 	20    	124.51	114.6	137  
308 	20    	125.6 	109.2	142.4
309 	20    	124.93	111  	143  
310 	20    	126.43	113.6	136.2
311 	20    	127.1 	115.4	143.8
312 	20    	126.6 	112.4	141.4
313 	20    	126.93	113.4	149  
314 	20    	125.36	107  	145  
315 	20    	128.03	110.2	144.6
316 	20    	127.75	113  	141.4
317 	20    	122   	89.8 	134.8
318 	20    	124.43	106.6	143.6
319 	20    	124.34	94.8 	142  
320 	20    	122.22	101.4	133.6
321 	20    	122.04	88.6 	143.8
322 	20    	130.98	112  	144.6
323 	20    	125.06	113.4	141.2
324 	20    	124.77	112.8	147.4
325 	20    	125.31	107.6	136.4
326 	20    	123.23	111.4	141.2
327 	20    	125.28	110  	135.8
328 	20    	125.87	110.2	142.2
329 	20    	126.29	104.8	142.4
330 	20    	127.44	114.2	139.4
331 	20    	123.5 	107.2	137.2
332 	20    	129.62	101.6	144.6
333 	20    	126.44	116  	141.2
334 	20    	126.47	104.2	134  
335 	20    	124.81	107.2	149.8
336 	20    	126.66	111.2	139  
337 	20    	126.07	102.2	143.4
338 	20    	126.28	106  	142.8
339 	20    	127.28	111.6	136.4
340 	20    	124.35	109  	141  
341 	20    	124.46	101.4	140.2
342 	20    	127.5 	112.8	139  
343 	20    	127.67	109.8	144  
344 	20    	127.59	117  	140.2
345 	20    	126.1 	98.6 	137.6
346 	20    	127.19	112.8	139.8
347 	20    	126.98	113.2	138  
348 	20    	124.27	105.6	146  
349 	20    	127.92	117.2	144  
350 	20    	125.38	114.6	137.2
351 	20    	128.06	113.4	139.2
352 	20    	126.81	112.4	139.2
353 	20    	123.28	110  	132.6
354 	20    	121.85	104.6	137.4
355 	20    	121.26	104  	137.6
356 	20    	126.68	114.4	143.4
357 	20    	124.81	114  	136.2
358 	20    	125.66	110.2	139  
359 	20    	127.03	118.8	141.6
360 	20    	124.24	113.4	134.2
361 	20    	125.14	111.4	138.6
362 	20    	126.19	113.4	142.4
363 	20    	125.21	116  	142  
364 	20    	124.64	96.8 	143.6
365 	20    	125.91	111  	136.2
366 	20    	126.71	109.6	141  
367 	20    	125.21	111.2	140.4
368 	20    	126.22	115.4	135.6
369 	20    	126.6 	109  	136.2
370 	20    	124.58	114.2	140.4
371 	20    	125.11	109  	139.2
372 	20    	121.46	96.6 	148.2
373 	20    	121.81	101.2	137.8
374 	20    	123.81	103  	149.4
375 	20    	124.54	113  	141  
376 	20    	123.37	101.8	139  
377 	20    	127.38	118.2	138.6
378 	20    	125.41	100.4	153.8
379 	20    	125.75	116.4	140.2
380 	20    	126.78	114.2	137.8
381 	20    	126.43	110.6	144.4
382 	20    	129.15	115.6	136.4
383 	20    	127.31	114.8	141.6
384 	20    	125.91	113.6	136.8
385 	20    	126.32	111.8	140.8
386 	20    	125.03	108.4	142  
387 	20    	127.43	117  	146.2
388 	20    	127.26	110.4	139.8
389 	20    	126.39	112  	138.2
390 	20    	127.01	118  	140.2
391 	20    	125.53	107  	143.4
392 	20    	129.9 	115.8	155.2
393 	20    	125.95	111.6	140.8
394 	20    	125.36	109.2	135.4
395 	20    	128.95	108.2	146  
396 	20    	126.61	105  	140.6
397 	20    	129.65	114.4	144  
398 	20    	127.99	116  	142.4
399 	20    	129.34	114.2	143.6
400 	20    	127.37	103  	140.4
401 	20    	124.64	111.6	136.6
402 	20    	129.57	121  	142.8
403 	20    	129.53	116.6	141.4
404 	20    	124.29	109.4	141.2
405 	20    	126.12	109.8	139.6
406 	20    	127.5 	107  	137.8
407 	20    	126.94	115.6	154.6
408 	20    	126.02	110.4	135.8
409 	20    	123.29	111.8	138.6
410 	20    	125.98	109.2	143.2
411 	20    	128.6 	110.8	142.8
412 	20    	128.64	113.4	144  
413 	20    	126.21	113.4	139.8
414 	20    	127.81	118  	139.6
415 	20    	124.37	96   	140.4
416 	20    	127.68	107.6	137  
417 	20    	125.67	112.2	143.8
418 	20    	123   	108.2	135  
419 	20    	126.5 	114  	139.8
420 	20    	124.7 	107.8	134.8
421 	20    	127.31	114.2	139.8
422 	20    	127.65	111  	143  
423 	20    	123.73	105  	137.4
424 	20    	122.62	107.2	131  
425 	20    	122.96	99.8 	135  
426 	20    	126.06	117  	144  
427 	20    	124.63	113.6	135.4
428 	20    	125.79	110.2	137.6
429 	20    	126.77	108.6	138.4
430 	20    	126.91	113  	142.8
431 	20    	127.67	113.8	137.4
432 	20    	129.33	116.6	140.2
433 	20    	125.58	111.4	139  
434 	20    	123.88	109  	135.6
435 	20    	126.72	114  	141  
436 	20    	127.23	105  	142.6
437 	20    	125.78	110.2	139.4
438 	20    	123.95	114.2	135.8
439 	20    	124.26	106.2	132  
440 	20    	124.86	108.4	144  
441 	20    	125.01	113.2	143.2
442 	20    	127.78	115  	140.6
443 	20    	126.38	117.2	141  
444 	20    	126.15	86.8 	141.6
445 	20    	124.59	105.8	151.6
446 	20    	126.17	109  	141.6
447 	20    	126.13	113.8	137.8
448 	20    	127.43	112  	142  
449 	20    	125.42	103  	136.2
450 	20    	127.16	117.8	135.8
451 	20    	126.53	116.2	147  
452 	20    	130.15	111.6	139.8
453 	20    	127.55	117.2	139.2
454 	20    	126.63	116.8	142  
455 	20    	126.28	103.8	142.2
456 	20    	126.44	106.4	140.6
457 	20    	128.7 	109.4	142.4
458 	20    	127.6 	116.4	138.6
459 	20    	129.36	114  	147.4
460 	20    	128.24	112  	141.6
461 	20    	124.69	96.4 	144.4
462 	20    	129.71	119.2	140.6
463 	20    	125.67	109.2	136.2
464 	20    	130.43	117.4	145  
465 	20    	124.79	106.6	140  
466 	20    	125.07	112.8	136.4
467 	20    	127.85	110  	142.6
468 	20    	128.72	117  	140.2
469 	20    	130.09	119.6	141.8
470 	20    	127.96	117.2	134.6
471 	20    	126.21	108.4	136.8
472 	20    	131.48	118.6	148.2
473 	20    	132.67	117.6	150.8
474 	20    	128.17	117.4	136.4
475 	20    	126.71	115.4	143  
476 	20    	126.57	111.4	143  
477 	20    	130.68	118.4	142.4
478 	20    	129.58	112  	140.6
479 	20    	127.47	115.2	141.6
480 	20    	131.64	124.6	143.6
481 	20    	130.16	115.4	143  
482 	20    	125.85	97.2 	142  
483 	20    	125.08	112.4	144.4
484 	20    	126.37	110.8	141.4
485 	20    	123.63	115.4	134.8
486 	20    	124.98	110.2	139.8
487 	20    	125.99	112.4	141.8
488 	20    	126.27	106.8	140  
489 	20    	129.66	114.6	142.8
490 	20    	127.32	107.8	139.8
491 	20    	127.24	112.8	140.4
492 	20    	129.77	117.4	138.6
493 	20    	128.26	111.8	151.2
494 	20    	127.78	114.2	140.8
495 	20    	128.67	106.2	147.6
496 	20    	122.7 	103  	137.8
497 	20    	128.42	118.6	151.2
498 	20    	124.96	109.6	136.2
499 	20    	125.94	115.6	136  
500 	20    	125.15	107.4	135.6
501 	20    	129   	115.8	142.6
502 	20    	126.62	114.8	143.2
503 	20    	129.38	113.4	140.6
504 	20    	125.53	100.8	139.8
505 	20    	128.41	113  	145  
506 	20    	127.94	115.4	138  
507 	20    	126.12	104.8	149.6
508 	20    	126.17	108.2	145  
509 	20    	129.94	116.2	139.2
510 	20    	129.41	115.8	144.6
511 	20    	123.81	101.6	139.4
512 	20    	125.34	111.8	140.6
513 	20    	126.86	113.4	137.2
514 	20    	125.04	113.8	141  
515 	20    	127.63	113.4	145.4
516 	20    	121.92	108.4	130.4
517 	20    	128.26	107  	141.6
518 	20    	123.44	105.4	143  
519 	20    	126.08	119.8	133.2
520 	20    	126.79	113.4	137.2
521 	20    	127.08	108.4	145.4
522 	20    	126.61	118.2	136.4
523 	20    	122.76	107.6	134.6
524 	20    	131.33	116.6	139.8
525 	20    	123.97	112.8	135.2
526 	20    	128.77	107.8	149.4
527 	20    	126.24	112.8	140.2
528 	20    	126.12	115.2	140.2
529 	20    	125.34	109.8	139.4
530 	20    	126.44	116.4	137  
531 	20    	125.6 	114.6	138.8
532 	20    	121.91	108.6	132  
533 	20    	125.74	109.8	140.2
534 	20    	125.15	105.2	138.6
535 	20    	127.1 	106.4	142  
536 	20    	130.32	118.2	138.6
537 	20    	129.91	97.2 	147.6
538 	20    	123.32	103.6	140.6
539 	20    	126.88	108.8	139.4
540 	20    	128.15	110.8	140.8
541 	20    	124.66	110.6	141.8
542 	20    	127.01	115  	141  
543 	20    	129.62	118.6	139.8
544 	20    	125.4 	107.2	139  
545 	20    	127.37	108.4	141  
546 	20    	129.85	122  	143.6
547 	20    	128.56	118.8	139.6
548 	20    	125.63	109.6	136  
549 	20    	123.27	112.6	135.4
550 	20    	129.32	111.8	148.6
551 	20    	127.33	111.6	144  
552 	20    	124.99	112.6	139  
553 	20    	126.3 	110.8	139.4
554 	20    	127.16	113.2	141.4
555 	20    	123.2 	90.2 	134.2
556 	20    	127.65	111  	139.8
557 	20    	126.94	105.2	140.6
558 	20    	124.85	112.2	139.8
559 	20    	127.05	117.6	138.6
560 	20    	120.76	99   	138.6
561 	20    	126.15	111  	139.2
562 	20    	124.62	117.8	135  
563 	20    	126.29	114  	137  
564 	20    	126.6 	113.4	143.2
565 	20    	122.01	72.2 	145.8
566 	20    	125.58	107.8	144  
567 	20    	125.49	111.2	140.2
568 	20    	127.33	115  	138.2
569 	20    	127   	115.8	136.4
570 	20    	124.77	91.4 	138.4
571 	20    	126   	117.6	136.2
572 	20    	126.69	106.4	141.6
573 	20    	125.64	103.4	139.8
574 	20    	122.48	96   	138.2
575 	20    	126.47	110.6	137.8
576 	20    	124.38	108.2	136  
577 	20    	123.75	111.8	132.4
578 	20    	126.97	111.6	137.8
579 	20    	128.07	113  	145.6
580 	20    	125.41	113.8	136.8
581 	20    	123.38	110.2	136.8
582 	20    	124.26	105.2	134.2
583 	20    	123.54	96.8 	138.8
584 	20    	126.9 	101.2	142.8
585 	20    	127.55	107.8	144.6
586 	20    	128.66	118  	138  
587 	20    	123.94	107.6	143.2
588 	20    	123.38	110.8	137.6
589 	20    	124.8 	113.2	138.6
590 	20    	125.14	105.4	140  
591 	20    	123.6 	101.2	136  
592 	20    	128.17	112  	144  
593 	20    	126.91	111  	138.8
594 	20    	127.56	116.6	142.2
595 	20    	127.42	113.6	144  
596 	20    	124.69	105.6	139.6
597 	20    	127.55	117.8	141.8
598 	20    	123.17	99.2 	134.4
599 	20    	124.63	113  	136.4
600 	20    	126.27	105.8	138  
601 	20    	125.99	112.4	139.8
602 	20    	122.25	109.8	137  
603 	20    	121.94	104  	144.8
604 	20    	126.07	97   	142  
605 	20    	124.17	109.2	133.6
606 	20    	126.09	112.6	141.6
607 	20    	125.36	100  	141  
608 	20    	126.78	117  	138.4
609 	20    	129.04	115.2	150.8
610 	20    	127.01	101.2	145  
611 	20    	127.38	94   	148.6
612 	20    	128.69	101.2	150.4
613 	20    	127.01	104  	146.6
614 	20    	127.32	106.2	139.2
615 	20    	127.27	109.6	138.8
616 	20    	130.13	114.6	144.6
617 	20    	125.63	110  	138.2
618 	20    	125.05	113.6	134.6
619 	20    	123.8 	108.6	134.6
620 	20    	128.67	117.6	134.4
621 	20    	126.32	114.2	142.4
622 	20    	129.26	118.2	143.8
623 	20    	127.29	109.2	147.6
624 	20    	129.81	118.6	141.2
625 	20    	129.05	113.8	143.8
626 	20    	130.42	120.8	147.4
627 	20    	132.16	119.2	146  
628 	20    	132.59	121  	144.4
629 	20    	126.65	108.4	136.2
630 	20    	127.73	114.8	142  
631 	20    	127.47	112.2	141  
632 	20    	132.64	120.8	144.4
633 	20    	125.6 	114.6	137.4
634 	20    	130.14	113.6	140.8
635 	20    	129.76	119.8	143.4
636 	20    	129.47	115  	139.4
637 	20    	126.6 	119.2	132.6
638 	20    	127.84	106.8	140.2
639 	20    	128.37	103.8	144.2
640 	20    	127.03	113.6	139.4
641 	20    	129.38	116  	142.8
642 	20    	125.69	114  	133.4
643 	20    	128.45	104.6	141.6
644 	20    	127.61	105.8	141  
645 	20    	124.89	114.4	138  
646 	20    	125.12	115.4	138.4
647 	20    	128.88	118.8	144  
648 	20    	126.44	108.2	141  
649 	20    	127.17	113.6	139.6
650 	20    	128.82	117  	144.2
651 	20    	132.77	118.2	146  
652 	20    	126.91	106.6	143.2
653 	20    	128.89	112.2	143.2
654 	20    	127.49	105.6	140  
655 	20    	132.02	116.8	148  
656 	20    	129.54	111  	145.6
657 	20    	133.65	120.6	150  
658 	20    	129.55	114.6	146  
659 	20    	133.78	118.8	151  
660 	20    	132.03	116.6	147.4
661 	20    	130.49	118.8	143  
662 	20    	131.71	107  	144.6
663 	20    	127.23	111  	139.2
664 	20    	130.97	116.4	147  
665 	20    	125.67	109.6	137.8
666 	20    	130.06	102.2	148.8
667 	20    	128.44	115.4	141.8
668 	20    	130.62	108  	147.4
669 	20    	133.34	118.2	146.8
670 	20    	131.33	115.2	140.4
671 	20    	129.69	107  	143.6
672 	20    	127.78	111.8	149.6
673 	20    	127.53	120.8	137.2
674 	20    	127.26	113.6	138.2
675 	20    	126.15	101.2	141.2
676 	20    	129.6 	79.6 	149.8
677 	20    	125.32	100.4	139  
678 	20    	125.76	109.2	136.2
679 	20    	126.75	117.2	140  
680 	20    	127.87	114  	143.6
681 	20    	127.99	112.8	142.2
682 	20    	128.36	111.6	143.4
683 	20    	126.53	111.8	144.8
684 	20    	129.99	115.6	146.4
685 	20    	127.39	79.8 	141.6
686 	20    	131.22	113.2	152.8
687 	20    	131.59	116.6	142.8
688 	20    	130.61	115.8	140.4
689 	20    	128.57	109  	144.6
690 	20    	132.79	122.6	143.4
691 	20    	129.31	112.6	149.4
692 	20    	129.09	117.4	135.2
693 	20    	130.55	117.8	149.2
694 	20    	127.31	109.8	150  
695 	20    	130.69	106.6	142  
696 	20    	130.95	115.4	144.8
697 	20    	127.97	110  	136.4
698 	20    	131.43	117.4	148.8
699 	20    	131.38	102.2	147  
700 	20    	131.28	117.2	146  
701 	20    	128.08	105.4	142.4
702 	20    	124.08	103  	141.6
703 	20    	130.87	110.2	145.6
704 	20    	123.46	110.2	133.4
705 	20    	125.21	105.6	141.2
706 	20    	126.25	110.6	140.6
707 	20    	129.3 	115  	147  
708 	20    	123.99	108.8	137  
709 	20    	123.57	94.6 	139.6
710 	20    	122.59	93.4 	139.2
711 	20    	126.45	112.8	146.2
712 	20    	125.91	97.4 	142.8
713 	20    	128.12	113.2	145  
714 	20    	128.9 	102  	142.4
715 	20    	125.98	113.8	142.6
716 	20    	130.08	118.2	141.4
717 	20    	130.29	118.6	141.8
718 	20    	127.58	107.2	143.6
719 	20    	127   	110.2	141  
720 	20    	130.24	118.6	145.4
721 	20    	127.75	81.6 	145.2
722 	20    	128.96	119.2	141.2
723 	20    	123.36	97.8 	135.2
724 	20    	127.96	107.4	141.6
725 	20    	127.73	116.6	145  
726 	20    	128.74	112  	140.6
727 	20    	126   	109.8	136.8
728 	20    	127.01	105.6	141.2
729 	20    	124.18	109.6	138.4
730 	20    	127.01	116.8	142  
731 	20    	128.65	99.4 	143.6
732 	20    	128.54	115.4	149  
733 	20    	125.82	91.8 	138.2
734 	20    	129.65	114  	143  
735 	20    	127.46	105.4	138.4
736 	20    	126.62	107.2	139.8
737 	20    	129.38	112  	138.8
738 	20    	128.26	111.4	142.6
739 	20    	126.97	108.2	142.2
740 	20    	126.22	101.2	147.4
741 	20    	127.35	117.4	150.2
742 	20    	126.62	82.8 	146.6
743 	20    	128.48	90.8 	147.6
744 	20    	126.82	103.2	148.2
745 	20    	126.39	97   	143  
746 	20    	129.25	115.4	150.2
747 	20    	131.43	116.8	147  
748 	20    	127.34	113.6	141.4
749 	20    	128.51	104  	146.8
750 	20    	124.1 	100.2	139.2
751 	20    	126.19	108.8	140.4
752 	20    	127.54	105.4	150.4
753 	20    	129.92	115.4	142  
754 	20    	127.72	100.8	139.8
755 	20    	124.01	85.2 	139  
756 	20    	130.12	120  	137.6
757 	20    	127.24	113.8	140.4
758 	20    	129.73	115.8	139  
759 	20    	122.01	85.6 	137.4
760 	20    	125.56	108.2	142.6
761 	20    	122.7 	86.2 	142.8
762 	20    	128.74	120.4	138.6
763 	20    	124.86	91.8 	139.2
764 	20    	128.06	112.6	144  
765 	20    	125.86	103.2	140.8
766 	20    	126.4 	113.6	140.6
767 	20    	128.37	116.4	138.6
768 	20    	126.85	116.2	138  
769 	20    	123.53	113.2	133.2
770 	20    	123.35	112  	130.8
771 	20    	125.05	111.2	136.4
772 	20    	126.59	88.4 	143.2
773 	20    	127.72	94.2 	147.2
774 	20    	129.07	112.2	151.6
775 	20    	123.03	108.8	137.2
776 	20    	121.09	86.6 	139.2
777 	20    	126.84	90.6 	149.6
778 	20    	125.36	101.6	139.4
779 	20    	122.03	101.4	136  
780 	20    	122.49	95.8 	141  
781 	20    	123.43	102  	139.8
782 	20    	130.04	118.6	143.6
783 	20    	121.03	90.2 	137.4
784 	20    	122.47	93.4 	134.4
785 	20    	127.78	103.8	144.4
786 	20    	127.37	105  	143.4
787 	20    	125.25	107.8	140  
788 	20    	126.24	109.8	140.8
789 	20    	118.81	99.4 	131.4
790 	20    	121.96	107.2	137  
791 	20    	122.73	108.2	140.4
792 	20    	124.35	110.6	138.4
793 	20    	126.48	99   	139  
794 	20    	123.79	107  	136.6
795 	20    	124.66	112  	135.2
796 	20    	129.32	115.8	144.6
797 	20    	125.44	106.2	142.4
798 	20    	127.56	115.4	138.8
799 	20    	126.59	110  	138.8
800 	20    	122.6 	77.2 	139.4
801 	20    	125.12	108.8	140.2
802 	20    	126.17	106.4	140.4
803 	20    	125.42	101.4	135  
804 	20    	125.79	109.6	140.6
805 	20    	124.97	110.8	140.2
806 	20    	125.2 	100.8	142.4
807 	20    	124.51	108  	139  
808 	20    	125.69	98.4 	141.4
809 	20    	122.44	106.6	132.6
810 	20    	127.81	112.2	142.6
811 	20    	122.74	95   	136.4
812 	20    	124.04	108.4	135  
813 	20    	124.35	112.2	139.4
814 	20    	124.26	108.2	143.8
815 	20    	122.46	106.6	138.6
816 	20    	129.11	105.8	141.8
817 	20    	124.86	105.4	138.6
818 	20    	128.22	95.8 	140.8
819 	20    	126.88	108.6	138.2
820 	20    	125.39	103.2	140  
821 	20    	125.76	96.4 	138.6
822 	20    	125.56	106.4	141.8
823 	20    	124.28	96.2 	144.2
824 	20    	127.97	115.2	139.6
825 	20    	125.64	81.4 	141.6
826 	20    	129.4 	110.2	142.2
827 	20    	125.94	92.4 	139.4
828 	20    	123.45	104.2	143.6
829 	20    	131.49	117.2	140  
830 	20    	129.27	113.8	143.6
831 	20    	126.11	101.6	143.8
832 	20    	126.09	104.8	148  
833 	20    	129.76	104  	150  
834 	20    	127.91	114.8	147.6
835 	20    	122.97	94.4 	135.8
836 	20    	127.45	112.6	142.8
837 	20    	123.05	93.4 	141  
838 	20    	121.57	84.4 	137.6
839 	20    	127.03	109.4	134.4
840 	20    	127.77	112.6	141  
841 	20    	128.06	111.2	141.4
842 	20    	124.87	110.4	140.2
843 	20    	127.23	113.2	141.6
844 	20    	120.94	72.4 	139  
845 	20    	127.23	105.8	144.6
846 	20    	124.17	88.4 	137.2
847 	20    	127.63	104.6	142.4
848 	20    	128.41	115.2	144.4
849 	20    	128.14	116  	137.8
850 	20    	125.59	92   	142.6
851 	20    	128.07	100.6	152.2
852 	20    	129.66	113.4	144  
853 	20    	128.07	118.4	140.8
854 	20    	125.83	110.4	141.8
855 	20    	126.39	105.2	141  
856 	20    	129.39	115.8	139.4
857 	20    	128.83	117.8	147.4
858 	20    	128.15	119.8	136.6
859 	20    	124.7 	105.4	149.2
860 	20    	124.78	109.4	139.4
861 	20    	126.57	105.2	136.6
862 	20    	123.86	91.6 	141.2
863 	20    	126.34	102.8	141.6
864 	20    	121.43	90.2 	133.4
865 	20    	126.19	108.8	140.8
866 	20    	129.45	110.8	141.6
867 	20    	126.46	115  	138.2
868 	20    	128.42	117.6	144.8
869 	20    	124.14	87.6 	141.4
870 	20    	128.05	120  	142  
871 	20    	126.99	104.6	141  
872 	20    	126.56	100.4	139.4
873 	20    	126.81	102  	139  
874 	20    	128.17	113.6	138.8
875 	20    	123.82	105  	143.2
876 	20    	123.85	103  	140.4
877 	20    	124.59	113.4	138.8
878 	20    	123.67	106.8	144  
879 	20    	128.32	116.2	142.8
880 	20    	128.35	111.4	141.6
881 	20    	125   	89.2 	144.2
882 	20    	125.83	105.6	141  
883 	20    	128.12	113.2	143.8
884 	20    	128.73	120.4	140.6
885 	20    	125.25	104.2	135.8
886 	20    	125.61	112.4	137.4
887 	20    	130.14	113.4	148.2
888 	20    	122.33	95   	137.8
889 	20    	124.73	114.8	136.8
890 	20    	127.73	105.6	142.4
891 	20    	127.92	115.8	152  
892 	20    	125.35	118.2	139.2
893 	20    	124.22	106.8	137.6
894 	20    	127.28	114.4	140  
895 	20    	123.85	101.8	133.8
896 	20    	123.93	108.2	140.8
897 	20    	124.85	107.8	146  
898 	20    	125.97	101.6	144  
899 	20    	123.49	90.6 	138.6
900 	20    	121.41	90.6 	140.8
901 	20    	121   	107.8	137.2
902 	20    	121.66	106.4	136.6
903 	20    	124.55	113.6	142.4
904 	20    	126.08	114.2	137  
905 	20    	126.63	108.8	149  
906 	20    	123.21	111.8	135.2
907 	20    	123.96	114.4	140.4
908 	20    	125.1 	107.6	140.4
909 	20    	121.98	99.4 	136.6
910 	20    	123.08	94.8 	137  
911 	20    	124.69	108  	142.2
912 	20    	125.76	100.6	136.6
913 	20    	124.67	108.8	146.4
914 	20    	124.65	84.8 	138.2
915 	20    	127.61	104  	140.8
916 	20    	124.82	113.2	133  
917 	20    	126.54	114.4	139.8
918 	20    	126.95	108.8	141.8
919 	20    	124.14	114.4	138  
920 	20    	126.21	110.4	142.6
921 	20    	126.1 	113.2	142.2
922 	20    	124.23	110.6	133.6
923 	20    	123.02	92.8 	145.2
924 	20    	126.34	110  	147.2
925 	20    	125.6 	95   	142.6
926 	20    	126.68	110.6	134.6
927 	20    	125.44	89.2 	142.6
928 	20    	125.94	112  	141.2
929 	20    	122.57	100  	135.6
930 	20    	127.49	111.8	139.2
931 	20    	127.04	114.6	135.8
932 	20    	125.98	109.4	136.2
933 	20    	126.92	111.8	148.4
934 	20    	126.66	107.8	140  
935 	20    	125.98	111.6	141  
936 	20    	124.02	109.8	136  
937 	20    	125.85	110.6	146.6
938 	20    	128.53	114.6	139.4
939 	20    	126.97	116.2	137.2
940 	20    	121.92	94   	142  
941 	20    	125.13	114  	133.4
942 	20    	123.81	100.2	134.4
943 	20    	129.42	114.8	144  
944 	20    	126.5 	112  	138.4
945 	20    	127.75	114.4	143.2
946 	20    	128.19	110.8	147.4
947 	20    	127.28	105.6	139.8
948 	20    	126.35	112.2	143.8
949 	20    	123.27	108.6	146.4
950 	20    	126.12	109.2	139.2
951 	20    	128.21	118.2	141  
952 	20    	126.63	114.6	144  
953 	20    	124.76	107  	139.6
954 	20    	126.47	102.8	144.6
955 	20    	123.95	109.8	142.6
956 	20    	128.5 	94.4 	138.8
957 	20    	128.42	111  	151  
958 	20    	127.57	115.6	142  
959 	20    	124.95	107.6	138.6
960 	20    	127.85	116.6	143.6
961 	20    	128.79	118.2	144  
962 	20    	128.02	113.4	146.6
963 	20    	128.13	112.2	140  
964 	20    	125.63	110.2	139.8
965 	20    	128.51	116  	136.6
966 	20    	126.82	112.6	154.4
967 	20    	127.32	116  	139.8
968 	20    	127.54	108  	142.4
969 	20    	127.12	114.8	139.6
970 	20    	127.38	112.6	142.2
971 	20    	126.25	113.8	137.8
972 	20    	127.18	106.4	139.4
973 	20    	129.53	113.6	151.2
974 	20    	127.42	115  	144  
975 	20    	127.93	97.6 	139.2
976 	20    	127.87	108.8	143.2
977 	20    	127.62	116.6	138.4
978 	20    	129.72	114.4	139.2
979 	20    	129.97	120.4	144.8
980 	20    	131.51	113  	141.6
981 	20    	127.05	114  	144.4
982 	20    	128.8 	113  	149.4
983 	20    	131.9 	118.4	147.4
984 	20    	130.15	114.4	141.8
985 	20    	125.7 	107.8	144.8
986 	20    	128.52	115.8	145.2
987 	20    	125.94	107.6	135.4
988 	20    	128.45	111.6	145.4
989 	20    	128.69	113.8	142.6
990 	20    	127.42	107.6	146.6
991 	20    	127.04	114.4	137.2
992 	20    	126.96	114.8	137.4
993 	20    	127.55	116.8	142.2
994 	20    	130.52	111.6	139.6
995 	20    	127.08	108.8	142  
996 	20    	130.33	119.2	145  
997 	20    	128.65	117.6	143.4
998 	20    	128.49	117  	144.4
999 	20    	126.05	113.8	139.4
1000	20    	127.44	113  	134.8