gen	nevals	avg    	min      	max    
0  	10    	1.88093	-6.01514 	9.1499 
1  	10    	7.23811	-6.01685 	19.8206
2  	10    	14.9749	6.04785  	62.4958
3  	10    	18.2857	6.49365  	74.551 
4  	10    	16.6941	8.96143  	74.551 
5  	10    	17.9226	-11.4097 	74.551 
6  	10    	19.4456	7.58374  	90.5178
7  	10    	21.2753	9.32617  	74.551 
8  	10    	16.7198	6.71216  	43.9517
9  	10    	28.0318	9.02588  	44.1448
10 	10    	41.2799	19.55    	44.198 
11 	10    	43.6525	43.4854  	43.9199
12 	10    	39.9804	7.38135  	43.645 
13 	10    	42.2821	26.7847  	46.302 
14 	10    	43.6131	43.4497  	43.6538
15 	10    	40.1216	8.10669  	44.2629
16 	10    	43.6781	43.4712  	44.3335
17 	10    	43.6514	43.4834  	43.9363
18 	10    	43.6972	43.6118  	43.9556
19 	10    	39.8907	4.71777  	44.1431
20 	10    	43.6537	43.5764  	43.8933
21 	10    	43.6433	43.5999  	43.7058
22 	10    	41.0892	17.4006  	43.9858
23 	10    	43.6147	43.4382  	43.8564
24 	10    	43.7152	43.533   	44.6035
25 	10    	40.2456	9.77417  	43.6362
26 	10    	43.6259	43.4241  	43.7537
27 	10    	40.5607	12.3362  	44.1169
28 	10    	38.7654	16.3555  	47.9692
29 	10    	47.4587	43.4358  	73.8784
30 	10    	42.6753	12.1855  	75.4543
31 	10    	52.0322	43.4841  	73.532 
32 	10    	54.4359	9.6543   	73.8274
33 	10    	61.1629	13.6411  	75.7395
34 	10    	66.9982	13.7068  	73.6902
35 	10    	67.8446	7.68311  	76.802 
36 	10    	73.2345	72.2693  	73.6892
37 	10    	73.6163	73.1038  	74.467 
38 	10    	73.3734	72.6953  	73.9492
39 	10    	68.6615	24.9983  	73.8943
40 	10    	60.9674	7.63989  	74.9133
41 	10    	73.853 	73.1694  	75.126 
42 	10    	60.2598	6.30029  	73.73  
43 	10    	73.2745	72.3706  	73.7622
44 	10    	66.0237	-1.59473 	75.7446
45 	10    	73.4682	73.0244  	73.749 
46 	10    	73.6744	72.9878  	75.3469
47 	10    	73.6234	72.9111  	73.9387
48 	10    	73.5013	72.8562  	73.7244
49 	10    	67.447 	11.5852  	77.1482
50 	10    	73.6923	72.2778  	74.6467
51 	10    	59.6152	-4.70142 	74.9226
52 	10    	73.5845	73.2002  	73.8584
53 	10    	73.4528	72.4673  	73.9561
54 	10    	73.5217	73.2349  	73.6851
55 	10    	62.4304	7.24756  	74.2944
56 	10    	68.4041	23.405   	73.9119
57 	10    	73.5218	73.197   	73.75  
58 	10    	68.2639	21.4314  	73.6965
59 	10    	67.6418	16.729   	74.3345
60 	10    	60.9773	6.16504  	73.7532
61 	10    	73.4283	72.3818  	73.8142
62 	10    	67.4224	10.26    	75.7927
63 	10    	74.1311	73.0723  	76.7354
64 	10    	67.8587	12.5662  	78.4043
65 	10    	73.5118	73.1274  	73.8789
66 	10    	73.8651	72.823   	76.6511
67 	10    	73.792 	73.1128  	75.9111
68 	10    	65.353 	16.3125  	73.8975
69 	10    	67.3281	6.2124   	75.3503
70 	10    	71.3455	48.3572  	75.7444
71 	10    	76.6137	73.1123  	104.842
72 	10    	69.5913	11.0657  	105.528
73 	10    	59.0321	11.0488  	105.661
74 	10    	70.8343	11.1353  	105.655
75 	10    	96.0967	72.2432  	106.649
76 	10    	97.7133	22.5696  	106.402
77 	10    	108.79 	105.508  	132.287
78 	10    	88.6533	21.4888  	130.05 
79 	10    	122.086	105.451  	131.869
80 	10    	127.82 	105.862  	131.427
81 	10    	120.712	25.3391  	140.007
82 	10    	129.919	128.403  	131.966
83 	10    	130.699	129.767  	132.062
84 	10    	118.299	11.2092  	132.561
85 	10    	132.15 	128.526  	143.064
86 	10    	129.855	128.048  	132.537
87 	10    	129.622	128.415  	130.875
88 	10    	108.983	21.5076  	134.342
89 	10    	130.75 	129.277  	132.503
90 	10    	129.697	126.929  	131.362
91 	10    	130.563	128.671  	133.257
92 	10    	129.902	128.899  	130.759
93 	10    	130.318	129.434  	131.321
94 	10    	129.35 	127.249  	130.905
95 	10    	129.744	127.042  	132.159
96 	10    	116.195	-9.1123  	133.38 
97 	10    	115.653	-4.28491 	131.229
98 	10    	130.03 	126.578  	132.495
99 	10    	129.868	128.059  	131.958
100	10    	129.509	127.713  	132.27 
101	10    	117.262	-6.24683 	141.629
102	10    	130.39 	36.6428  	227.878
103	10    	126.802	11.0769  	264.567
104	10    	183.831	138.939  	269.925
105	10    	228.201	140.572  	272.332
106	10    	244.566	70.6152  	274.274
107	10    	260.242	199.89   	281.15 
108	10    	245.89 	-2.2439  	283.176
109	10    	250.428	9.12256  	282.453
110	10    	281.785	276.56   	283.314
111	10    	254.7  	7.95288  	283.363
112	10    	280.309	275.453  	282.97 
113	10    	253.015	-3.38965 	283.032
114	10    	281.582	276.56   	283.047
115	10    	273.117	197.142  	282.674
116	10    	251.989	-6.50024 	283.72 
117	10    	282.177	280.006  	283.493
118	10    	281.385	276.56   	282.834
119	10    	281.161	276.56   	282.727
120	10    	281.337	276.56   	283.102
121	10    	253.202	-2.41943 	282.931
122	10    	253.158	1.57104  	283.804
123	10    	263.591	99.8755  	282.948
124	10    	281.535	276.56   	283.53 
125	10    	282.074	280.875  	282.96 
126	10    	254.77 	14.2112  	282.917
127	10    	258.512	48.801   	283.048
128	10    	281.677	276.56   	283.088
129	10    	257.684	43.6414  	283.124
130	10    	254.421	10.5117  	282.692
131	10    	282.415	281.584  	282.829
132	10    	252.791	-4.10425 	283.268
133	10    	281.828	276.56   	283.008
134	10    	253.565	6.92554  	282.523
135	10    	253.806	8.5769   	283.819
136	10    	280.99 	276.56   	283.806
137	10    	280.835	276.56   	282.863
138	10    	281.717	276.56   	283.049
139	10    	280.98 	276.56   	283.007
140	10    	254.772	19.0728  	282.931
141	10    	281.24 	276.56   	283.382
142	10    	253.237	0.206543 	283.296
143	10    	281.51 	276.56   	283.366
144	10    	281.54 	276.56   	283.588
145	10    	282.182	276.56   	283.36 
146	10    	258.976	63.6926  	283.179
147	10    	253.077	-3.2124  	282.742
148	10    	223.422	-9.43262 	283.096
149	10    	252.461	-6.26978 	282.251
150	10    	281.658	276.56   	283.534
151	10    	281.358	276.56   	282.621
152	10    	225.544	1.01001  	283.379
153	10    	254.15 	9.4668   	283.389
154	10    	255.355	21.7515  	282.766
155	10    	225.323	-5.71655 	282.831
156	10    	252.296	-13.5322 	283.238
157	10    	281.142	276.56   	283.038
158	10    	252.587	-4.38696 	282.648
159	10    	281.795	276.56   	283.027
160	10    	253.356	-4.2124  	283.317
161	10    	281.423	276.56   	283.402
162	10    	254.502	16.1619  	282.903
163	10    	251.919	-7.90747 	283.577
164	10    	281.014	276.56   	283.869
165	10    	281.455	276.56   	282.758
166	10    	226.943	-2.74634 	283.879
167	10    	282.12 	276.56   	283.512
168	10    	282.33 	280.408  	283.452
169	10    	282.027	276.56   	283.673
170	10    	280.666	275.107  	284.201
171	10    	281.714	276.56   	283.454
172	10    	265.111	115.623  	283.675
173	10    	281.28 	276.56   	283.132
174	10    	224.719	-3.31299 	283.088
175	10    	280.633	276.56   	282.654
176	10    	253.723	3.13721  	282.775
177	10    	281.967	276.56   	283.548
178	10    	281.817	276.56   	283.768
179	10    	255.584	21.323   	282.991
180	10    	252.122	-9.3623  	282.679
181	10    	281.246	276.56   	283.035
182	10    	281.783	276.56   	283.886
183	10    	254.105	9.48633  	283.628
184	10    	281.678	276.56   	283.127
185	10    	225.479	-11.2532 	282.57 
186	10    	280.968	276.56   	283.328
187	10    	232.538	18.4048  	283.924
188	10    	281.452	276.56   	283.287
189	10    	257.252	50.3386  	282.623
190	10    	281.512	276.56   	283.238
191	10    	268.862	160.834  	283.026
192	10    	261.28 	74.9702  	283.377
193	10    	280.862	276.56   	282.683
194	10    	281.965	280.011  	283.892
195	10    	255.545	22.7715  	283.359
196	10    	282.001	276.56   	283.711
197	10    	281.827	276.56   	283.589
198	10    	281.404	276.56   	282.977
199	10    	226.598	6.16479  	284.061
200	10    	232.945	14.7861  	283.503
201	10    	225.483	7.58887  	282.949
202	10    	281.894	276.56   	284.096
203	10    	281.346	276.56   	282.92 
204	10    	281.137	276.56   	283.318
205	10    	255.673	21.0613  	283.447
206	10    	252.936	2.50952  	283.599
207	10    	281.464	276.56   	283.935
208	10    	281.706	276.56   	283.637
209	10    	257.976	40.845   	283.562
210	10    	281.043	276.56   	282.992
211	10    	281.64 	276.56   	282.911
212	10    	281.726	276.56   	282.937
213	10    	224.678	-8.64063 	283.41 
214	10    	252.963	-3.5083  	283.654
215	10    	281.984	276.56   	283.839
216	10    	281.378	276.56   	282.89 
217	10    	281.691	276.56   	283.335
218	10    	281.462	276.56   	283.457
219	10    	252.865	-2.12573 	283.06 
220	10    	282.223	280.759  	283.106
221	10    	281.689	276.56   	283.175
222	10    	281.696	276.56   	283.042
223	10    	281.557	276.56   	283.11 
224	10    	251.532	-8.85718 	282.806
225	10    	253.999	7.29175  	282.982
226	10    	253.487	6.93164  	284.31 
227	10    	282.284	278.139  	283.328
228	10    	253.345	-1.11206 	282.97 
229	10    	258.334	45.7339  	283.273
230	10    	281.352	276.56   	283.069
231	10    	280.887	276.56   	283.014
232	10    	281.672	276.56   	283.291
233	10    	281.284	276.56   	282.519
234	10    	281.755	276.273  	283.347
235	10    	281.707	276.56   	283.119
236	10    	281.564	276.56   	283.502
237	10    	230.435	24.4612  	283.031
238	10    	281.393	276.56   	282.81 
239	10    	253.727	3.63623  	282.81 
240	10    	254.589	10.1155  	283.165
241	10    	254.161	5.64404  	283.133
242	10    	281.146	276.132  	283.291
243	10    	281.483	276.56   	282.894
244	10    	281.164	276.56   	282.763
245	10    	235.993	0.459229 	282.661
246	10    	281.65 	276.56   	283.255
247	10    	281.557	276.56   	283.279
248	10    	254.359	5.47144  	284.257
249	10    	280.521	276.076  	282.569
250	10    	224.921	-11.0559 	283.215
251	10    	281.656	276.56   	283.538
252	10    	241.632	-2.9436  	283.025
253	10    	281.703	276.56   	283.729
254	10    	280.901	276.56   	283.151
255	10    	281.487	276.56   	283.474
256	10    	257.842	49.312   	282.881
257	10    	282.035	276.56   	283.522
258	10    	281.766	276.56   	283.665
259	10    	253.867	9.96973  	283.218
260	10    	279.631	259.18   	283.05 
261	10    	281.177	276.56   	283.126
262	10    	281.1  	276.56   	283.213
263	10    	226.955	-3.16577 	283.18 
264	10    	253.141	12.9131  	282.588
265	10    	281.645	276.56   	283.162
266	10    	281.348	276.56   	283.37 
267	10    	281.728	276.56   	283.454
268	10    	281.727	276.56   	283.743
269	10    	281.662	276.56   	283.13 
270	10    	254.973	13.9976  	283.275
271	10    	252.467	-6.85449 	282.922
272	10    	281.888	276.56   	283.064
273	10    	282.207	281.063  	283.176
274	10    	281.447	276.56   	282.979
275	10    	252.458	-11.96   	283.252
276	10    	226.687	5.67432  	283.211
277	10    	281.301	276.56   	283.452
278	10    	256.797	36.6287  	283.307
279	10    	281.509	276.56   	282.871
280	10    	282.049	278.078  	283.196
281	10    	281.436	276.56   	282.594
282	10    	267.916	144.775  	283.269
283	10    	252.788	-2.09399 	282.531
284	10    	256.323	29.1841  	283.23 
285	10    	254.327	6.42285  	282.919
286	10    	281.296	276.56   	283.176
287	10    	281.651	276.56   	283.525
288	10    	281.681	276.56   	283.152
289	10    	253.515	8.83472  	282.834
290	10    	281.193	275.97   	283.677
291	10    	228.128	10.8254  	283.274
292	10    	281.612	276.56   	282.834
293	10    	253.649	-0.835938	283.886
294	10    	281.521	276.56   	283.012
295	10    	281.592	276.56   	283.727
296	10    	257.484	46.7749  	283.496
297	10    	281.336	276.56   	283.278
298	10    	282.01 	276.56   	283.916
299	10    	281.626	276.56   	282.953
300	10    	257.049	41.5872  	283.183
301	10    	281.884	276.56   	283.995
302	10    	281.211	276.56   	282.751
303	10    	281.624	276.56   	283.737
304	10    	281.407	276.56   	283.815
305	10    	227.145	5.99902  	283.178
306	10    	281.844	276.56   	284.184
307	10    	252.218	-11.4607 	282.931
308	10    	265.393	118.485  	283.429
309	10    	252.042	-8.72266 	283.712
310	10    	256.239	34.271   	283.675
311	10    	252.536	-9.47705 	283.661
312	10    	254.095	13.7087  	282.827
313	10    	281.027	276.56   	283.244
314	10    	281.335	276.56   	283.588
315	10    	281.598	276.56   	283.471
316	10    	282.371	281.541  	283.492
317	10    	281.497	276.56   	283.153
318	10    	252.935	-3.12036 	282.766
319	10    	281.53 	276.56   	283.031
320	10    	252.829	-3.7998  	283.04 
321	10    	282.205	276.56   	283.431
322	10    	281.045	276.56   	282.676
323	10    	255.434	23.542   	284.258
324	10    	281.778	276.56   	283.528
325	10    	280.701	276.56   	283.598
326	10    	280.891	276.56   	282.601
327	10    	254.377	7.57227  	283.08 
328	10    	281.847	276.56   	283.426
329	10    	281.37 	276.56   	282.826
330	10    	229.504	5.9873   	283.006
331	10    	286.957	276.56   	342.557
332	10    	300.309	276.56   	414.464
333	10    	237.443	8.229    	399.602
334	10    	290.167	172.042  	398.495
335	10    	299.811	3.1355   	404.584
336	10    	258.49 	1.49048  	387.195
337	10    	350.648	326.742  	420.593
338	10    	276.414	5.95215  	423.126
339	10    	319.999	122.737  	422.502
340	10    	296.688	-7.54443 	420.149
341	10    	245.481	7.01099  	377.743
342	10    	312.654	95.5691  	408.318
343	10    	294.344	31.957   	421.801
344	10    	364.878	326.742  	416.011
345	10    	282.355	129.804  	412.624
346	10    	312.26 	108.98   	415.904
347	10    	301.81 	105.595  	402.87 
348	10    	333.835	130.939  	418.53 
349	10    	306.344	114.169  	419.437
350	10    	263.538	6.0166   	413.561
351	10    	266.943	-4.80859 	402.073
352	10    	352.845	326.742  	396.186
353	10    	246.71 	6.06543  	398.238
354	10    	356.301	326.742  	397.681
355	10    	279.693	10.6619  	410.098
356	10    	293.346	77.248   	398.509
357	10    	278.281	1.8418   	393.023
358	10    	374.365	326.742  	397.933
359	10    	390.439	386.894  	397.158
360	10    	391.821	381.924  	400.545
361	10    	388.566	381.924  	392.564
362	10    	390.246	381.924  	394.434
363	10    	390.702	381.924  	394.699
364	10    	351.018	8.57031  	392.97 
365	10    	389.054	381.924  	394.487
366	10    	390.642	381.924  	394.796
367	10    	358.43 	64.6638  	395.07 
368	10    	356.488	41.1475  	395.257
369	10    	389.078	370.067  	395.254
370	10    	390.207	381.924  	394.622
371	10    	388.752	380.358  	392.735
372	10    	378.382	267.375  	396.627
373	10    	315.19 	5.18188  	395.589
374	10    	351.693	6.32471  	394.004
375	10    	389.909	381.924  	394.738
376	10    	350.305	6.08228  	392.97 
377	10    	350.389	-1.72217 	394.828
378	10    	388.449	378.523  	393.614
379	10    	388.479	381.348  	396.402
380	10    	360.206	103.259  	392.908
381	10    	411.248	377.956  	618.682
382	10    	338.145	19.0288  	616.69 
383	10    	409.577	37.1543  	615.549
384	10    	519.358	398.919  	616.936
385	10    	530.981	96.4695  	618.813
386	10    	505.872	6.05127  	618.532
387	10    	599.328	570.846  	618.407
388	10    	559.58 	73.4431  	622.211
389	10    	617.773	614.48   	620.937
390	10    	617.809	614.743  	619.386
391	10    	617.12 	615.2    	619.539
392	10    	618.123	615.965  	620.338
393	10    	557.187	5.98413  	619.839
394	10    	617.851	616.01   	619.805
395	10    	617.553	615.368  	619.395
396	10    	556.778	6.00317  	619.359
397	10    	611.988	563.316  	619.359
398	10    	557.303	6.01318  	620.361
399	10    	556.513	6.04663  	620.367
400	10    	556.736	-1.96021 	619.966
401	10    	557.581	4.09375  	622.489
402	10    	617.747	615.641  	620.678
403	10    	617.438	614.91   	619.405
404	10    	616.947	612.539  	619.359
405	10    	617.185	615.704  	619.359
406	10    	617.411	615.185  	620.369
407	10    	563.439	65.0959  	621.867
408	10    	496.492	6.0061   	622.901
409	10    	538.142	7.90381  	620.408
410	10    	607.895	519.552  	620.949
411	10    	616.937	614.836  	619.359
412	10    	556.737	12.1228  	619.682
413	10    	618.014	614.294  	620.806
414	10    	556.338	6.3999   	620.489
415	10    	617.955	614.622  	620.963
416	10    	617.656	615.557  	620.522
417	10    	503.282	6.12109  	619.631
418	10    	556.523	6.08105  	620.536
419	10    	618.314	616.087  	619.997
420	10    	617.892	613.429  	621.935
421	10    	617.989	615.204  	620.323
422	10    	556.642	6.15015  	619.359
423	10    	557.884	13.21    	621.052
424	10    	617.696	614.448  	620.062
425	10    	556.892	10.0449  	619.607
426	10    	604.748	486.083  	621.633
427	10    	617.539	613.747  	620.277
428	10    	617.901	615.032  	620.379
429	10    	555.619	-5.50757 	619.359
430	10    	557.423	13.0205  	619.552
431	10    	618.284	615.606  	621.385
432	10    	617.868	614.731  	620.926
433	10    	496.173	6.19189  	622.14 
434	10    	616.845	613.929  	619.359
435	10    	598.039	422.828  	619.793
436	10    	556.397	6.20264  	619.93 
437	10    	512.146	-10.1116 	619.922
438	10    	556.27 	9.3479   	619.467
439	10    	562.258	57.084   	620.991
440	10    	619.178	613.341  	621.957
441	10    	582.947	264.934  	620.643
442	10    	618.038	615.809  	622.104
443	10    	555.655	-9.13696 	621.309
444	10    	556.765	6.00342  	619.359
445	10    	617.115	614.416  	619.359
446	10    	617.409	615.287  	619.363
447	10    	556.762	6.1355   	621.379
448	10    	374.252	6.04199  	619.359
449	10    	617.601	615.355  	619.359
450	10    	618.525	615.433  	621.427
451	10    	617.724	615.112  	620.317
452	10    	555.103	-4.11841 	621.85 
453	10    	617.696	615.379  	619.359
454	10    	583.5  	272.335  	620.523
455	10    	616.691	614.086  	619.359
456	10    	617.919	615.495  	620.985
457	10    	616.645	613.892  	619.359
458	10    	556.702	4.23438  	623.873
459	10    	618.563	614.685  	622.294
460	10    	617.672	615.795  	619.472
461	10    	556.246	3.86206  	620.644
462	10    	617.419	615.461  	619.359
463	10    	617.979	615.661  	621.588
464	10    	617.961	615.715  	619.98 
465	10    	617.992	614.793  	620.52 
466	10    	618.179	616.087  	619.644
467	10    	617.622	615.145  	619.359
468	10    	618.304	615.056  	622.371
469	10    	578.831	232.507  	620.285
470	10    	496.067	6.0918   	620.37 
471	10    	559.99 	36.7649  	621.935
472	10    	617.421	614.524  	620.561
473	10    	617.185	614.337  	619.359
474	10    	556.731	6.15869  	621.458
475	10    	617.79 	615.202  	620.969
476	10    	618.449	614.576  	623.85 
477	10    	617.809	613.617  	621.663
478	10    	609.115	529.673  	620.291
479	10    	617.43 	614.473  	619.359
480	10    	496.064	6.1001   	619.395
481	10    	618.604	614.688  	622.395
482	10    	617.199	615.775  	619.457
483	10    	597.878	420.393  	620.334
484	10    	616.634	612.848  	619.359
485	10    	617.759	614.283  	620.354
486	10    	557.834	10.1091  	620.936
487	10    	530.454	34.0945  	619.359
488	10    	617.609	615.546  	619.747
489	10    	495.996	8.45459  	620.507
490	10    	594.909	384.257  	620.372
491	10    	618.252	614.606  	623.488
492	10    	617.915	616.563  	619.946
493	10    	556.702	8.625    	620.408
494	10    	557.87 	15.3225  	622.089
495	10    	556.823	6.9104   	622.781
496	10    	618.412	615.644  	624.322
497	10    	618.541	615.342  	620.899
498	10    	600.406	448.755  	619.594
499	10    	563.541	69.0261  	623.167
500	10    	618.665	615.311  	622.138
501	10    	560.38 	40.4929  	623.865
502	10    	617.531	614.242  	620.736
503	10    	617.505	613.878  	619.359
504	10    	617.924	614.787  	621.996
505	10    	525.268	46.0005  	619.627
506	10    	616.792	615.278  	619.445
507	10    	617.098	613.921  	619.382
508	10    	618.337	616.098  	620.655
509	10    	585.744	291.03   	620.712
510	10    	618.839	615.904  	620    
511	10    	577.665	211.416  	622.401
512	10    	625.952	615.215  	694.024
513	10    	563.768	6.08423  	689.095
514	10    	564.496	5.89282  	690.013
515	10    	632.072	615.094  	692.533
516	10    	645.31 	613.561  	691.007
517	10    	681.694	619.359  	696.212
518	10    	690.59 	685.436  	695.544
519	10    	689.915	678.625  	694.786
520	10    	669.499	470.519  	695.478
521	10    	668.331	470.881  	692.99 
522	10    	667.375	469.711  	693.184
523	10    	621.346	7.17871  	694.789
524	10    	645.524	234.066  	695.297
525	10    	691.971	689.189  	696.755
526	10    	667.173	470.072  	695.355
527	10    	668.9  	470.095  	694.317
528	10    	691.659	687.786  	696.158
529	10    	688.737	676.665  	695.057
530	10    	688.969	677.436  	693.683
531	10    	690.254	687.278  	693.34 
532	10    	690.733	685.832  	694.033
533	10    	687.622	675.424  	694.007
534	10    	624.676	39.4146  	694.267
535	10    	690.326	687.504  	694.068
536	10    	690.717	687.398  	694.921
537	10    	690.407	684.343  	695.121
538	10    	621.736	6.95996  	694.601
539	10    	554.615	7.93042  	693.734
540	10    	668.762	472.264  	696.563
541	10    	584.723	7.92798  	695.56 
542	10    	692.482	685.423  	696.58 
543	10    	692.161	689.74   	695.398
544	10    	690.466	687.364  	696.607
545	10    	670.897	470.493  	696.654
546	10    	668.295	470.802  	693.682
547	10    	692.111	690.164  	695.53 
548	10    	689.936	685.941  	694.474
549	10    	690.827	686.615  	694.542
550	10    	669.156	470.678  	695.08 
551	10    	691.935	688.352  	695.14 
552	10    	586.946	7.41968  	693.531
553	10    	689.851	686.243  	694.419
554	10    	691.326	687.248  	693.818
555	10    	622.607	8.06982  	694.128
556	10    	690.118	686.551  	696.445
557	10    	687.303	675.593  	694.589
558	10    	623.28 	11.7778  	694.16 
559	10    	554.084	7.45801  	696.217
560	10    	691.373	689.674  	694.927
561	10    	582.874	21.6853  	695.837
562	10    	689.575	677.627  	697.199
563	10    	691.752	687.337  	697.294
564	10    	621.402	6.86133  	695.529
565	10    	691.346	678.654  	695.49 
566	10    	691.166	685.685  	695.458
567	10    	623.17 	6.37817  	694.834
568	10    	623.924	10.8276  	697.759
569	10    	690.56 	687.2    	693.803
570	10    	622.901	6.91626  	693.696
571	10    	688.498	676.646  	692.245
572	10    	666.151	470.775  	692.406
573	10    	623.083	11.7356  	693.085
574	10    	691.807	687.251  	694.606
575	10    	599.604	-2.05566 	692.818
576	10    	691.228	686.104  	696.086
577	10    	690.05 	677.096  	695.143
578	10    	621.71 	12.5049  	694.351
579	10    	687.631	675.301  	696.674
580	10    	622.896	8.78247  	693.306
581	10    	689.969	678.227  	695.695
582	10    	622.672	12.0667  	693.438
583	10    	649.787	278.937  	694.856
584	10    	654.398	325.604  	695.218
585	10    	658.66 	365.233  	695.864
586	10    	677.412	574.598  	693.932
587	10    	668.348	471.262  	692.862
588	10    	691.607	687.695  	695.653
589	10    	628.873	79.458   	695.685
590	10    	667.748	471.702  	696.133
591	10    	690.233	676.459  	697.364
592	10    	689.135	676.216  	695.743
593	10    	688.951	679.083  	695.508
594	10    	690.544	686.644  	694.801
595	10    	667.642	470.367  	694.279
596	10    	621.992	3.06177  	694.969
597	10    	690.066	675.607  	695.054
598	10    	623.74 	7.96484  	697.845
599	10    	687.922	678.701  	696.029
600	10    	668.099	480.729  	696.022
601	10    	690.476	677.321  	695.031
602	10    	691.444	687.03   	695.179
603	10    	610.936	103.323  	695.077
604	10    	666.461	471.816  	694.291
605	10    	691.133	687.068  	695.299
606	10    	615.245	81.9084  	694.062
607	10    	689.72 	684.609  	694.169
608	10    	690.718	688.194  	695.982
609	10    	691.414	687.601  	694.614
610	10    	623.268	5.35645  	694.077
611	10    	690.102	678.817  	696.878
612	10    	690.583	685.451  	696.776
613	10    	668.372	470.632  	693.964
614	10    	668.733	470.756  	694.462
615	10    	690.343	686.679  	694.359
616	10    	621.385	9.01318  	693.749
617	10    	668.752	470.664  	692.744
618	10    	691.001	686.577  	694.094
619	10    	691.219	687      	694.815
620	10    	652.191	300.88   	694.938
621	10    	532.365	8.65869  	696.579
622	10    	691.059	686.618  	693.907
623	10    	646.713	470.646  	694.81 
624	10    	605.552	116.85   	748.321
625	10    	568.29 	6.00415  	756.192
626	10    	454.734	6.06689  	806.251
627	10    	558.116	28.9604  	803.304
628	10    	749.778	690.164  	798.815
629	10    	616.526	6.16553  	804.022
630	10    	661.16 	388.71   	805.776
631	10    	615.409	42.9197  	799.138
632	10    	713.624	55.8909  	808.422
633	10    	655.066	55.8909  	805.77 
634	10    	648.438	54.0627  	810.225
635	10    	644.16 	28.6235  	802.508
636	10    	634.404	6.20142  	804.717
637	10    	633.853	-1.56152 	807.723
638	10    	708.777	6.05786  	813.525
639	10    	656.447	4.18799  	804.85 
640	10    	689.544	11.9661  	808.11 
641	10    	710.255	51.7524  	800.504
642	10    	713.227	55.8909  	804.724
643	10    	594.039	10.0068  	799.243
644	10    	783.728	709.75   	804.063
645	10    	642.305	46.3225  	811.04 
646	10    	722.651	308.5    	804.264
647	10    	624.997	41.7217  	802.261
648	10    	678.944	306.46   	801.276
649	10    	675.359	7.83228  	797.668
650	10    	784.448	712.365  	804.633
651	10    	768.628	663.829  	802.268
652	10    	633.583	-8.6936  	804.686
653	10    	719.533	51.0776  	810.404
654	10    	744.172	306.844  	808.312
655	10    	671.71 	251.688  	806.306
656	10    	769.99 	665.576  	803.819
657	10    	783.482	701.361  	810.393
658	10    	656.088	9.68896  	801.261
659	10    	706.643	9.87158  	803.957
660	10    	716.917	52.5657  	810.371
661	10    	799.902	789.722  	814.539
662	10    	766.02 	666.056  	807.228
663	10    	705.345	6.95557  	810.728
664	10    	708.181	307.318  	804.874
665	10    	610.202	57.3145  	803.704
666	10    	710.756	6.14746  	810.598
667	10    	752.992	550.338  	805.888
668	10    	667.521	6.01782  	805.391
669	10    	705.293	29.8352  	805.787
670	10    	627.784	6.57617  	809.039
671	10    	556.603	8.58594  	799.157
672	10    	700.541	50.1963  	806.466
673	10    	591.807	47.9751  	805.266
674	10    	710.458	36.5989  	808.167
675	10    	592.316	46.7988  	810.197
676	10    	725.646	482.302  	806.019
677	10    	562.107	-5.96899 	809.7  
678	10    	684.351	-7.44165 	806.591
679	10    	730.763	546.172  	802.959
680	10    	773.422	666.713  	800.94 
681	10    	772.843	665.642  	804.403
682	10    	573.288	51.0403  	806.519
683	10    	656.064	8.62695  	800.902
684	10    	781.318	665.413  	809.325
685	10    	800.057	789.722  	807.938
686	10    	780.885	665.606  	808.82 
687	10    	762.227	508.181  	805.663
688	10    	613.294	45.2976  	802.128
689	10    	562.471	5.97412  	806.206
690	10    	639.882	11.145   	800.539
691	10    	757.957	665.881  	802.791
692	10    	731.389	311.719  	805.287
693	10    	651.913	17.53    	798.965
694	10    	694.102	51.1799  	798.421
695	10    	746.654	308.161  	811.904
696	10    	775.639	665.002  	806.735
697	10    	714.659	306.489  	806.011
698	10    	693.905	30.4553  	803.885
699	10    	673.373	50.5352  	805.782
700	10    	616.38 	-8.28564 	805.494
701	10    	708.092	485.346  	795.29 
702	10    	575.517	37.6292  	803.446
703	10    	556.804	-11.9189 	812.416
704	10    	713.227	6.11328  	804.86 
705	10    	727.934	369.939  	799.135
706	10    	710.292	35.769   	803.265
707	10    	776.831	709.33   	801.967
708	10    	706.367	5.99072  	806.614
709	10    	659.085	-1.60522 	796.802
710	10    	712.176	175.459  	806.127
711	10    	781.804	665.887  	809.868
712	10    	672.687	7.83228  	802.978
713	10    	766.816	665.588  	799.779
714	10    	639.63 	38.2058  	805.857
715	10    	698.062	57.3948  	804.468
716	10    	784.905	693.938  	806.901
717	10    	741.583	311.828  	803.576
718	10    	780.214	717.619  	805.409
719	10    	686.734	6.12793  	808.357
720	10    	712.105	6.41992  	810.133
721	10    	768.035	666.73   	804.779
722	10    	553.544	43.0295  	811.544
723	10    	710.598	-4.42578 	799.875
724	10    	793.3  	768.552  	804.008
725	10    	720.443	47.0278  	804.776
726	10    	752.728	485.293  	809.292
727	10    	773.866	666.066  	806.424
728	10    	716.006	310.658  	800.985
729	10    	773.614	665.891  	804.044
730	10    	695.124	6.69556  	803.657
731	10    	771.911	666.749  	806.638
732	10    	789.067	693.861  	817.189
733	10    	697.198	-7.25342 	807.75 
734	10    	660.641	6.15649  	804.256
735	10    	649.687	51.0845  	803.632
736	10    	469.345	-4.94873 	801.773
737	10    	653.136	45.95    	808.357
738	10    	673.708	9.22046  	808.374
739	10    	721.029	347.868  	811.867
740	10    	603.408	6.18384  	803.707
741	10    	555.981	6.50757  	799.544
742	10    	702.752	54.137   	796.997
743	10    	582.767	34.521   	802.824
744	10    	720.74 	28.9353  	808.711
745	10    	650.467	8.96436  	804.46 
746	10    	696.284	-6.69507 	806.039
747	10    	675.894	43.8875  	807.994
748	10    	781.559	748.882  	808.268
749	10    	511.446	-6.10229 	804.249
750	10    	749.621	665.963  	806.747