gen	nevals	avg      	min        	max      
0  	25    	0.0201458	0.000520833	0.0653646
1  	25    	0.0242708	0.00234375 	0.0653646
2  	25    	0.0313125	0.003125   	0.0726563
3  	25    	0.0409062	0.00572917 	0.136979 
4  	25    	0.0444479	0.00572917 	0.136979 
5  	25    	0.0475729	0.00755208 	0.136979 
6  	25    	0.0526354	0.00807292 	0.136979 
7  	25    	0.0568958	0.0130208  	0.136979 
8  	25    	0.0653229	0.0130208  	0.136979 
9  	25    	0.0706354	0.0299479  	0.136979 
10 	25    	0.0766667	0.0299479  	0.136979 
11 	25    	0.0855104	0.0299479  	0.265365 
12 	25    	0.0934062	0.0299479  	0.265365 
13 	25    	0.103917 	0.0299479  	0.353385 
14 	25    	0.1285   	0.0395833  	0.513281 
15 	25    	0.12974  	0.0395833  	0.513281 
16 	25    	0.131719 	0.040625   	0.513281 
17 	25    	0.139625 	0.046875   	0.513281 
18 	25    	0.14051  	0.0588542  	0.513281 
19 	25    	0.155729 	0.0591146  	0.513281 
20 	25    	0.158479 	0.0591146  	0.513281 
21 	25    	0.162698 	0.0591146  	0.513281 
22 	25    	0.172354 	0.0778646  	0.513281 
23 	25    	0.185812 	0.0786458  	0.513281 
24 	25    	0.196885 	0.0786458  	0.602344 
25 	25    	0.204104 	0.0786458  	0.602344 
26 	25    	0.206271 	0.0916667  	0.602344 
27 	25    	0.210865 	0.0916667  	0.602344 
28 	25    	0.215594 	0.0916667  	0.602344 
29 	25    	0.223031 	0.0916667  	0.602344 
30 	25    	0.238052 	0.0932292  	0.602344 
31 	25    	0.258156 	0.0932292  	0.691406 
32 	25    	0.269917 	0.0932292  	0.691406 
33 	25    	0.272375 	0.101042   	0.691406 
34 	25    	0.274406 	0.101042   	0.691406 
35 	25    	0.299406 	0.101042   	0.691406 
36 	25    	0.314062 	0.101042   	0.691406 
37 	25    	0.32025  	0.101042   	0.691406 
38 	25    	0.332406 	0.111458   	0.691406 
39 	25    	0.35076  	0.111458   	0.691406 
40 	25    	0.350927 	0.111458   	0.691406 
41 	25    	0.37425  	0.111458   	0.776042 
42 	25    	0.383521 	0.113281   	0.776042 
43 	25    	0.383521 	0.113281   	0.776042 
44 	25    	0.394187 	0.113281   	0.836979 
45 	25    	0.403958 	0.113281   	0.836979 
46 	25    	0.410094 	0.113281   	0.836979 
47 	25    	0.421625 	0.113281   	0.836979 
48 	25    	0.443625 	0.113281   	0.836979 
49 	25    	0.474177 	0.113281   	0.890365 
50 	25    	0.481698 	0.113281   	0.890365 
51 	25    	0.491958 	0.113281   	0.890365 
52 	25    	0.491958 	0.113281   	0.890365 
53 	25    	0.491958 	0.113281   	0.890365 
54 	25    	0.500885 	0.113281   	0.890365 
55 	25    	0.519323 	0.21901    	0.890365 
56 	25    	0.519323 	0.21901    	0.890365 
57 	25    	0.528823 	0.21901    	0.890365 
58 	25    	0.532271 	0.21901    	0.890365 
59 	25    	0.536104 	0.21901    	0.890365 
60 	25    	0.538396 	0.21901    	0.890365 
61 	25    	0.538396 	0.21901    	0.890365 
62 	25    	0.539427 	0.21901    	0.890365 
63 	25    	0.561125 	0.21901    	0.890365 
64 	25    	0.566177 	0.21901    	0.890365 
65 	25    	0.570979 	0.21901    	0.890365 
66 	25    	0.570979 	0.21901    	0.890365 
67 	25    	0.570979 	0.21901    	0.890365 
68 	25    	0.586146 	0.21901    	0.890365 
69 	25    	0.586146 	0.21901    	0.890365 
70 	25    	0.592917 	0.21901    	0.890365 
71 	25    	0.592917 	0.21901    	0.890365 
72 	25    	0.601729 	0.21901    	0.890365 
73 	25    	0.601729 	0.21901    	0.890365 
74 	25    	0.602802 	0.21901    	0.890365 
75 	25    	0.6175   	0.21901    	0.94375  
76 	25    	0.627021 	0.21901    	0.94375  
77 	25    	0.634781 	0.21901    	0.94375  
78 	25    	0.643    	0.21901    	0.94375  
79 	25    	0.644156 	0.247917   	0.94375  
80 	25    	0.661417 	0.291406   	0.94375  
81 	25    	0.666667 	0.291406   	0.94375  
82 	25    	0.67524  	0.291406   	0.94375  
83 	25    	0.69675  	0.291406   	0.94375  
84 	25    	0.69675  	0.291406   	0.94375  
85 	25    	0.706135 	0.395052   	0.94375  
86 	25    	0.707052 	0.395052   	0.94375  
87 	25    	0.709417 	0.395052   	0.94375  
88 	25    	0.709417 	0.395052   	0.94375  
89 	25    	0.719927 	0.395052   	0.94375  
90 	25    	0.724063 	0.395052   	0.94375  
91 	25    	0.724063 	0.395052   	0.94375  
92 	25    	0.724063 	0.395052   	0.94375  
93 	25    	0.737198 	0.514583   	0.94375  
94 	25    	0.745156 	0.541927   	0.94375  
95 	25    	0.746333 	0.541927   	0.94375  
96 	25    	0.746333 	0.541927   	0.94375  
97 	25    	0.746333 	0.541927   	0.94375  
98 	25    	0.746333 	0.541927   	0.94375  
99 	25    	0.750333 	0.541927   	0.94375  
100	25    	0.758906 	0.541927   	0.94375  
101	25    	0.759677 	0.541927   	0.94375  
102	25    	0.762667 	0.541927   	0.94375  
103	25    	0.765885 	0.541927   	0.94375  
104	25    	0.767271 	0.541927   	0.94375  
105	25    	0.767271 	0.541927   	0.94375  
106	25    	0.767271 	0.541927   	0.94375  
107	25    	0.767271 	0.541927   	0.94375  
108	25    	0.769385 	0.541927   	0.94375  
109	25    	0.769781 	0.541927   	0.94375  
110	25    	0.774875 	0.541927   	0.94375  
111	25    	0.778323 	0.573698   	0.94375  
112	25    	0.783115 	0.573698   	0.94375  
113	25    	0.786385 	0.573698   	0.94375  
114	25    	0.787552 	0.573698   	0.94375  
115	25    	0.792375 	0.573698   	0.94375  
116	25    	0.79325  	0.573698   	0.94375  
117	25    	0.79325  	0.573698   	0.94375  
118	25    	0.797969 	0.573698   	0.94375  
119	25    	0.802729 	0.573698   	0.94375  
120	25    	0.806448 	0.573698   	0.94375  
121	25    	0.808323 	0.573698   	0.94375  
122	25    	0.808781 	0.573698   	0.94375  
123	25    	0.809063 	0.573698   	0.94375  
124	25    	0.814021 	0.573698   	0.94375  
125	25    	0.819167 	0.573698   	0.94375  
126	25    	0.820177 	0.573698   	0.94375  
127	25    	0.820177 	0.573698   	0.94375  
128	25    	0.820177 	0.573698   	0.94375  
129	25    	0.821031 	0.573698   	0.94375  
130	25    	0.822854 	0.573698   	0.94375  
131	25    	0.824177 	0.573698   	0.94375  
132	25    	0.824177 	0.573698   	0.94375  
133	25    	0.825083 	0.573698   	0.966406 
134	25    	0.825083 	0.573698   	0.966406 
135	25    	0.827062 	0.573698   	0.966406 
136	25    	0.827062 	0.573698   	0.966406 
137	25    	0.82774  	0.573698   	0.966406 
138	25    	0.82774  	0.573698   	0.966406 
139	25    	0.82774  	0.573698   	0.966406 
140	25    	0.82774  	0.573698   	0.966406 
141	25    	0.82774  	0.573698   	0.966406 
142	25    	0.82774  	0.573698   	0.966406 
143	25    	0.828604 	0.573698   	0.966406 
144	25    	0.828604 	0.573698   	0.966406 
145	25    	0.828604 	0.573698   	0.966406 
146	25    	0.831656 	0.573698   	0.966406 
147	25    	0.831656 	0.573698   	0.966406 
148	25    	0.831656 	0.573698   	0.966406 
149	25    	0.832948 	0.573698   	0.966406 
150	25    	0.832948 	0.573698   	0.966406 
151	25    	0.832948 	0.573698   	0.966406 
152	25    	0.832948 	0.573698   	0.966406 
153	25    	0.834375 	0.573698   	0.966406 
154	25    	0.837187 	0.573698   	0.966406 
155	25    	0.840042 	0.573698   	0.966406 
156	25    	0.840042 	0.573698   	0.966406 
157	25    	0.840042 	0.573698   	0.966406 
158	25    	0.840042 	0.573698   	0.966406 
159	25    	0.841458 	0.573698   	0.966406 
160	25    	0.841635 	0.573698   	0.966406 
161	25    	0.849344 	0.573698   	0.966406 
162	25    	0.850354 	0.573698   	0.966406 
163	25    	0.850354 	0.573698   	0.966406 
164	25    	0.851073 	0.573698   	0.966406 
165	25    	0.851073 	0.573698   	0.966406 
166	25    	0.855406 	0.573698   	0.966406 
167	25    	0.85874  	0.573698   	0.966406 
168	25    	0.85874  	0.573698   	0.966406 
169	25    	0.85874  	0.573698   	0.966406 
170	25    	0.85874  	0.573698   	0.966406 
171	25    	0.859042 	0.573698   	0.966406 
172	25    	0.859042 	0.573698   	0.966406 
173	25    	0.860615 	0.573698   	0.966406 
174	25    	0.861427 	0.573698   	0.966406 
175	25    	0.861885 	0.573698   	0.966406 
176	25    	0.8635   	0.573698   	0.966406 
177	25    	0.864458 	0.573698   	0.979427 
178	25    	0.864458 	0.573698   	0.979427 
179	25    	0.868875 	0.573698   	0.979427 
180	25    	0.872865 	0.573698   	0.979427 
181	25    	0.876417 	0.573698   	0.979427 
182	25    	0.876531 	0.573698   	0.979427 
183	25    	0.876531 	0.573698   	0.979427 
184	25    	0.880396 	0.573698   	0.979427 
185	25    	0.88525  	0.573698   	0.979427 
186	25    	0.88525  	0.573698   	0.979427 
187	25    	0.88525  	0.573698   	0.979427 
188	25    	0.88525  	0.573698   	0.979427 
189	25    	0.88525  	0.573698   	0.979427 
190	25    	0.88525  	0.573698   	0.979427 
191	25    	0.888906 	0.665104   	0.979427 
192	25    	0.890042 	0.665104   	0.979427 
193	25    	0.890583 	0.665104   	0.979427 
194	25    	0.890583 	0.665104   	0.979427 
195	25    	0.890583 	0.665104   	0.979427 
196	25    	0.890583 	0.665104   	0.979427 
197	25    	0.890583 	0.665104   	0.979427 
198	25    	0.89124  	0.665104   	0.979427 
199	25    	0.89124  	0.665104   	0.979427 
200	25    	0.895625 	0.665104   	0.979427 
201	25    	0.895625 	0.665104   	0.979427 
202	25    	0.89674  	0.665104   	0.979427 
203	25    	0.89674  	0.665104   	0.979427 
204	25    	0.898479 	0.665104   	0.979427 
205	25    	0.898479 	0.665104   	0.979427 
206	25    	0.899313 	0.665104   	0.979427 
207	25    	0.899313 	0.665104   	0.979427 
208	25    	0.899958 	0.665104   	0.979427 
209	25    	0.900083 	0.665104   	0.979427 
210	25    	0.900083 	0.665104   	0.979427 
211	25    	0.900083 	0.665104   	0.979427 
212	25    	0.900083 	0.665104   	0.979427 
213	25    	0.900083 	0.665104   	0.979427 
214	25    	0.900854 	0.665104   	0.979427 
215	25    	0.900854 	0.665104   	0.979427 
216	25    	0.900854 	0.665104   	0.979427 
217	25    	0.903812 	0.665104   	0.979427 
218	25    	0.904427 	0.665104   	0.979427 
219	25    	0.904427 	0.665104   	0.979427 
220	25    	0.904427 	0.665104   	0.979427 
221	25    	0.906115 	0.694531   	0.979427 
222	25    	0.906698 	0.694531   	0.979427 
223	25    	0.907875 	0.694531   	0.979427 
224	25    	0.907875 	0.694531   	0.979427 
225	25    	0.907875 	0.694531   	0.979427 
226	25    	0.907875 	0.694531   	0.979427 
227	25    	0.908479 	0.694531   	0.979427 
228	25    	0.910948 	0.75625    	0.979427 
229	25    	0.910948 	0.75625    	0.979427 
230	25    	0.910948 	0.75625    	0.979427 
231	25    	0.910948 	0.75625    	0.979427 
232	25    	0.910948 	0.75625    	0.979427 
233	25    	0.911844 	0.75625    	0.979427 
234	25    	0.911844 	0.75625    	0.979427 
235	25    	0.911844 	0.75625    	0.979427 
236	25    	0.911844 	0.75625    	0.979427 
237	25    	0.918719 	0.849479   	0.979427 
238	25    	0.919187 	0.849479   	0.979427 
239	25    	0.91951  	0.849479   	0.979427 
240	25    	0.91951  	0.849479   	0.979427 
241	25    	0.91951  	0.849479   	0.979427 
242	25    	0.91951  	0.849479   	0.979427 
243	25    	0.91951  	0.849479   	0.979427 
244	25    	0.91951  	0.849479   	0.979427 
245	25    	0.91951  	0.849479   	0.979427 
246	25    	0.91951  	0.849479   	0.979427 
247	25    	0.91951  	0.849479   	0.979427 
248	25    	0.91951  	0.849479   	0.979427 
249	25    	0.91951  	0.849479   	0.979427 
250	25    	0.91951  	0.849479   	0.979427 
251	25    	0.91951  	0.849479   	0.979427 
252	25    	0.922333 	0.849479   	0.979427 
253	25    	0.922406 	0.849479   	0.979427 
254	25    	0.922406 	0.849479   	0.979427 
255	25    	0.922406 	0.849479   	0.979427 
256	25    	0.922406 	0.849479   	0.979427 
257	25    	0.922406 	0.849479   	0.979427 
258	25    	0.922406 	0.849479   	0.979427 
259	25    	0.922406 	0.849479   	0.979427 
260	25    	0.922406 	0.849479   	0.979427 
261	25    	0.922406 	0.849479   	0.979427 
262	25    	0.922406 	0.849479   	0.979427 
263	25    	0.922406 	0.849479   	0.979427 
264	25    	0.92251  	0.849479   	0.979427 
265	25    	0.92251  	0.849479   	0.979427 
266	25    	0.92251  	0.849479   	0.979427 
267	25    	0.92251  	0.849479   	0.979427 
268	25    	0.922927 	0.849479   	0.979427 
269	25    	0.922927 	0.849479   	0.979427 
270	25    	0.922927 	0.849479   	0.979427 
271	25    	0.923469 	0.849479   	0.979427 
272	25    	0.923469 	0.849479   	0.979427 
273	25    	0.924146 	0.849479   	0.979427 
274	25    	0.924146 	0.849479   	0.979427 
275	25    	0.924146 	0.849479   	0.979427 
276	25    	0.924146 	0.849479   	0.979427 
277	25    	0.924146 	0.849479   	0.979427 
278	25    	0.924146 	0.849479   	0.979427 
279	25    	0.924146 	0.849479   	0.979427 
280	25    	0.924281 	0.849479   	0.979427 
281	25    	0.924281 	0.849479   	0.979427 
282	25    	0.92499  	0.849479   	0.979427 
283	25    	0.92499  	0.849479   	0.979427 
284	25    	0.92499  	0.849479   	0.979427 
285	25    	0.925083 	0.849479   	0.979427 
286	25    	0.925083 	0.849479   	0.979427 
287	25    	0.925083 	0.849479   	0.979427 
288	25    	0.925125 	0.849479   	0.979427 
289	25    	0.925125 	0.849479   	0.979427 
290	25    	0.925125 	0.849479   	0.979427 
291	25    	0.925125 	0.849479   	0.979427 
292	25    	0.925125 	0.849479   	0.979427 
293	25    	0.925125 	0.849479   	0.979427 
294	25    	0.925125 	0.849479   	0.979427 
295	25    	0.925125 	0.849479   	0.979427 
296	25    	0.925365 	0.849479   	0.979427 
297	25    	0.925365 	0.849479   	0.979427 
298	25    	0.925365 	0.849479   	0.979427 
299	25    	0.925365 	0.849479   	0.979427 
300	25    	0.925365 	0.849479   	0.979427 