gen 	nevals	avg    	min   	max   
1   	25    	1293.06	579.2 	2817.6
2   	25    	1371.54	641.6 	3002.8
3   	25    	1365.41	634.8 	3547.6
4   	25    	1697.47	670.4 	2782.8
5   	25    	1717.89	679.2 	2870.8
6   	25    	1946.37	649.2 	3398.8
7   	25    	2030.69	557.2 	3207.2
8   	25    	2118.37	912   	3090.4
9   	25    	2037.04	860   	3435.2
10  	25    	2397.92	1284.4	3988.4
11  	25    	2540.29	1758  	3863.2
12  	25    	2600.21	990.8 	4054  
13  	25    	2604.85	780   	3746.4
14  	25    	2469.74	1406.8	2964  
15  	25    	2760.7 	1798.8	4066  
16  	25    	2729.42	1636  	4089.6
17  	25    	2895.02	1928.4	4572.4
18  	25    	2773.15	1902.4	4047.2
19  	25    	2683.65	1746.8	4146.8
20  	25    	2934.62	1638.8	4133.6
21  	25    	2909.76	2196.4	4372  
22  	25    	2767.44	912.8 	4420.4
23  	25    	2968.82	1999.6	4788  
24  	25    	2704   	1073.6	4436.8
25  	25    	2941.46	1370.4	3962.8
26  	25    	3020.54	2139.2	3686  
27  	25    	3188.96	2408.4	4637.6
28  	25    	2860.5 	1752.4	4541.2
29  	25    	2914.1 	1318.4	4574  
30  	25    	2721.87	1890  	3962  
31  	25    	2714.54	1351.6	4584.8
32  	25    	2985.63	1300  	5638.4
33  	25    	2963.74	1720  	4388  
34  	25    	3038.58	1487.2	4645.2
35  	25    	2921.54	1710.4	4781.2
36  	25    	3027.66	1841.6	4242.8
37  	25    	2923.94	2021.6	3804.8
38  	25    	2987.81	2039.6	3794.8
39  	25    	2970.98	2269.6	3655.2
40  	25    	2936.13	1946  	4836  
41  	25    	2828.26	2051.6	4464.8
42  	25    	2961.97	1651.6	4652.8
43  	25    	2620.45	1266.4	4194.8
44  	25    	2668.77	1682.8	4416  
45  	25    	2792.98	1662.4	5065.6
46  	25    	2707.23	1922.4	4387.2
47  	25    	3197.86	2044.4	4732.8
48  	25    	3013.66	2132  	4544  
49  	25    	2925.78	1564.8	4615.2
50  	25    	2888.51	1686.4	4451.6
51  	25    	3124.46	1909.6	5254  
52  	25    	3028.38	1673.2	4813.6
53  	25    	3069.76	1806  	5248.4
54  	25    	3172.51	2069.2	4494  
55  	25    	3219.81	2037.2	4666.4
56  	25    	3047.68	2120  	4012.8
57  	25    	3132.37	2112  	4428.4
58  	25    	3105.46	1700.8	4316.4
59  	25    	3023.06	1792.4	4256  
60  	25    	3075.97	1581.2	4361.2
61  	25    	3233.52	1682.4	5548.4
62  	25    	2965.89	1915.2	4568  
63  	25    	2963.1 	910   	4323.6
64  	25    	3159.36	2401.2	5078.8
65  	25    	3217.52	2113.2	4492  
66  	25    	3136.46	1429.2	4578.4
67  	25    	2990.74	1333.6	4458.4
68  	25    	2925.57	1723.6	3881.6
69  	25    	2780.53	1226.8	4221.2
70  	25    	2912   	1240  	3940  
71  	25    	2948.98	2146.4	4092  
72  	25    	3084.26	1158  	4417.2
73  	25    	3056.85	1942  	4206.8
74  	25    	2876.54	1373.2	4044.8
75  	25    	2988.1 	1922.4	4020.4
76  	25    	2729.74	1234.8	3769.6
77  	25    	3054.98	1672  	4272.8
78  	25    	3102.32	1832.4	4660.4
79  	25    	3208.35	1715.6	4887.6
80  	25    	3056.99	1583.6	4620.4
81  	25    	3121.9 	1570  	4165.2
82  	25    	2984.27	2021.2	4951.2
83  	25    	2921.71	1766.8	4411.2
84  	25    	2968.72	1796.4	4446.4
85  	25    	2995.25	1965.2	4630.4
86  	25    	2984.3 	1564.8	4623.6
87  	25    	3296.83	2175.6	4662  
88  	25    	3363.09	2026  	4520  
89  	25    	2908.48	1598  	4455.2
90  	25    	3262.03	2013.2	4530  
91  	25    	3131.39	1989.6	3908.4
92  	25    	3204.29	2130.8	4334.8
93  	25    	3131.66	1956.4	4452.4
94  	25    	3701.55	2761.6	4580  
95  	25    	3299.74	2465.2	4511.2
96  	25    	3278.83	2043.2	4549.2
97  	25    	3158.61	1754  	4586.4
98  	25    	2907.44	2064  	3779.6
99  	25    	2943.86	1910  	4127.6
100 	25    	2797.58	1261.2	4118.4
101 	25    	2861.39	1985.2	3756.8
102 	25    	2835.86	2165.2	3942  
103 	25    	3182.86	2075.6	4745.2
104 	25    	3180.51	1638.4	4782.4
105 	25    	3173.12	2494.4	4262.4
106 	25    	3312   	2232.8	4647.6
107 	25    	3323.78	2564  	4255.6
108 	25    	3378.02	2263.6	4699.6
109 	25    	3323.73	2161.6	4767.2
110 	25    	3368.8 	2474.4	4713.2
111 	25    	3179.7 	2138.8	4472.8
112 	25    	3438.48	2164  	5110  
113 	25    	3314.45	2124.4	4721.6
114 	25    	3297.95	2000.4	4329.2
115 	25    	3186.48	1390.4	4521.6
116 	25    	3248.96	1812.8	4585.2
117 	25    	3390.54	2178.8	4982.8
118 	25    	3070.08	2073.6	4107.6
119 	25    	3526.48	2232  	4482.8
120 	25    	3250.64	2081.6	4636  
121 	25    	3026.08	1722.8	4131.6
122 	25    	3032.32	2205.6	4207.6
123 	25    	3162.82	1918  	4366.8
124 	25    	3176   	1817.6	4882.4
125 	25    	3141.26	2080  	4530  
126 	25    	3173.95	2178.8	4522  
127 	25    	3443.94	2424.4	4427.2
128 	25    	3573.46	2644.8	4708.8
129 	25    	3131.38	2061.2	4389.2
130 	25    	3086.32	1903.6	3943.2
131 	25    	3276   	2441.2	4844  
132 	25    	3369.89	2244.8	4440.8
133 	25    	3465.76	1857.6	5428  
134 	25    	3383.94	2348.8	4808.8
135 	25    	3341.5 	2483.2	4242.4
136 	25    	3481.41	2090.8	4407.2
137 	25    	3234.53	2176.4	4469.2
138 	25    	3512.94	2567.6	5180.8
139 	25    	3307.55	1757.2	4955.2
140 	25    	3359.42	2217.6	4641.6
141 	25    	3384.8 	2720.8	4274  
142 	25    	3486.66	2155.2	5017.6
143 	25    	3413.76	2364  	5140.4
144 	25    	3296.69	2135.6	4368.4
145 	25    	3270.64	1905.6	4564.8
146 	25    	3422.1 	2368  	4802.4
147 	25    	3192.18	2111.6	4840.4
148 	25    	3312.69	1833.6	5018.8
149 	25    	3295.23	2416.4	4521.6
150 	25    	3198.08	2018  	5222.8
151 	25    	3374.91	1730.8	4663.2
152 	25    	3203.39	1767.2	5205.6
153 	25    	3345.04	2375.6	4964.8
154 	25    	3304.82	2237.6	4298.8
155 	25    	3416.99	2108.4	5141.2
156 	25    	3337.34	1890.4	4482.8
157 	25    	3075.76	1996  	4248  
158 	25    	3311.33	2251.2	5242.8
159 	25    	3154.91	1872.4	4677.2
160 	25    	3491.38	2366.4	4670.4
161 	25    	3271.41	2240  	5001.6
162 	25    	3455.47	2558  	4594.4
163 	25    	3418.77	2131.6	4768  
164 	25    	3341.89	2180  	4944  
165 	25    	3373.04	2099.6	5230.8
166 	25    	3328.08	2217.6	5191.2
167 	25    	3109.73	2193.2	4367.2
168 	25    	3514.18	2188  	5148.4
169 	25    	3280.19	2236  	6162  
170 	25    	3381.34	2263.2	4976.4
171 	25    	3384.69	2010  	5233.2
172 	25    	3272.02	2382.8	4825.2
173 	25    	3257.46	1866  	4922.8
174 	25    	3373.95	2378.4	4535.2
175 	25    	3193.28	2358  	5080  
176 	25    	3388.45	2335.2	5591.6
177 	25    	3215.9 	2290.4	4645.2
178 	25    	3495.23	2233.6	5672.4
179 	25    	3435.39	2316.4	4658.4
180 	25    	3490.53	2246.4	4974  
181 	25    	3431.1 	2276.8	4763.6
182 	25    	3406.9 	2349.6	4803.2
183 	25    	3327.1 	2337.2	4310  
184 	25    	3383.41	2602  	5187.6
185 	25    	3434.08	2256  	4305.6
186 	25    	3347.95	2281.6	5046  
187 	25    	3453.73	2510  	5482.8
188 	25    	3510.18	1789.6	4973.6
189 	25    	3290.11	2217.6	5199.6
190 	25    	3281.62	2266.4	4652  
191 	25    	3445.33	2027.6	5425.2
192 	25    	3443.47	2190.8	4862.8
193 	25    	3192.48	2118.8	5394  
194 	25    	3300.9 	2177.6	4922.4
195 	25    	3312.13	1764.4	5029.2
196 	25    	3484.86	2294.4	4548.4
197 	25    	3291.28	1892.8	5800  
198 	25    	3422.32	2280.4	4733.2
199 	25    	3335.3 	1858  	5013.2
200 	25    	3232.19	1790.8	4675.6
201 	25    	3343.68	2391.2	4934.4
202 	25    	2954.34	1404  	3783.2
203 	25    	3426.72	1896.8	4811.6
204 	25    	3319.82	2068.4	5290.8
205 	25    	3182.14	1888.8	4438  
206 	25    	3530.3 	2298  	5345.2
207 	25    	3384.3 	2372.8	4875.6
208 	25    	3199.23	2183.2	4457.6
209 	25    	3295.89	2206.8	4066.4
210 	25    	3213.22	2182.4	5328.4
211 	25    	3390.96	2045.6	5499.6
212 	25    	3585.26	2039.2	5730  
213 	25    	3425.5 	2084.4	4448  
214 	25    	3360.53	2017.2	4883.2
215 	25    	3468.9 	2294.4	4894.4
216 	25    	3183.2 	2072.8	4728.4
217 	25    	3169.14	1950.4	4627.6
218 	25    	3172.53	2149.2	3999.2
219 	25    	3348.98	2070.8	6078.4
220 	25    	3322.74	2155.2	4261.2
221 	25    	3143.18	2091.6	4383.6
222 	25    	3304.69	2512.4	4296  
223 	25    	3247.52	2314  	4684.8
224 	25    	3399.74	2020  	4378  
225 	25    	3149.95	1841.2	4882.8
226 	25    	3491.14	2597.6	4822  
227 	25    	3495.26	2151.2	5135.2
228 	25    	3529.47	2009.6	5376.4
229 	25    	3228.08	1825.2	4082.4
230 	25    	3296.35	1921.6	4599.2
231 	25    	3516.69	2009.2	5071.2
232 	25    	3416.67	2128.4	5048  
233 	25    	3252.67	2278.4	5048.8
234 	25    	3137.84	2228.4	6366  
235 	25    	3414.21	1856.8	4411.6
236 	25    	3589.58	2460  	5334.8
237 	25    	3659.82	2571.2	5011.6
238 	25    	3719.9 	2305.6	5172  
239 	25    	3500.86	2356.8	4429.2
240 	25    	3647.62	2343.6	5176.8
241 	25    	3017.86	2301.6	4512  
242 	25    	3407.39	1974  	5107.2
243 	25    	3276.66	1987.2	4630.8
244 	25    	3586.35	2418  	6057.2
245 	25    	3316.64	2581.2	4957.6
246 	25    	3450.1 	2304.8	5488.8
247 	25    	3541.02	2214.8	4836  
248 	25    	3486.35	2078.8	4560  
249 	25    	3502.96	2153.2	5011.6
250 	25    	3591.17	2241.2	5217.6
251 	25    	3277.55	1910.4	4423.6
252 	25    	3116   	2111.6	4217.2
253 	25    	3358.21	2093.2	4773.6
254 	25    	3466.06	2210.4	5047.6
255 	25    	3560.53	2276.8	4734  
256 	25    	3414.77	1638.4	5426  
257 	25    	3276.27	1928.8	5721.2
258 	25    	3290.14	1702.8	4390.4
259 	25    	3335.12	2079.6	5188.8
260 	25    	3496.42	1949.6	5738  
261 	25    	3439.31	2176  	4837.6
262 	25    	3615.89	2507.2	5513.6
263 	25    	3407.74	1790.8	5479.6
264 	25    	3975.84	2547.6	6054.4
265 	25    	3434.58	2232.4	5200.4
266 	25    	3559.04	2422.4	5324  
267 	25    	3675.02	2620  	5046  
268 	25    	3517.66	2121.6	4920.8
269 	25    	3570.82	2186  	5437.6
270 	25    	3242.64	2173.2	5026  
271 	25    	3438.46	2251.6	4812.8
272 	25    	3619.62	2788.8	5215.2
273 	25    	3667.3 	2233.6	5154  
274 	25    	3748.61	2601.2	5169.6
275 	25    	3527.76	2056.8	5396.4
276 	25    	3656.3 	2331.6	5402  
277 	25    	3791.7 	2433.2	5424.8
278 	25    	3267.1 	1828.8	4564.8
279 	25    	3779.18	2192.4	5395.2
280 	25    	3724.3 	2239.6	4910  
281 	25    	3622.74	2765.6	4552.8
282 	25    	3378.88	2282  	4470  
283 	25    	3288.22	2224.4	4421.2
284 	25    	3702.56	2564.8	5609.2
285 	25    	3678.14	2310.8	4798.8
286 	25    	3726.61	2037.2	5015.2
287 	25    	3599.86	2680.4	5386.4
288 	25    	3572.37	2364.8	5780  
289 	25    	3620.61	2494.4	4897.6
290 	25    	3554.27	2620.4	4567.6
291 	25    	3496.64	2462.4	4701.2
292 	25    	3473.65	2384  	4440.4
293 	25    	3372.83	2430.8	5270  
294 	25    	3568.53	2137.6	5018.8
295 	25    	3599.2 	2010  	5216.8
296 	25    	3670.77	2264.8	5177.6
297 	25    	3771.36	2287.2	5950  
298 	25    	3441.09	2112.8	4639.2
299 	25    	3500.77	1936  	5426.4
300 	25    	3477.2 	2328.4	5275.6
301 	25    	3632.51	2057.6	5162.8
302 	25    	3583.82	1870  	5378  
303 	25    	3654.34	2337.2	5126.4
304 	25    	3477.78	1748.8	5784.4
305 	25    	3371.86	2414.8	4997.6
306 	25    	3483.44	2385.6	5298  
307 	25    	3574.43	2647.2	4963.2
308 	25    	3370.14	2232.4	5108  
309 	25    	3542.99	2250.4	5420.4
310 	25    	3762.21	2673.6	5296  
311 	25    	3818.03	1828.4	5758  
312 	25    	3623.95	2174  	5917.2
313 	25    	3807.46	2404.8	5822.4
314 	25    	3841.44	2518.4	5235.6
315 	25    	3574.42	2130  	5345.2
316 	25    	3547.92	2358.8	4813.2
317 	25    	3742.11	2164  	5087.6
318 	25    	3765.3 	2285.2	5316.8
319 	25    	3519.42	2490  	5405.6
320 	25    	3677.81	2160.8	5529.6
321 	25    	3590.51	2177.6	5006  
322 	25    	3492.83	2261.6	5054  
323 	25    	3666.77	2342.8	6032.4
324 	25    	3439.42	1701.2	4836  
325 	25    	3660.88	2349.2	5697.2
326 	25    	3754.86	2659.2	5942  
327 	25    	3822.83	2842.8	5166.4
328 	25    	3358.86	2272.4	4614  
329 	25    	3795.79	2618  	5107.6
330 	25    	3699.87	2273.2	5241.2
331 	25    	3882.24	2982.8	4830.4
332 	25    	3443.57	2567.6	5742.4
333 	25    	3683.89	1667.2	4928.4
334 	25    	3550.96	1750  	4772.8
335 	25    	3650.4 	1809.2	4744.8
336 	25    	3538.42	2330.4	4396.4
337 	25    	3831.28	2825.2	5214.8
338 	25    	3625.9 	2083.6	5324.8
339 	25    	3758.7 	2644  	4802.4
340 	25    	3216.05	2143.6	4130.4
341 	25    	3456.53	2422.4	4647.2
342 	25    	3453.95	2216.8	5727.6
343 	25    	3466.1 	2693.2	4958.8
344 	25    	3707.18	2431.2	4872.8
345 	25    	3589.01	2444.4	5346.8
346 	25    	3752.21	2224.4	6470.4
347 	25    	3603.23	2718  	5734.4
348 	25    	3686.24	2552.8	5597.6
349 	25    	3598.99	2531.6	5006.8
350 	25    	3704.35	2492.8	5505.6
351 	25    	3619.39	2447.2	5358  
352 	25    	3734.18	2584  	4627.2
353 	25    	3639.22	2857.6	5584  
354 	25    	3738.27	2290  	5097.2
355 	25    	3809.39	2528.8	5550  
356 	25    	3586.21	2349.2	6094.4
357 	25    	3726.35	2820  	5300.4
358 	25    	3834.85	2613.6	5322.8
359 	25    	3613.41	2129.2	4667.6
360 	25    	3754.4 	2515.2	5236.4
361 	25    	3839.82	2419.2	5479.6
362 	25    	3611.84	2652.8	4986  
363 	25    	3650.21	2342  	5147.2
364 	25    	3745.46	2309.2	5480  
365 	25    	3763.82	2781.2	4541.2
366 	25    	3750.91	2748  	4713.2
367 	25    	3625.17	2549.6	4890.4
368 	25    	3738.75	2796  	4942  
369 	25    	3929.63	2616.4	5404  
370 	25    	3730.16	2318.4	5252.4
371 	25    	3587.82	2452.8	4983.2
372 	25    	3558.78	2320.8	4935.2
373 	25    	3971.65	2666.4	5457.2
374 	25    	3596.32	2054.4	5376  
375 	25    	3888.48	2455.6	5376.8
376 	25    	3533.81	2625.6	5160.8
377 	25    	3714.99	2715.6	5241.2
378 	25    	3721.55	2449.2	4997.6
379 	25    	3679.74	2462.4	5425.6
380 	25    	3557.49	2594.4	5208.4
381 	25    	3869.74	2557.6	5854.4
382 	25    	3673.73	2870  	4724  
383 	25    	3638.26	2608  	4594.8
384 	25    	3859.5 	2497.2	5360.4
385 	25    	3735.66	2557.6	5020.8
386 	25    	3728.18	2600.4	4961.6
387 	25    	3586.66	2342.8	5727.2
388 	25    	3348.77	2174.4	4279.2
389 	25    	3933.97	2508.4	5035.2
390 	25    	3561.76	2051.2	5362.4
391 	25    	3594.03	2673.2	6008.8
392 	25    	3767.6 	2736  	5169.6
393 	25    	3915.57	2576.8	5942.8
394 	25    	4128.86	2562.8	6280  
395 	25    	3680.85	1920  	5227.6
396 	25    	4011.78	2602.8	5487.6
397 	25    	3668.72	2173.6	4550  
398 	25    	3259.58	1939.6	4640.4
399 	25    	3548.48	2213.6	4924  
400 	25    	3716.46	2192  	4639.6
401 	25    	3675.89	1872.4	5847.2
402 	25    	3438.66	2288  	4924  
403 	25    	3800.98	2984.4	4810.4
404 	25    	3720.62	2593.6	4734.4
405 	25    	3561.17	2481.2	4543.2
406 	25    	3370.62	2249.6	4814  
407 	25    	3653.38	2311.2	5176.8
408 	25    	3562.8 	1903.2	5168.4
409 	25    	3655.41	2363.6	5243.2
410 	25    	3612.88	2305.6	4965.2
411 	25    	3710.42	2424.8	5842.4
412 	25    	3581.76	2767.6	4745.2
413 	25    	3683.06	2504.4	4950.8
414 	25    	3839.87	2830.8	5130.4
415 	25    	3558.5 	2235.6	4638.4
416 	25    	3566.99	2271.6	4587.6
417 	25    	3611.52	2500  	5203.6
418 	25    	4114.74	2496  	5273.6
419 	25    	3463.84	2936.8	4206  
420 	25    	3678.94	2600.4	4904.4
421 	25    	3900.93	2039.2	5222.4
422 	25    	3486.02	2486  	4822  
423 	25    	4024.1 	2275.2	5642.4
424 	25    	3650.64	1970.4	4950.8
425 	25    	3584.98	2081.2	5129.2
426 	25    	3567.98	2418.4	4986.4
427 	25    	3422.4 	1996  	4904.4
428 	25    	3745.34	2697.2	5670.8
429 	25    	3757.6 	2448  	5135.6
430 	25    	3650.32	2538.4	4780.8
431 	25    	3848   	2513.6	4939.2
432 	25    	3580.43	2371.2	5455.6
433 	25    	3563.5 	2377.6	5067.6
434 	25    	3556.8 	2432  	5019.2
435 	25    	3497.78	2550.8	4853.6
436 	25    	3741.54	2684  	4885.6
437 	25    	3600.58	2132  	4660.8
438 	25    	3705.47	1677.2	5991.2
439 	25    	3691.66	2655.6	4919.2
440 	25    	3951.12	2690  	5032.8
441 	25    	3767.15	2676.4	5270.8
442 	25    	3713.46	2684  	4822  
443 	25    	3602.5 	2782  	4720  
444 	25    	3821.3 	2769.2	5150.4
445 	25    	3828.93	2368.4	5633.6
446 	25    	3877.97	2417.6	5780.8
447 	25    	3680.9 	2448.8	5353.2
448 	25    	3991.46	2452.8	5690.4
449 	25    	3809.04	2812.4	4696.4
450 	25    	4115.89	2732.4	5245.2
451 	25    	3849.42	2748.4	5176  
452 	25    	3722.83	1865.6	5387.6
453 	25    	3906.9 	2720.4	5113.6
454 	25    	4160.08	2679.2	6420.8
455 	25    	4008.61	2739.6	5192.8
456 	25    	3839.49	2744.8	5102.4
457 	25    	3922.75	2744.4	5563.2
458 	25    	3996.46	2584  	5634.8
459 	25    	4033.84	2934.8	5038.8
460 	25    	3795.25	2416  	5084  
461 	25    	3677.14	2436.8	6418.4
462 	25    	3728.74	2628  	5245.2
463 	25    	3781.6 	2864.8	5162.4
464 	25    	3782.14	2520.4	6434  
465 	25    	3881.42	2541.6	4911.6
466 	25    	3770.69	2215.6	5260  
467 	25    	3749.66	2757.2	4888  
468 	25    	3820.03	2605.2	4916  
469 	25    	3782.94	2323.2	5064  
470 	25    	3747.95	2539.2	5202.8
471 	25    	3686.35	2901.2	4858  
472 	25    	3506.24	2686  	4251.6
473 	25    	3813.55	2912.8	4965.6
474 	25    	3990.3 	2792  	5957.2
475 	25    	4007.92	2959.2	5830  
476 	25    	3993.38	2723.6	5581.6
477 	25    	4025.92	2596.4	6471.6
478 	25    	4060.5 	2857.2	5748  
479 	25    	3943.47	2831.2	5197.6
480 	25    	3851.73	2583.2	5262.8
481 	25    	3836.14	2476  	5274.4
482 	25    	3935.71	2763.6	5230.8
483 	25    	3869.47	2960  	5155.6
484 	25    	3732.78	2455.6	4850  
485 	25    	4319.63	3310.4	6756.8
486 	25    	4062.88	2381.6	5788.8
487 	25    	3791.57	2556  	5420  
488 	25    	3890.96	2788.8	5160.4
489 	25    	4084.67	3048  	5281.6
490 	25    	4285.94	2914  	6175.2
491 	25    	3910.06	2582.4	5231.6
492 	25    	3979.15	2728.4	5470  
493 	25    	3904.1 	2959.6	5030.4
494 	25    	3830.59	2564.4	4902  
495 	25    	4113.9 	2804.8	6500  
496 	25    	3984.29	2428.4	4904.8
497 	25    	3961.34	2872  	6110  
498 	25    	4089.12	2926.4	5462.4
499 	25    	4129.39	2444  	5592.8
500 	25    	4378.98	2682.4	6331.2
501 	25    	3933.62	2781.6	5917.6
502 	25    	3921.9 	2387.6	5582.4
503 	25    	3905.18	2072.4	5855.6
504 	25    	3745.71	2718.8	4958.4
505 	25    	3605.25	2057.6	5224.8
506 	25    	3811.94	2618.4	5686  
507 	25    	3825.41	2520.4	5599.2
508 	25    	3670.29	2230  	4689.6
509 	25    	3918.35	2778.4	5545.6
510 	25    	3741.17	2494  	4880.4
511 	25    	4023.3 	3024  	5651.6
512 	25    	4048.58	2719.2	6291.6
513 	25    	3950.96	2862.4	5415.6
514 	25    	3827.97	2216.4	5674.8
515 	25    	3877.81	2620  	4861.6
516 	25    	3793.38	2512.4	5241.6
517 	25    	4023.95	2934.8	5496  
518 	25    	3787.39	2728.4	5061.2
519 	25    	3752.21	2322.4	5105.2
520 	25    	3744.16	2241.2	5507.2
521 	25    	3943.47	2988.8	5175.2
522 	25    	3828.98	2525.6	5363.2
523 	25    	3640.16	2589.2	4757.6
524 	25    	3948.83	2989.6	4892.4
525 	25    	3767.09	2644.4	5140.4
526 	25    	3502.5 	2634.4	4688.4
527 	25    	3836.32	1848.4	5390.8
528 	25    	3738.78	2410.8	4869.6
529 	25    	3686.24	2262  	5587.2
530 	25    	3997.65	3132  	4824.4
531 	25    	3665.02	1952.8	5883.2
532 	25    	3946.1 	2086.4	5739.2
533 	25    	3718.99	2334.8	4827.6
534 	25    	3862.26	2509.6	4812.4
535 	25    	3890.58	2542.4	5160.8
536 	25    	3598.61	2755.2	4912.8
537 	25    	3956.46	2865.6	5159.6
538 	25    	3614.42	2171.6	4901.6
539 	25    	3816.16	2613.2	5474.4
540 	25    	3724.43	2025.2	5222.8
541 	25    	3726.34	2601.2	5138.4
542 	25    	3926.5 	2790.4	5317.2
543 	25    	3743.12	2552.4	5421.2
544 	25    	3753.66	2506.8	5615.6
545 	25    	3736.74	2357.6	5079.2
546 	25    	3884.08	2791.6	5705.2
547 	25    	3911.71	2276.8	5244.4
548 	25    	3605.42	2112.4	4833.2
549 	25    	3896.91	2222.4	5361.2
550 	25    	3954.19	2902.8	7344.4
551 	25    	3622.9 	2586.4	4969.6
552 	25    	3651.92	2347.6	5195.2
553 	25    	3699.3 	2405.2	4822.4
554 	25    	3814.34	2592  	4826.4
555 	25    	3942.69	2794.8	5136  
556 	25    	4187.09	2624.8	6349.2
557 	25    	3757.52	2426.4	5822  
558 	25    	3721.39	2782  	5429.2
559 	25    	3674.24	2344  	4866  
560 	25    	3635.78	2446  	4806.4
561 	25    	3821.66	2653.6	4966.4
562 	25    	3605.34	2228.8	5005.6
563 	25    	3846.53	2829.2	5270.4
564 	25    	3696.99	2004.8	5831.2
565 	25    	3596.98	2394  	4784  
566 	25    	3708.46	2298.8	4895.2
567 	25    	3629.52	2232  	6014.4
568 	25    	3743.12	2185.6	5105.2
569 	25    	3930.78	1946.8	5615.6
570 	25    	3654.38	1501.6	5553.2
571 	25    	3867.78	2784.8	6129.2
572 	25    	3865.98	2906  	5445.2
573 	25    	3785.42	2448  	5840  
574 	25    	3676.29	1921.6	4576  
575 	25    	3803.62	2874.4	5646.4
576 	25    	4136.85	2777.6	5741.2
577 	25    	3620.34	2278.4	5202.8
578 	25    	3826.02	2074  	5381.6
579 	25    	3800.06	2926  	5165.6
580 	25    	3808.51	2542.8	5219.2
581 	25    	3905.86	2246.4	5442.4
582 	25    	3743.87	2406.8	5199.6
583 	25    	3843.25	2514.4	5173.2
584 	25    	3809.02	2575.6	5648.4
585 	25    	3854.16	2718  	5782.4
586 	25    	3881.66	2983.2	5724  
587 	25    	3745.22	2562.8	5650.4
588 	25    	3878.56	2624.4	5713.6
589 	25    	3650.62	1991.6	5074.4
590 	25    	3809.14	2702.4	5224  
591 	25    	3536.45	2461.2	4550  
592 	25    	3846.5 	2672.8	5493.6
593 	25    	3912.78	2860.4	5320  
594 	25    	3548.56	1851.6	5716.4
595 	25    	3553.81	2516.4	5654  
596 	25    	4020.45	2879.6	6127.6
597 	25    	3870.91	2606.4	4944  
598 	25    	3570.83	2154.8	4627.2
599 	25    	3804.06	2183.6	4789.2
600 	25    	4126.67	2484.8	5190.4
601 	25    	3547.52	2194.4	4882.4
602 	25    	3973.23	2645.2	5082.8
603 	25    	3866.74	2140.4	5064  
604 	25    	3947.12	2271.6	5904.4
605 	25    	3521.89	1844.8	4751.2
606 	25    	3807.46	2642  	5218.4
607 	25    	3793.28	2713.6	6099.6
608 	25    	3715.54	2675.6	4773.6
609 	25    	3903.42	2100  	5672.8
610 	25    	3836.75	2598.8	6119.6
611 	25    	4050.34	2836.4	5236  
612 	25    	4027.38	2832.8	5664  
613 	25    	3720.14	2297.2	5187.2
614 	25    	3715.12	2596.8	4990  
615 	25    	3709.78	2429.6	5160.8
616 	25    	3783.78	2379.6	5308.4
617 	25    	3812.75	2501.2	5424  
618 	25    	3942.93	2712.8	5110  
619 	25    	3573.28	2488  	4950.4
620 	25    	3744.77	3006.8	5242.8
621 	25    	3705.78	2716.8	4886.4
622 	25    	3748.66	2606  	5321.2
623 	25    	3827.66	2412  	4835.6
624 	25    	3702.8 	2968.8	4656.8
625 	25    	3656.67	2707.6	4689.2
626 	25    	3731.38	2440.8	5259.2
627 	25    	3901.97	2800  	5156  
628 	25    	3748.16	2655.6	4708.4
629 	25    	3529.52	2161.6	4622  
630 	25    	3865.79	2860.8	6248.8
631 	25    	4050.77	3072.8	5295.2
632 	25    	3508.14	2367.2	5591.6
633 	25    	4088.45	2621.2	5568.4
634 	25    	3727.94	2315.2	5354.4
635 	25    	3802.03	2450.8	5198  
636 	25    	3687.49	2561.6	4923.6
637 	25    	3729.14	2647.6	5627.6
638 	25    	3560.86	2650  	5156.8
639 	25    	3970   	2514.4	5591.2
640 	25    	4156.14	2627.2	5317.6
641 	25    	3922.7 	2318  	5412.8
642 	25    	3880.43	2686  	5368  
643 	25    	3577.78	2452.4	4812.4
644 	25    	3853.9 	2619.2	5486  
645 	25    	3995.81	2618.8	5726.8
646 	25    	3849.89	2623.6	4995.6
647 	25    	3821.04	2622.4	4829.6
648 	25    	3692.67	2369.2	5240.8
649 	25    	4069.3 	3292  	5640  
650 	25    	3906.42	2558.8	5057.2
651 	25    	3860.72	2272.8	5776.4
652 	25    	3950.05	2762  	6398  
653 	25    	4060.62	3166  	5352  
654 	25    	3835.42	2749.2	4865.2
655 	25    	3803.42	2776.4	5093.6
656 	25    	3843.95	2700.4	5326.4
657 	25    	3967.01	2324.8	5219.2
658 	25    	3967.02	2370  	5843.2
659 	25    	4079.81	2438.4	6398.4
660 	25    	4015.23	1968  	5893.2
661 	25    	4139.18	2384.8	5862  
662 	25    	4007.3 	2503.6	5698.8
663 	25    	4130.86	2763.2	5818  
664 	25    	4038   	2720.8	5540.4
665 	25    	3911.02	3051.2	5464.4
666 	25    	3770.35	2308.8	4978.4
667 	25    	3871.65	2866.8	5198  
668 	25    	3884.54	2647.6	5935.2
669 	25    	4049.5 	2698.4	5221.2
670 	25    	3620.43	2592.8	4622.4
671 	25    	3599.31	2603.6	4651.2
672 	25    	3968.54	2880.4	5385.2
673 	25    	4093.54	2141.6	5920.8
674 	25    	3795.81	2626  	5740.4
675 	25    	3868.05	2653.2	5023.6
676 	25    	3664.51	2679.6	4834  
677 	25    	3937.18	2733.2	6084  
678 	25    	3890.96	2267.6	5559.2
679 	25    	3936.72	2844.8	5319.6
680 	25    	3880.54	2715.2	4932  
681 	25    	3789.39	2365.6	5350.8
682 	25    	3763.38	2870.8	5440.8
683 	25    	3846.43	2386.8	4839.6
684 	25    	3972.48	2298.4	5392.8
685 	25    	4047.09	2852.8	5061.2
686 	25    	4047.55	2605.2	6667.2
687 	25    	3971.89	2386  	5376  
688 	25    	3990.08	2060.4	5080  
689 	25    	3676.64	2517.6	5737.6
690 	25    	3988.75	2926.4	5352.4
691 	25    	3886.34	2590.8	5662.4
692 	25    	3963.36	2884.4	5395.6
693 	25    	3768.45	2726  	5038  
694 	25    	3709.26	2698  	4663.6
695 	25    	3623.12	2130.8	5683.2
696 	25    	3934.86	1930.4	6424.4
697 	25    	4036.83	2564.4	5231.2
698 	25    	4211.31	2447.6	5436  
699 	25    	3916.35	2153.2	5258  
700 	25    	3912.05	2729.2	5304  
701 	25    	3879.79	2183.2	6122.8
702 	25    	4242.02	3068.8	5236  
703 	25    	3959.15	2798.8	5846  
704 	25    	3965.31	2612  	5554.4
705 	25    	3950.8 	2318.4	5859.2
706 	25    	4247.14	2718  	6164  
707 	25    	3777.81	2465.2	5846.4
708 	25    	3848.1 	2960.8	5634.4
709 	25    	4005.74	2550.4	5409.2
710 	25    	3825.86	2326  	5477.6
711 	25    	4053.78	3196.4	5282.8
712 	25    	3940   	2491.6	5168.8
713 	25    	4158.74	2696  	6554.4
714 	25    	4047.5 	2912  	5142.8
715 	25    	3907.47	2635.2	5196.8
716 	25    	3746.43	2606  	5106.4
717 	25    	3813.84	2707.6	4908  
718 	25    	3592.72	2171.6	4658.4
719 	25    	3859.28	2498  	5616.8
720 	25    	4131.09	2596.8	5956.4
721 	25    	3872.67	2378.8	4930  
722 	25    	3890.69	2639.6	5586.4
723 	25    	3716.16	2533.2	4623.6
724 	25    	3742.35	2708.8	6123.2
725 	25    	3919.46	2633.6	5794.8
726 	25    	3828.88	2350.8	5260.4
727 	25    	3653.92	1981.6	5243.6
728 	25    	4027.6 	2565.6	5462  
729 	25    	3941.01	2632.4	6011.2
730 	25    	3713.55	2558.8	4642.4
731 	25    	4078.91	2488  	5537.6
732 	25    	4157.57	3059.6	5976.4
733 	25    	3907.44	2515.6	5048.4
734 	25    	3935.84	2606.4	5745.2
735 	25    	4149.33	2968  	5919.6
736 	25    	3956.7 	2283.2	5650.4
737 	25    	4106.48	2429.2	5899.6
738 	25    	4102.35	2874.8	5282  
739 	25    	4130.21	2628.4	5949.6
740 	25    	3848.46	2457.6	5599.6
741 	25    	3716.18	2283.6	5620.8
742 	25    	3912.5 	2932.4	6004.8
743 	25    	3911.7 	3044.8	4959.2
744 	25    	4018.9 	2402.8	5675.6
745 	25    	3951.23	2607.6	5276.8
746 	25    	3869.65	3079.2	4974  
747 	25    	3743.73	2442.8	4987.6
748 	25    	3612.34	2390.8	4820.8
749 	25    	3909.3 	2489.2	5007.2
750 	25    	3553.28	2592.8	4721.6
751 	25    	3779.46	2150.8	5315.6
752 	25    	3945.14	2609.2	6168.4
753 	25    	3785.54	2258.4	5093.6
754 	25    	3942.26	2657.6	6019.2
755 	25    	3991.33	2493.6	5795.6
756 	25    	3956.88	2546.8	5674  
757 	25    	3898.46	2928.8	5444.4
758 	25    	3959.28	2606  	5662.4
759 	25    	3817.7 	2437.6	5094  
760 	25    	4066.38	2689.2	5827.6
761 	25    	3814.94	2780.4	5325.2
762 	25    	3790.53	2819.2	4572.4
763 	25    	3770.59	2542.8	5423.6
764 	25    	3869.47	2796  	5774  
765 	25    	4257.57	3203.6	5643.2
766 	25    	4013.76	2804.8	5320  
767 	25    	3951.2 	2510.8	5824.4
768 	25    	3947.2 	2684.4	5489.6
769 	25    	4015.9 	3162  	5484.8
770 	25    	3916.48	2807.2	5336.4
771 	25    	3863.79	2540.8	5563.6
772 	25    	3870.18	2799.6	5296.8
773 	25    	3603.1 	2289.2	5043.6
774 	25    	3758.62	2832.4	5148.4
775 	25    	3987.74	2649.6	5562.4
776 	25    	4220.11	2853.6	5716.4
777 	25    	3956.77	2605.2	5406.8
778 	25    	3892.82	2960.4	5242.4
779 	25    	4008.22	3127.6	6141.2
780 	25    	3964.16	2668.8	5142  
781 	25    	3906.13	2741.6	5365.6
782 	25    	3781.39	2450.4	5641.6
783 	25    	3930.03	2639.6	5184  
784 	25    	3959.76	2754.4	5453.2
785 	25    	3948.85	2343.6	5112.4
786 	25    	3855.3 	2794.8	5292.8
787 	25    	4101.7 	2723.2	5428.8
788 	25    	3991.02	2396.8	7108.4
789 	25    	4089.71	2780.8	5392.8
790 	25    	4002.5 	2994.4	5679.6
791 	25    	3983.26	2910  	6742.8
792 	25    	3892.24	2589.2	5906.4
793 	25    	4003.54	2690.4	5563.6
794 	25    	3851.95	2561.6	4928.8
795 	25    	3777.71	2860.8	5288.4
796 	25    	4115.74	3014.4	5463.6
797 	25    	3988.37	2716  	6080  
798 	25    	3855.76	2305.6	5074  
799 	25    	3998.29	2776.8	6066  
800 	25    	3727.66	2732  	5810.4
801 	25    	4015.86	2912.8	5382.8
802 	25    	3885.33	2938  	5258.8
803 	25    	4106.48	3015.2	5773.2
804 	25    	4094.98	2769.6	5483.6
805 	25    	4008.37	2752.4	5286.8
806 	25    	4114.61	2495.6	5622  
807 	25    	3832.54	2376  	6208  
808 	25    	3931.82	2522.8	4873.6
809 	25    	3953.17	2885.2	5416.8
810 	25    	3840.32	2310.8	4894  
811 	25    	3887.57	2621.6	5022  
812 	25    	3974.05	3149.2	4912.4
813 	25    	3808.16	2556  	5716.4
814 	25    	3844.77	2902.8	5276  
815 	25    	3873.38	2641.6	5237.6
816 	25    	4016.11	2792.4	5619.6
817 	25    	3933.06	2934  	5300.8
818 	25    	3999.02	2535.2	5690.8
819 	25    	3642.67	2474  	4928.8
820 	25    	3826.98	2385.2	5787.2
821 	25    	3828.18	2852  	5006  
822 	25    	4144.91	3108.8	5623.2
823 	25    	3689.23	2274.4	4922.4
824 	25    	4131.63	3007.2	5440.4
825 	25    	3912.4 	2990.4	5172  
826 	25    	3783.74	2427.2	5668.8
827 	25    	3754.74	2718  	5197.6
828 	25    	4048.86	2918  	6039.2
829 	25    	3895.78	2810.4	5980.8
830 	25    	3904.5 	2936.8	4976.4
831 	25    	3743.17	2839.6	5325.2
832 	25    	3949.68	2655.6	5256.8
833 	25    	3859.23	1950.4	5685.2
834 	25    	3839.78	2760.4	5654  
835 	25    	3829.17	2922.4	5082.8
836 	25    	3836.1 	2347.2	5344.8
837 	25    	3848.29	2750  	5803.6
838 	25    	3987.46	2602.8	5200.8
839 	25    	4040.21	2830.4	5501.6
840 	25    	3931.76	3154  	5465.6
841 	25    	3920.3 	2466  	5282.8
842 	25    	3916.67	2850.4	5349.6
843 	25    	3860.75	2833.2	5065.6
844 	25    	3787.44	2692.4	5332.4
845 	25    	3867.25	2806.4	5683.6
846 	25    	3973.95	2298  	5686.8
847 	25    	3836.08	2741.6	5249.6
848 	25    	3986.72	2800  	5305.6
849 	25    	3910.61	2615.2	5767.6
850 	25    	3875.17	2852.4	5425.2
851 	25    	4030.96	2504  	5298.8
852 	25    	3866.21	2922.8	5153.2
853 	25    	3733.2 	2405.6	4764.4
854 	25    	4103.78	2906  	5342.8
855 	25    	4035.06	2814.8	5608.8
856 	25    	3918.96	2974  	5064.8
857 	25    	3667.12	2818.4	5156  
858 	25    	4029.95	2899.6	6054.4
859 	25    	3899.07	2587.2	5126.4
860 	25    	3901.39	2789.2	5281.6
861 	25    	4102.66	2994.4	5609.2
862 	25    	3987.65	2983.6	4874.4
863 	25    	3887.47	2838.4	5134  
864 	25    	4117.06	3221.6	5680.4
865 	25    	4085.22	2842  	5528.8
866 	25    	3854.43	2830.4	5206.8
867 	25    	4046.82	2990.8	5750.4
868 	25    	4096.56	2465.6	5626  
869 	25    	3956.82	2938.4	5600.8
870 	25    	3985.89	2066  	5323.2
871 	25    	4117.3 	3140.8	5382.4
872 	25    	4031.49	2454  	5629.2
873 	25    	4180.13	3029.2	5322.4
874 	25    	4059.41	2379.2	5294.8
875 	25    	4302.06	2919.6	6069.2
876 	25    	3999.22	2401.6	5682  
877 	25    	4033.36	2441.2	6022.8
878 	25    	3778.54	2468.8	5378.8
879 	25    	4228.26	2915.2	6068.8
880 	25    	3967.57	2176.4	5995.6
881 	25    	3902.94	2640.4	5388.8
882 	25    	4009.81	2586.4	5989.2
883 	25    	4153.49	2459.2	5724  
884 	25    	4141.17	2719.6	5575.2
885 	25    	3876.83	2504  	5372.4
886 	25    	4122.43	2490.8	5859.6
887 	25    	4144.96	2617.2	5594.4
888 	25    	3952.43	2477.2	6782.8
889 	25    	3783.6 	2757.2	5172  
890 	25    	4124.94	2997.6	5182.4
891 	25    	3785.15	2302  	5031.2
892 	25    	3709.41	1794  	5159.6
893 	25    	3822.48	2466.8	5405.6
894 	25    	3657.01	2469.6	4854.4
895 	25    	3759.76	2736  	5042.4
896 	25    	3984.78	3151.2	5445.6
897 	25    	3788.88	2858.4	4960.4
898 	25    	3948.11	2697.2	5274.8
899 	25    	3693.3 	2436.8	5490  
900 	25    	3663.23	2393.6	4864.8
901 	25    	3981.39	2606  	5444.8
902 	25    	4170.64	2837.6	5324  
903 	25    	3940.1 	2654  	5358  
904 	25    	4139.62	3078  	5632.4
905 	25    	3956.5 	2560.4	5494.8
906 	25    	3975.7 	2690.4	5152.8
907 	25    	3925.52	2587.2	5094  
908 	25    	4096.45	3007.2	5482.8
909 	25    	3995.65	2875.2	5446.8
910 	25    	4370.54	2653.6	6449.6
911 	25    	3869.97	2844.8	4815.2
912 	25    	3958.91	2794.4	5125.2
913 	25    	3815.33	2480.4	5735.2
914 	25    	3873.28	2587.6	5167.2
915 	25    	4239.52	2765.6	6755.6
916 	25    	4019.5 	2631.6	5382.8
917 	25    	4061.74	2301.6	5495.6
918 	25    	4109.17	2551.6	7378.4
919 	25    	3998.3 	2759.6	5309.6
920 	25    	3764.62	2841.2	5095.6
921 	25    	4146.66	2819.6	5422  
922 	25    	3957.86	2176.8	6237.2
923 	25    	4214.43	2681.6	6560.4
924 	25    	3951.66	2403.2	5650.4
925 	25    	4069.07	2801.2	5547.2
926 	25    	4078.32	2472.4	5480.8
927 	25    	3802.1 	2738.8	4718  
928 	25    	3889.82	2103.2	5904.4
929 	25    	3845.14	2773.2	5425.2
930 	25    	3931.14	2854.4	5083.6
931 	25    	3796.27	2099.6	6546  
932 	25    	3885.39	2635.2	5671.6
933 	25    	4022.27	2450.8	5820.8
934 	25    	3952.62	2846.4	5438.8
935 	25    	4060.61	2533.2	5006  
936 	25    	3754.74	2364.8	5064.4
937 	25    	3882.05	2539.6	5614  
938 	25    	4140.26	2455.6	5760.4
939 	25    	3799.3 	2359.2	5317.6
940 	25    	3663.5 	2352.4	5032  
941 	25    	3796.96	2734.8	5751.2
942 	25    	3953.82	2608.8	5184.4
943 	25    	3781.98	2460  	4962.4
944 	25    	4015.58	2855.6	5224.8
945 	25    	4114.72	2787.6	5688  
946 	25    	4026.66	2858.8	5532.8
947 	25    	4122.82	2777.6	6242.4
948 	25    	4012.66	2960  	5437.6
949 	25    	3754.77	2669.6	4900.4
950 	25    	3914.06	2618  	5326.4
951 	25    	3939.58	2701.6	4890.8
952 	25    	3891.22	2622.4	5720  
953 	25    	3809.15	2562  	5154  
954 	25    	4166.27	2716.8	5664.4
955 	25    	3905.95	2610  	6467.2
956 	25    	3778.99	2448.8	4804.8
957 	25    	3905.25	2596  	5498.4
958 	25    	3713.1 	2621.2	5100.8
959 	25    	3946.21	2893.2	5246.4
960 	25    	3792.91	1907.6	5465.2
961 	25    	3986.78	2491.6	5976  
962 	25    	3780.29	2720.8	5810  
963 	25    	3976.82	2824  	5596.8
964 	25    	3750.62	2467.2	5062.4
965 	25    	3805.17	2559.6	5364.8
966 	25    	3773.65	2158  	5183.6
967 	25    	3987.36	2522  	5838  
968 	25    	3993.31	2973.2	5282.8
969 	25    	3967.92	2998.4	5606  
970 	25    	3749.44	2354.4	4912.8
971 	25    	3716.96	2525.6	4688  
972 	25    	3622.43	1923.2	5301.6
973 	25    	3904.75	2436.4	6130.4
974 	25    	3866.48	2536  	5748.4
975 	25    	3877.1 	2523.6	5682.4
976 	25    	3608.45	2754  	5110.8
977 	25    	3756.4 	2916.4	5231.6
978 	25    	3971.42	2311.6	5733.6
979 	25    	3593.73	2180.4	5932  
980 	25    	3869.31	2967.2	5194.8
981 	25    	3513.94	2188.8	4709.6
982 	25    	3678.24	2502.8	4904.8
983 	25    	3580.99	2704.8	4749.2
984 	25    	3749.12	2607.6	5590.8
985 	25    	3931.12	2725.2	5294.8
986 	25    	3984.26	2996.4	6538.8
987 	25    	3971.3 	2540.4	5241.6
988 	25    	3740.64	2458.8	5483.2
989 	25    	3515.41	2285.6	5375.2
990 	25    	3503.38	2272  	5139.2
991 	25    	3745.09	2248.4	5413.2
992 	25    	3839.2 	2216.8	5301.2
993 	25    	4170.4 	2110  	5871.2
994 	25    	4081.95	2084  	5719.6
995 	25    	3918.08	2293.2	4920  
996 	25    	3812.08	3011.6	4930  
997 	25    	3907.6 	2640.8	5362.4
998 	25    	3816.37	2953.2	6178  
999 	25    	3904.16	2922.4	4756.8
1000	25    	3992.03	2534  	5666  