gen	nevals	avg    	min  	max  
1  	25    	75.856 	40   	108.8
2  	25    	80.968 	50   	102.6
3  	25    	84.888 	59.2 	103.8
4  	25    	94.344 	79.2 	116.8
5  	25    	95.352 	76.4 	112.2
6  	25    	97.448 	34.4 	120.2
7  	25    	102.072	60.4 	129.6
8  	25    	98.656 	69.4 	114.2
9  	25    	103.064	74.6 	123  
10 	25    	109.016	92.8 	129.2
11 	25    	106.608	89.4 	123  
12 	25    	114.392	91.8 	125  
13 	25    	110.784	90.8 	129.6
14 	25    	110.944	86.4 	131.4
15 	25    	112.456	103.2	130  
16 	25    	113.768	95   	126  
17 	25    	112.496	92.8 	126.6
18 	25    	112.504	98   	131.8
19 	25    	109.216	55.2 	131  
20 	25    	112.936	100.8	130.8
21 	25    	108.464	66   	135.4
22 	25    	113.016	93   	128.6
23 	25    	115.32 	92.4 	134.6
24 	25    	113.704	100  	125.4
25 	25    	116.568	97.4 	133.2
26 	25    	111.872	95.6 	126.8
27 	25    	114.904	99.4 	127.8
28 	25    	111.984	96.8 	135.6
29 	25    	116.168	102.4	132.8
30 	25    	112.936	96.4 	125  
31 	25    	116.496	97.2 	132.4
32 	25    	113.544	98.4 	140.4
33 	25    	115.736	100.4	127  
34 	25    	116.48 	104.2	139.8
35 	25    	116.2  	103  	134.2
36 	25    	117.016	104  	141.6
37 	25    	117.952	105.4	134  
38 	25    	117.68 	102.2	133.2
39 	25    	117.408	102  	134.4
40 	25    	117.72 	105.6	128.6
41 	25    	119.68 	106.4	134.6
42 	25    	118.04 	107.8	124.2
43 	25    	116.704	102.2	134  
44 	25    	118.832	97.8 	134.2
45 	25    	116.52 	96.8 	124.6
46 	25    	118.832	109.8	132.4
47 	25    	118.752	106.2	136  
48 	25    	120.536	107.8	135.8
49 	25    	120.352	102.8	132.4
50 	25    	118.096	103.6	134.2
51 	25    	118.136	103  	128.6
52 	25    	119    	99.2 	139.2
53 	25    	120.384	102  	137  
54 	25    	120.768	105.2	137  
55 	25    	119.76 	98.2 	137.2
56 	25    	116.368	98.2 	129.2
57 	25    	120.896	109  	135.4
58 	25    	117.648	102.2	131.2
59 	25    	117.384	101.6	132.8
60 	25    	120.528	107.6	131.4
61 	25    	119.216	96.2 	139.4
62 	25    	116.552	98.4 	133.2
63 	25    	118.32 	105  	135  
64 	25    	118.384	105.8	131.8
65 	25    	118.064	105.4	133.4
66 	25    	119.584	100.4	133.8
67 	25    	118.704	105.4	135.8
68 	25    	118.28 	93   	141.6
69 	25    	120.96 	107.6	137.2
70 	25    	118.624	107.8	134  
71 	25    	121.288	106.8	138.4
72 	25    	122.024	107  	132.4
73 	25    	119.304	103.2	138.2
74 	25    	120.32 	99.8 	142.2
75 	25    	118.928	109  	133  
76 	25    	122.512	108.2	139.8
77 	25    	120.8  	107.4	138.6
78 	25    	118.936	108.4	131.4
79 	25    	119.384	104.8	131  
80 	25    	120.112	107.4	132.2
81 	25    	120.312	104.6	134.2
82 	25    	122.2  	109.6	138.2
83 	25    	119.144	99.8 	138.2
84 	25    	118.368	108.2	130.4
85 	25    	116.816	106.8	130.6
86 	25    	119.496	105  	132  
87 	25    	122.16 	110.4	146.2
88 	25    	119.824	107  	136.2
89 	25    	120.688	94.4 	135.2
90 	25    	121.376	107.2	135.4
91 	25    	120.44 	106.8	132.4
92 	25    	119.6  	109.6	131.8
93 	25    	117.256	105.2	134  
94 	25    	118.464	90.4 	133.8
95 	25    	115.08 	98.6 	126.4
96 	25    	119.416	104.4	131.6
97 	25    	119.728	101.6	134.8
98 	25    	120.864	106  	133  
99 	25    	122.176	108  	135.6
100	25    	114.664	105  	123.4
101	25    	116.064	100.6	136.4
102	25    	117.28 	101.4	137  
103	25    	117.928	99.6 	129.6
104	25    	117.616	104  	136.8
105	25    	119.8  	97.6 	136.2
106	25    	116.992	102.8	131  
107	25    	118.256	99.6 	128  
108	25    	121.312	107  	136  
109	25    	121.68 	104  	138.4
110	25    	121.152	106.6	141  
111	25    	119.56 	96.8 	130.4
112	25    	118.512	103.4	131.2
113	25    	117.36 	98.2 	128.4
114	25    	120.616	108.2	133  
115	25    	119.88 	107  	133.4
116	25    	120.952	107  	132.4
117	25    	120.128	103  	135.6
118	25    	121.016	101  	137.8
119	25    	117.728	107.2	130.4
120	25    	117.016	106.6	133.4
121	25    	120.208	103  	136.2
122	25    	118.624	103.8	136.2
123	25    	117.024	106  	130  
124	25    	117.128	102.8	134.6
125	25    	120.984	106.4	129.6
126	25    	116.832	105.4	131  
127	25    	118.824	106.8	133.4
128	25    	115.056	97.2 	129.2
129	25    	118.192	108  	129  
130	25    	119.376	106  	128.4
131	25    	118.68 	107.6	135.6
132	25    	118.896	106.6	134.2
133	25    	118.864	106.8	132.8
134	25    	117.712	103.2	130.8
135	25    	117.16 	94.4 	130.2
136	25    	115.8  	100.6	136.4
137	25    	118.784	103.2	132.2
138	25    	115.856	96.2 	127.8
139	25    	117.12 	103.2	129.4
140	25    	117.84 	104.4	131.2
141	25    	119.608	104.6	134.6
142	25    	119.264	98.6 	133.2
143	25    	121.248	108  	135.4
144	25    	121.136	105.4	132.8
145	25    	120.592	102.8	141  
146	25    	119.976	102  	127.4
147	25    	118.856	108.4	134.8
148	25    	119.352	104.2	135.4
149	25    	120.392	105.4	143.8
150	25    	118.608	104  	130  
151	25    	118.768	106  	136.2
152	25    	123.368	107.4	139  
153	25    	121.672	110.2	139.4
154	25    	119.408	104.4	139.4
155	25    	120.648	106.2	132.6
156	25    	118.448	105.6	132  
157	25    	121.928	107.8	137.2
158	25    	119.904	101.4	131.6
159	25    	120.424	103.8	131.6
160	25    	118.096	104  	132.6
161	25    	119.08 	105.4	134  
162	25    	119.12 	104.8	137.2
163	25    	120.816	104.4	137.8
164	25    	120.864	108.6	129.6
165	25    	121.464	103.4	139.6
166	25    	119.824	109.6	134.4
167	25    	117.784	103.8	133.4
168	25    	120.968	107.2	134  
169	25    	122.384	112.6	133  
170	25    	118.912	102.8	132.8
171	25    	119.848	108.6	135.6
172	25    	121.528	109.6	133.2
173	25    	119.264	106.8	137.8
174	25    	118.096	102.4	129  
175	25    	119.504	101.6	128.6
176	25    	119.96 	105.6	134.2
177	25    	122.36 	113.8	130.6
178	25    	117.272	101.4	130.2
179	25    	123.336	110.4	133.8
180	25    	119.608	104.4	134.6
181	25    	119.504	109.2	133.8
182	25    	122.992	105  	137.2
183	25    	121.712	110.8	135.4
184	25    	121.224	103.2	136.2
185	25    	120.344	103.4	131  
186	25    	120.648	103.8	139.4
187	25    	119.184	103.8	134  
188	25    	118.984	109  	132  
189	25    	119.68 	105.2	144.8
190	25    	119.44 	103.6	133.4
191	25    	121.144	106.6	134.2
192	25    	120.072	101.4	137.4
193	25    	119.984	103.8	147.6
194	25    	120.92 	108  	135.6
195	25    	121.776	103.8	136.8
196	25    	120.176	106.2	131  
197	25    	120.592	99   	138.8
198	25    	121.016	104.4	131.8
199	25    	119.544	100.8	136.8
200	25    	121.256	107.2	146.6
201	25    	119.464	110.4	132.8
202	25    	121.24 	111.6	142.2
203	25    	123.008	103.4	136  
204	25    	117.328	96   	132.8
205	25    	118.224	102.2	133  
206	25    	121.728	104.4	134.2
207	25    	119.12 	106.6	134.8
208	25    	119.592	105  	132  
209	25    	120.928	105.6	137.4
210	25    	116.912	99.4 	129.2
211	25    	119.576	105.8	136.4
212	25    	117.4  	101.8	126.2
213	25    	118.136	105  	132.4
214	25    	119.36 	99.4 	134.2
215	25    	120.376	98   	137  
216	25    	119.152	89.2 	133  
217	25    	115.624	93.6 	133  
218	25    	120.176	106  	142.2
219	25    	117.112	103.8	130.2
220	25    	117.872	102.2	130.6
221	25    	118.008	101.6	135.8
222	25    	117.424	106.2	129  
223	25    	118.152	107.8	135.8
224	25    	116.768	95.2 	134  
225	25    	116.768	95.8 	128.4
226	25    	118.08 	98.6 	135.6
227	25    	119.384	106.6	129.2
228	25    	113.488	100.4	127.2
229	25    	117.76 	106.6	128.8
230	25    	115.952	100.6	133.8
231	25    	113.2  	96   	131.8
232	25    	116.632	99.6 	127.6
233	25    	115.672	96.8 	133.2
234	25    	118.92 	110.2	131.6
235	25    	112.76 	95.2 	127.4
236	25    	114.84 	96.2 	125.6
237	25    	115.88 	100.6	132.4
238	25    	116.376	105.8	129.2
239	25    	117.68 	97.6 	127.4
240	25    	117.576	105.2	133.6
241	25    	116.912	103.8	125.6
242	25    	118.248	96.4 	127.2
243	25    	117.8  	103.8	129.4
244	25    	118.168	100.8	126.2
245	25    	115.952	103  	128.2
246	25    	116.472	102.2	131  
247	25    	118.808	105.8	134.8
248	25    	116.624	99.4 	129.2
249	25    	117.088	107.6	133.8
250	25    	119.024	103  	143.8
251	25    	117.472	105  	131.8
252	25    	117.456	102.8	133.6
253	25    	115.944	101.4	129.4
254	25    	117.36 	95.2 	127.2
255	25    	114.84 	98.6 	129.4
256	25    	116.696	105.8	128.2
257	25    	116.912	103.2	128.8
258	25    	118.112	108.2	131.8
259	25    	114.208	95.6 	124.6
260	25    	119.16 	107.4	132  
261	25    	116.824	105.6	130.4
262	25    	114.552	102.4	128.4
263	25    	118.416	107  	136.2
264	25    	114.888	96.8 	132  
265	25    	117.384	101.2	136.2
266	25    	114.608	101.4	133.2
267	25    	116.136	104  	130.6
268	25    	114.392	100.6	129.2
269	25    	115.008	104.4	133.2
270	25    	116.104	94.2 	127  
271	25    	117.088	103.8	133.2
272	25    	114.8  	99.2 	128.4
273	25    	115.68 	104.8	128  
274	25    	115.056	99.4 	127.2
275	25    	116.312	100.6	130.6
276	25    	113.96 	99.6 	124.4
277	25    	115.832	101.8	128.8
278	25    	115.6  	98   	130.2
279	25    	115.368	103.8	131  
280	25    	113.512	101  	123.6
281	25    	117.264	105.4	129  
282	25    	114.768	100  	122  
283	25    	112.56 	97.8 	128.6
284	25    	116.464	102.4	137.6
285	25    	113.76 	102.4	129.6
286	25    	113.328	98.4 	129.4
287	25    	115.264	102.4	127.2
288	25    	114.824	106  	124.4
289	25    	116.672	105  	129.4
290	25    	116.072	103.8	127.6
291	25    	117.344	104  	138.8
292	25    	114.6  	104.2	130.2
293	25    	116.28 	102.6	130.6
294	25    	115.728	99.4 	130.4
295	25    	113.76 	100.2	128.4
296	25    	117.368	104.8	131.4
297	25    	117.088	105.6	130.8
298	25    	117.176	100.2	131.2
299	25    	113.96 	100.8	129.8
300	25    	115.968	101.6	137.6
301	25    	117.936	105.6	129  
302	25    	118.472	101.6	132.8
303	25    	115.952	98.6 	130  
304	25    	117.848	99.2 	134.4
305	25    	117.792	109.2	139.2
306	25    	119.384	103.6	135  
307	25    	117.344	94.2 	133.6
308	25    	118.848	107  	127.8
309	25    	115.448	100  	129.4
310	25    	117.376	102.6	135.8
311	25    	117.976	103.8	134.2
312	25    	116.528	103.8	131.2
313	25    	117.28 	104.6	137.2
314	25    	114.824	103.2	127.4
315	25    	118.048	102  	134.2
316	25    	113.976	97.4 	128  
317	25    	114.392	98.4 	130.6
318	25    	115.08 	100.2	135  
319	25    	113.992	100.6	125.6
320	25    	115.888	104  	132.6
321	25    	114.032	91.6 	130.4
322	25    	115.4  	105.2	126.8
323	25    	115.144	104.8	134.8
324	25    	114.44 	99.2 	128.6
325	25    	112.256	99   	130  
326	25    	114.16 	99.6 	131.4
327	25    	115.664	104.4	128.4
328	25    	115.736	98   	133.6
329	25    	116.12 	100.8	137.4
330	25    	115.152	92.4 	128.2
331	25    	118.816	102.4	135.2
332	25    	115.992	105.8	124.8
333	25    	114.12 	96.8 	131.8
334	25    	118.544	101  	137.2
335	25    	116.208	102.2	132.8
336	25    	112.128	97.6 	129.4
337	25    	117.232	93   	131  
338	25    	116.832	104.6	131.2
339	25    	113.784	97.2 	126.2
340	25    	117.424	105.4	131  
341	25    	115.104	99.2 	126.6
342	25    	117.024	105.4	128  
343	25    	119.704	104.8	134.2
344	25    	119.368	101.2	131.6
345	25    	112.824	98.8 	123  
346	25    	117.832	103.2	133.8
347	25    	115.96 	105.8	127.2
348	25    	118.96 	101.2	133.4
349	25    	115.08 	97.8 	128  
350	25    	116.384	105  	133.4
351	25    	117.464	101.4	129.8
352	25    	114.504	101.8	125.2
353	25    	116.792	100.8	135.6
354	25    	116.656	102  	126.2
355	25    	115.688	103  	125  
356	25    	117.848	103  	132.4
357	25    	116.224	103.2	125.6
358	25    	117.968	109  	131.8
359	25    	115.928	100  	134  
360	25    	116.448	93.6 	134.6
361	25    	117    	102.4	134  
362	25    	117.376	107.6	134.6
363	25    	116.208	101  	128.6
364	25    	116.768	100.2	128.6
365	25    	116.76 	96.4 	131.4
366	25    	116.216	105.6	136.6
367	25    	119.04 	104.6	133.4
368	25    	116.656	101.8	129.2
369	25    	117.848	103.4	130.8
370	25    	117.224	102.4	134.4
371	25    	114.992	103  	129.6
372	25    	113.688	104.4	128.8
373	25    	115.688	104.2	132  
374	25    	117.448	96.4 	131.8
375	25    	115.848	102.2	134  
376	25    	114.576	106.2	134.4
377	25    	115.664	91.6 	131  
378	25    	116.736	94.4 	133.2
379	25    	115.344	102.8	122.2
380	25    	114.64 	88   	127.2
381	25    	117.816	104.8	130  
382	25    	117.056	97.6 	129.2
383	25    	113.248	98.4 	133  
384	25    	117.696	94.4 	130  
385	25    	118.616	101.4	132.2
386	25    	115.032	100.4	134.6
387	25    	116.96 	101  	133.8
388	25    	119.208	96.6 	135.2
389	25    	117.112	104.4	145.8
390	25    	114.768	100.6	131.4
391	25    	115.368	100.6	128  
392	25    	117.224	103.8	132.6
393	25    	113.552	101  	134.2
394	25    	119.952	107.8	132.6
395	25    	117.248	106  	132  
396	25    	114.056	95.2 	129.6
397	25    	116.096	98.6 	133  
398	25    	117.016	103  	129.8
399	25    	115.24 	102  	124.6
400	25    	117.12 	107.2	137.4
401	25    	117.72 	104.4	128  
402	25    	117.632	105.4	129.6
403	25    	116.368	102  	130.8
404	25    	117.352	106  	131.6
405	25    	116.768	104.2	127.6
406	25    	116.712	105.4	128.8
407	25    	119.224	99.4 	130.8
408	25    	117.48 	103.6	129.8
409	25    	119.76 	109.6	137.2
410	25    	116.552	101  	137.8
411	25    	115.264	99.8 	133.4
412	25    	117.392	103.8	130.8
413	25    	118.016	94.8 	126.4
414	25    	117.896	107.2	132.4
415	25    	116    	104.4	129.8
416	25    	115.296	107.4	133.4
417	25    	120.432	100.6	136.6
418	25    	120.76 	110.2	134.2
419	25    	117.704	105.2	132.6
420	25    	120.12 	109.4	133.2
421	25    	117.888	108.2	133.8
422	25    	117.432	105.6	130.8
423	25    	116.6  	105  	128.8
424	25    	117.272	103.4	125.8
425	25    	118.256	103.8	128.8
426	25    	117.544	98.8 	134.6
427	25    	118.312	103.6	130.4
428	25    	118.416	105.4	130.4
429	25    	117.136	103.2	140  
430	25    	118.104	108.8	128.2
431	25    	117.056	99   	132.4
432	25    	115.92 	101  	132.4
433	25    	119.088	101.2	136.4
434	25    	117.312	105.2	138.8
435	25    	116.896	100.8	129.8
436	25    	118.216	108.2	134.4
437	25    	119.296	104.2	134.8
438	25    	115.112	99.6 	131.4
439	25    	117.184	106  	137.8
440	25    	117.864	108.2	134.6
441	25    	119.584	107.2	140.6
442	25    	120.632	91.8 	139.2
443	25    	115.752	99.4 	127  
444	25    	116.968	104  	140  
445	25    	119.848	109.2	137.2
446	25    	117.488	102.4	137.6
447	25    	116.792	100.6	131.8
448	25    	121.904	108  	150  
449	25    	119.656	102.6	143.8
450	25    	119.04 	103  	133  
451	25    	117.072	103.2	145.8
452	25    	118.104	107  	136.6
453	25    	120.144	106.8	134.2
454	25    	118.52 	105.2	131.8
455	25    	117.352	104.4	128  
456	25    	119.672	107.8	136.8
457	25    	119.208	103.4	134.2
458	25    	117.44 	110.2	126.2
459	25    	120.376	104.6	132.8
460	25    	116.92 	105  	128.2