gen	nevals	avg    	min   	max   
0  	50    	1623.79	529.2 	3918.4
1  	50    	2149.82	545.2 	3073.2
2  	50    	2299.9 	709.2 	3581.2
3  	50    	2401.89	720.4 	3298.4
4  	50    	2369.12	547.2 	3464  
5  	50    	2277.23	527.2 	3386  
6  	50    	2349.19	570   	3480  
7  	50    	2523.62	673.6 	4124  
8  	50    	2492.55	1782  	3752  
9  	50    	2373.57	578.4 	3247.2
10 	50    	2515.46	2016.8	3357.6
11 	50    	2565.1 	927.6 	3652.8
12 	50    	2384.01	1582.4	3009.2
13 	50    	2386.89	1508  	3262.4
14 	50    	2457.74	1630.8	3262.8
15 	50    	2570.3 	1749.2	3494  
16 	50    	2522.56	1695.2	3664.8
17 	50    	2515.26	689.6 	3894  
18 	50    	2438.83	744.8 	3300  
19 	50    	2481.24	708.8 	3375.6
20 	50    	2421.17	726.8 	3600.8
21 	50    	2545.62	1637.6	3527.2
22 	50    	2586.17	1604  	3768.4
23 	50    	2543.1 	1912.8	3467.6
24 	50    	2586.15	1841.6	3349.2
25 	50    	2494.85	1745.2	3110  
26 	50    	2600.97	1721.6	3982.8
27 	50    	2523.78	1771.2	3407.2
28 	50    	2596.9 	1793.6	3463.6
29 	50    	2373.93	628.8 	3120.8
30 	50    	2564.58	1690.4	3650.8
31 	50    	2540.62	1942.8	3436.8
32 	50    	2610.04	1658.4	3822  
33 	50    	2469.19	1863.2	3333.6
34 	50    	2612.82	1624.8	3430  
35 	50    	2501.82	1431.6	3190  
36 	50    	2535.76	1482.4	3492.8
37 	50    	2480.74	902   	3396  
38 	50    	2543.27	1966  	3462.4
39 	50    	2534.16	842.8 	3114.8
40 	50    	2563.77	1129.2	3606  
41 	50    	2401.78	1110  	3326.4
42 	50    	2551.46	1915.6	3799.2
43 	50    	2447.59	730   	3504  
44 	50    	2536.36	1764  	3464.4
45 	50    	2527.66	1779.6	3840.8
46 	50    	2509.65	1860.4	3232.8
47 	50    	2560.57	679.6 	3826  
48 	50    	2479.53	756   	3521.6
49 	50    	2559.5 	726.8 	3512.4
50 	50    	2517.87	1497.6	3333.2
51 	50    	2474.1 	1734.4	3262.4
52 	50    	2585.26	1891.2	3518  
53 	50    	2580.45	1785.6	3490.4
54 	50    	2478.44	684.8 	3332  
55 	50    	2556.93	1870.8	3477.6
56 	50    	2561.6 	1833.2	3362  
57 	50    	2571.17	1710  	3296.4
58 	50    	2632.47	1816.4	3932  
59 	50    	2510.25	1920.4	3426  
60 	50    	2456.1 	1789.6	3313.6
61 	50    	2575.1 	1806.4	3372.8
62 	50    	2555.85	2074.4	3481.2
63 	50    	2571.76	1712.8	3587.2
64 	50    	2475.5 	1615.6	3232.8
65 	50    	2495.38	1609.6	3298.4
66 	50    	2523.34	1574.8	3479.2
67 	50    	2624.02	1834  	3589.6
68 	50    	2497.67	1860.8	3428  
69 	50    	2601.5 	1874  	3473.6
70 	50    	2470.71	1783.2	3576  
71 	50    	2439.91	603.2 	3228.8
72 	50    	2565.7 	1683.2	3309.6
73 	50    	2604.53	1291.2	4117.2
74 	50    	2513.38	1706  	3578.4
75 	50    	2599.17	1834.4	3236.8
76 	50    	2560.36	1780  	3229.2
77 	50    	2500.55	1040  	3361.2
78 	50    	2530.16	1966  	3408  
79 	50    	2571.4 	1808  	3368.8
80 	50    	2544.75	1809.6	3840.8
81 	50    	2554.24	1497.6	3524.4
82 	50    	2535.58	1718  	3666  
83 	50    	2586.03	1893.2	3390  
84 	50    	2570.59	1613.6	3662  
85 	50    	2408.14	631.2 	3332  
86 	50    	2595.89	1971.6	3626.8
87 	50    	2508.68	1723.6	3518  
88 	50    	2466.18	1879.2	3386  
89 	50    	2546.28	603.2 	3438.8
90 	50    	2542.87	1800.8	3677.2
91 	50    	2482.68	774.4 	3179.2
92 	50    	2516.25	1769.6	3512.8
93 	50    	2527.22	1520.8	3353.2
94 	50    	2512.02	1548.4	3684  
95 	50    	2498.56	1650.4	3513.2
96 	50    	2479.5 	1456  	3398.4
97 	50    	2592.98	1751.6	3453.2
98 	50    	2570.51	1613.2	3283.2
99 	50    	2514.69	1675.6	3243.2
100	50    	2564.06	1558.8	3501.2
101	50    	2610.81	1828.4	3622.8
102	50    	2466.16	1712  	3452  
103	50    	2551.78	1835.6	3443.6
104	50    	2618.54	1748.8	3688.8
105	50    	2585.1 	1520.8	3488  
106	50    	2574.54	1834.4	3681.2
107	50    	2489.34	1782.8	3417.2
108	50    	2526.74	1745.2	3418.4
109	50    	2547.54	1658.8	3337.2
110	50    	2505.95	1821.2	3400.8
111	50    	2598.35	1747.2	3505.2
112	50    	2487.09	1683.6	3282.4
113	50    	2578.14	1772  	3509.2
114	50    	2474.43	1769.6	3086.8
115	50    	2538.88	1697.6	3256.4
116	50    	2543.15	1892  	3206  
117	50    	2416.74	1745.2	3271.2
118	50    	2531.33	847.6 	3775.2
119	50    	2530.67	793.6 	3381.6
120	50    	2536.57	1650  	3426  
121	50    	2595.58	1964.4	3643.6
122	50    	2496.42	733.2 	3652.4
123	50    	2568.62	1798.8	3608.8
124	50    	2521.1 	1462  	3667.2
125	50    	2516.33	1271.6	3364  
126	50    	2531.36	1835.2	3486.4
127	50    	2450.73	1380.4	3494.8
128	50    	2529.66	2035.2	3226  
129	50    	2564.31	1697.2	3643.6
130	50    	2589.82	1826  	3502.4
131	50    	2394.07	696.4 	3536.8
132	50    	2449.42	849.2 	3844.8
133	50    	2505.44	823.6 	3234.8
134	50    	2389.74	782.4 	3637.2
135	50    	2491.89	1883.2	3239.2
136	50    	2560.34	1818.4	3318.8
137	50    	2417.77	1650.4	4014.4
138	50    	2530.93	924   	3496.8
139	50    	2563.4 	1874.4	3547.2
140	50    	2616.6 	1922.8	3476  
141	50    	2644.18	1910.4	3697.2
142	50    	2518.02	1659.2	3354.8
143	50    	2473.23	751.6 	3900  
144	50    	2453.86	475.6 	3370  
145	50    	2533.99	1859.6	3270  
146	50    	2467.43	1927.6	3314.8
147	50    	2472.77	1438  	3899.2
148	50    	2555.83	1870  	3770.8
149	50    	2497.73	1808  	3375.6
150	50    	2544.35	1985.6	3894.4
151	50    	2516.67	892.8 	3432.4
152	50    	2488.89	1860.4	3540.8
153	50    	2580.19	1690.8	3554.8
154	50    	2538.64	1779.2	3589.6
155	50    	2521.16	1732  	3414.8
156	50    	2454.85	548   	3453.6
157	50    	2438.28	762   	3296.8
158	50    	2442.02	1857.2	3277.6
159	50    	2452.58	740.8 	3715.6
160	50    	2584.07	1875.6	3592  
161	50    	2519.38	740   	3413.6
162	50    	2589.02	1786  	3578.4
163	50    	2520.09	1797.2	3327.6
164	50    	2569.78	1807.2	3380  
165	50    	2509.34	1678  	3221.6
166	50    	2448.75	1511.6	3650  
167	50    	2437.23	674.8 	3108.4
168	50    	2483.42	1866.8	3522.4
169	50    	2587.54	757.2 	4119.2
170	50    	2477.82	1819.2	3264  
171	50    	2398.13	646.4 	3334.8
172	50    	2677.93	1632  	3604  
173	50    	2624   	908   	3554.4
174	50    	2547.68	1583.6	3774.4
175	50    	2473.28	1588.8	3233.2
176	50    	2484.12	1600.4	3312.8
177	50    	2483.97	1896  	3322.4
178	50    	2553.59	1826.4	3450.4
179	50    	2451.27	1764  	3433.6
180	50    	2485.25	1736.4	3213.6
181	50    	2568.22	1700.8	3472.4
182	50    	2612.82	1818.4	3646.4
183	50    	2534.1 	1538.4	3646.4
184	50    	2567.53	1759.6	3500.4
185	50    	2448.73	1523.2	3250.4
186	50    	2448.11	758   	3306.8
187	50    	2524.24	1705.2	3444  
188	50    	2633.23	2037.6	3366.8
189	50    	2424.44	1667.6	3281.6
190	50    	2561.52	650.4 	3436.8
191	50    	2364.29	852.4 	3127.6
192	50    	2514.21	1027.2	3426  
193	50    	2397.45	724.4 	3451.6
194	50    	2532.66	994.4 	3262  
195	50    	2525.54	1694.4	3429.2
196	50    	2377.27	594   	3315.2
197	50    	2566.59	1802.8	3373.6
198	50    	2556.98	1792  	3444  
199	50    	2489.24	1665.6	3506.8
200	50    	2614.59	1870.8	3604.8
201	50    	2530.46	1924.4	3562.4
202	50    	2651.42	1927.2	3545.6
203	50    	2469.52	980   	3423.2
204	50    	2485.04	848.4 	3383.6
205	50    	2530.01	1626.8	3569.2
206	50    	2523.92	1524  	3355.2
207	50    	2462.8 	1066.8	3076  
208	50    	2567.47	1156.8	3405.6
209	50    	2560   	613.2 	3382.8
210	50    	2598.56	1830  	3699.2
211	50    	2533.36	1835.2	3197.2
212	50    	2511.31	747.2 	3785.2
213	50    	2456.16	1184.8	3198.8
214	50    	2544.83	1605.6	3494.4
215	50    	2562.18	1625.2	3724  
216	50    	2493.04	1864.4	3572.4
217	50    	2543.78	1609.6	3226.8
218	50    	2548.51	1698.8	3263.6
219	50    	2617.82	2092.4	3316  
220	50    	2370.7 	1047.2	3026.8
221	50    	2465.21	1685.6	3878  
222	50    	2407.23	939.6 	3188.4
223	50    	2543.51	1774.4	3395.2
224	50    	2514.38	1876.8	3606  
225	50    	2649.03	2020  	3421.2
226	50    	2525.5 	1799.6	3424  
227	50    	2522.22	657.2 	3553.6
228	50    	2641.22	598.4 	4054.4
229	50    	2485.14	709.6 	3884.8
230	50    	2607.36	837.6 	5104.8
231	50    	2473.79	479.2 	3260.8
232	50    	2588.58	1747.2	3466.4
233	50    	2546.02	993.6 	4240.4
234	50    	2582.31	1421.2	4358.8
235	50    	2548.43	1528  	3796  
236	50    	2602.6 	1836.4	3586.4
237	50    	2638.14	658   	4100  
238	50    	2571.61	1676.4	3881.6
239	50    	2614.84	1730.4	3428  
240	50    	2628.38	958   	4521.6
241	50    	2632.79	1870  	4514.4
242	50    	2566.74	1890.8	3648  
243	50    	2561.66	1927.6	3375.6
244	50    	2518.7 	1610.4	3792.4
245	50    	2467.58	1702.8	3557.6
246	50    	2440.8 	1832.8	3406.4
247	50    	2663.23	1871.2	3554  
248	50    	2541.18	1572.8	3707.2
249	50    	2508.38	1591.6	3535.6
250	50    	2527.9 	1643.2	3567.6
251	50    	2673.83	1747.2	3327.6
252	50    	2538.22	1786.4	3628.4
253	50    	2570.78	572.4 	4353.2
254	50    	2656.29	694.8 	4226.4
255	50    	2674.08	1646  	3790  
256	50    	2687.19	1714.4	4590.4
257	50    	2759.78	1712.8	4462.8
258	50    	2743.77	1552  	4057.2
259	50    	2559.1 	1786  	3464  
260	50    	2956.75	1974.4	4606  
261	50    	2766.48	1737.6	4522.8
262	50    	2824.52	1964.4	4255.6
263	50    	2747.66	1753.2	4069.2
264	50    	2919.01	2021.2	4823.6
265	50    	3046.76	2129.6	4626  
266	50    	3077.89	1731.2	4846.4
267	50    	3077.81	1856  	4808.4
268	50    	3094.98	1888  	4642.4
269	50    	3104.45	2192  	4670  
270	50    	3006.86	755.2 	4657.6
271	50    	3192.85	1835.2	4790  
272	50    	3101.82	2259.6	4310.8
273	50    	3224.85	1872  	5225.6
274	50    	3394.83	1790.8	4925.6
275	50    	3303.31	1990.4	4430.4
276	50    	3042.66	1981.2	4341.6
277	50    	3304.5 	1796.8	4702.4
278	50    	3330.61	1818.8	4739.6
279	50    	3415.48	869.2 	5025.6
280	50    	3390.82	2212.4	4734.8
281	50    	3424.9 	635.6 	5168.4
282	50    	3290.25	616.8 	4749.6
283	50    	3540.71	2229.6	4841.6
284	50    	3555.42	1886.8	5055.6
285	50    	3372.2 	2036  	5295.6
286	50    	3387.62	1872.8	4702  
287	50    	3431.14	1806  	5202.8
288	50    	3567.2 	2054.4	5815.6
289	50    	3416.34	716   	4830  
290	50    	3407.42	2183.2	5135.2
291	50    	3522.22	1694  	4840.8
292	50    	3451.24	1830.8	4827.2
293	50    	3355.3 	2227.2	5430.8
294	50    	3388.59	2383.2	5578.8
295	50    	3645.5 	1906.4	4935.2
296	50    	3573.47	1887.6	4906.8
297	50    	3383.64	1870  	4282  
298	50    	3439.85	2419.2	4789.2
299	50    	3424.7 	1926.4	4892  
300	50    	3311.09	1808  	4448.8
301	50    	3337.67	1723.2	5334.8
302	50    	3379.48	1641.6	5461.2
303	50    	3416.18	1770.8	5882.4
304	50    	3596.62	2309.2	5557.6
305	50    	3347.37	837.6 	4680.8
306	50    	3420.06	2256.8	4829.6
307	50    	3522.07	1665.6	5033.6
308	50    	3433.24	711.6 	5034.4
309	50    	3449.01	1757.2	4820.4
310	50    	3497.85	2237.6	4821.6
311	50    	3398.93	1986.8	4492.4
312	50    	3334.35	2107.6	5488.8
313	50    	3482.6 	2021.2	4877.6
314	50    	3397.8 	2232  	5286.8
315	50    	3135.06	1853.2	4362.4
316	50    	3419.45	1569.6	4622  
317	50    	3534.2 	1654  	5191.6
318	50    	3344.34	2253.2	4418.4
319	50    	3384.03	2274.4	5007.6
320	50    	3324.04	2150.4	4676  
321	50    	3458.09	2232  	5589.2
322	50    	3441.34	680.4 	4810.4
323	50    	3402   	2325.6	4460.8
324	50    	3398.46	2131.6	4700.4
325	50    	3353.13	1907.6	4542  
326	50    	3501.18	2512  	4997.6
327	50    	3358.24	2134.8	5280.8
328	50    	3443.5 	2204.4	5089.2
329	50    	3363.34	2158.4	5219.2
330	50    	3304.38	1923.2	4966.4
331	50    	3250.05	2043.6	4883.6
332	50    	3428.02	1933.2	5422.4
333	50    	3491.3 	2152.4	4958.8
334	50    	3404.55	2055.2	5066.8
335	50    	3334.1 	2012  	5122  
336	50    	3421.5 	2111.2	4941.2
337	50    	3443.28	2130.8	4770.8
338	50    	3444.54	1967.6	4917.2
339	50    	3419.53	2004.8	5563.6
340	50    	3520.02	2321.6	5581.2
341	50    	3496.08	1950.4	4755.6
342	50    	3311.23	1580  	4757.2
343	50    	3337.25	2040.4	4821.6
344	50    	3388.91	2286  	4617.2
345	50    	3362.84	638   	6044.4
346	50    	3315.51	1437.6	5532.4
347	50    	3513.25	2346.4	5340.4
348	50    	3312.27	1636.8	4694.8
349	50    	3533.03	2180.8	4929.2
350	50    	3459.05	956.4 	4906.8
351	50    	3394.96	957.2 	4478.4
352	50    	3397.66	2040.8	4472.8
353	50    	3448.3 	1870  	6246.4
354	50    	3228.58	1889.2	4650.8
355	50    	3446.39	1901.2	4736.8
356	50    	3431.12	1750.4	4775.2
357	50    	3496.7 	1869.6	5007.2
358	50    	3594.58	1984.8	4925.6
359	50    	3471.77	2377.2	4749.6
360	50    	3513.98	1980.4	4830.4
361	50    	3465.67	1945.2	5616  
362	50    	3542.52	2036.8	5356.4
363	50    	3406.36	1900.8	4759.6
364	50    	3541.89	1744  	5200.8
365	50    	3439.6 	1881.6	5078  
366	50    	3671.14	2223.2	4997.6
367	50    	3541.14	2036  	5275.6
368	50    	3481.08	1870  	4995.2
369	50    	3361.27	2061.2	4365.6
370	50    	3543.05	2496.4	4818.8
371	50    	3533.47	1968.8	5443.2
372	50    	3451.78	2440  	5784.4
373	50    	3604.74	1964.8	4522  
374	50    	3532.27	2497.6	5956.4
375	50    	3302.32	609.2 	5178.8
376	50    	3399.87	2018.4	4797.2
377	50    	3411.08	1456  	5359.6
378	50    	3415.38	2055.6	5429.6
379	50    	3599.58	2015.6	5244.4
380	50    	3407.25	2054.4	5510.8
381	50    	3374.02	1911.6	5499.6
382	50    	3648.38	2544.4	5177.6
383	50    	3414.02	2221.6	5497.6
384	50    	3382.68	2059.6	5355.2
385	50    	3407.23	2121.2	4722.4
386	50    	3428.64	2231.6	5393.6
387	50    	3520.42	2187.2	5495.2
388	50    	3519.46	747.2 	4747.2
389	50    	3636.72	1900.8	5430.8
390	50    	3321.47	2079.2	4628  
391	50    	3381.21	2264.4	5121.6
392	50    	3357.58	1940.8	5285.6
393	50    	3402.6 	1926.8	5050.4
394	50    	3391.58	2015.2	5342.8
395	50    	3678.82	1946.4	5831.6
396	50    	3646.06	2070  	5196  
397	50    	3404.1 	2140  	5301.2
398	50    	3405.7 	843.2 	4955.6
399	50    	3371.33	1728.4	5388.4
400	50    	3297.73	2040.8	6216  
401	50    	3378.3 	812.8 	4930.4
402	50    	3372.76	2318  	5313.2
403	50    	3532.1 	1781.2	4834.8
404	50    	3333.14	1652  	5178.8
405	50    	3361.62	2002.8	4881.6
406	50    	3524.58	2408  	4812.8
407	50    	3512.78	2343.2	6083.6
408	50    	3291.95	1870  	4227.6
409	50    	3393.7 	1771.6	5370.8
410	50    	3376   	2216.8	4720.4
411	50    	3358.38	1950.8	4377.6
412	50    	3284.51	2040.4	4962.4
413	50    	3484.95	1921.2	5012  
414	50    	3450.02	1898.4	5204  
415	50    	3478.18	1788.4	5267.6
416	50    	3517.32	2569.6	5151.6
417	50    	3416.43	2318.4	4880.4
418	50    	3441.96	2242.4	5710.8
419	50    	3323.46	1887.2	5327.6
420	50    	3355.55	2228  	4904  
421	50    	3430.26	2099.6	5165.6
422	50    	3583.24	1390.4	5038.8
423	50    	3435.62	889.2 	5129.2
424	50    	3348.77	1587.6	4759.6
425	50    	3410.86	1883.6	4770.4
426	50    	3474.21	2191.2	5155.2
427	50    	3412.17	1989.6	4708.4
428	50    	3530.96	1944.8	5355.6
429	50    	3384.02	2118.8	5568.4
430	50    	3280.86	1556  	4607.2
431	50    	3561.74	2103.2	5878  
432	50    	3478.38	2187.6	4488.8
433	50    	3483.84	1825.6	6128.4
434	50    	3406.11	678.4 	5182.8
435	50    	3646.98	2426.4	5223.6
436	50    	3448.12	1904  	4616.8
437	50    	3422.86	2070.8	4902.8
438	50    	3429.93	1590.8	5258.8
439	50    	3381.92	2198.8	5978.8
440	50    	3295.31	1990.8	4588  
441	50    	3692.99	2598.4	4771.2
442	50    	3378.41	2072  	5394.8
443	50    	3385.23	1784.8	4452.8
444	50    	3320.63	1751.6	5065.2
445	50    	3582.51	515.2 	4731.2
446	50    	3229.65	1927.2	4732.4
447	50    	3393.4 	921.2 	5011.2
448	50    	3466.98	2061.2	4859.6
449	50    	3605.36	2380.8	5449.6
450	50    	3531.08	1937.2	5028  
451	50    	3430.09	1980  	4846  
452	50    	3524.91	2152.8	5446.4
453	50    	3519.6 	2193.6	4734  
454	50    	3297.32	1956.8	5252.8
455	50    	3486.74	2294.8	5660  
456	50    	3340.87	2135.2	5165.6
457	50    	3359.16	1857.6	4908.4
458	50    	3415.76	1592  	5078  
459	50    	3390.5 	1858.8	4971.2
460	50    	3353.98	2230.4	4890  
461	50    	3471.81	792.8 	5185.2
462	50    	3541.22	2191.2	4889.2
463	50    	3277.57	1997.6	4725.2
464	50    	3487.44	2043.6	4835.2
465	50    	3322.1 	1064.4	5611.6
466	50    	3465.74	2224.8	4698  
467	50    	3514.5 	2126.4	5198.8
468	50    	3682.91	2674  	5166.8
469	50    	3523.31	2233.2	4865.2
470	50    	3285.26	1860.8	4804.8
471	50    	3460.28	2192  	4715.2
472	50    	3530.05	2145.6	5355.6
473	50    	3554.78	1938.4	4638  
474	50    	3390.65	1908  	4573.6
475	50    	3581.62	1887.2	4901.2
476	50    	3432.33	1957.6	5578.8
477	50    	3500.05	2116.8	4941.2
478	50    	3493.72	598   	5193.2
479	50    	3481.82	1996.8	5208.8
480	50    	3348.37	2292  	4730.4
481	50    	3483.06	2242.8	4730.8
482	50    	3410.69	2069.2	4952  
483	50    	3366.65	2057.6	5278  
484	50    	3439.47	1992.8	4615.6
485	50    	3480.21	2052.8	5114.4
486	50    	3471.98	2086  	5510.4
487	50    	3251.15	2070.4	4999.2
488	50    	3552.74	2104  	5616.4
489	50    	3438.78	2236.8	5372.8
490	50    	3180.88	1597.2	4908  
491	50    	3482.9 	2448  	5296.4
492	50    	3426.99	1887.6	5278  
493	50    	3421.38	2224.4	4446.8
494	50    	3418.1 	2233.2	5160.4
495	50    	3210.25	1974.4	4604  
496	50    	3357.74	878.4 	4410  
497	50    	3466.47	2284.4	5264.8
498	50    	3469.44	1694.4	4960  
499	50    	3471.55	770.4 	4876  
500	50    	3440.1 	1908.4	4970.8
501	50    	3645.54	2321.6	5240.4
502	50    	3494.46	2105.2	5382.8
503	50    	3597.17	2456.4	4994.8
504	50    	3558.27	480.4 	5235.2
505	50    	3361.04	2061.2	4995.6
506	50    	3459.63	2400  	4803.2
507	50    	3450.38	1646.4	4891.6
508	50    	3515.04	2222.8	5241.6
509	50    	3317.25	1888.8	5498  
510	50    	3464.86	2181.2	4752.4
511	50    	3559.46	2045.6	5070.4
512	50    	3494.59	1885.6	4669.2
513	50    	3706.13	2464.8	5085.2
514	50    	3528.21	2400.8	4976.8
515	50    	3484.02	2069.6	5263.6
516	50    	3343.63	1968  	4701.6
517	50    	3270.81	2178  	5710.4
518	50    	3230.2 	2022.4	5286.4
519	50    	3307.14	1874.8	4354.8
520	50    	3371.65	2262  	4655.2
521	50    	3385.1 	1793.2	4392.4
522	50    	3450.24	2434  	4805.2
523	50    	3454.83	2225.2	4754  
524	50    	3421.6 	1803.2	5655.2
525	50    	3221.12	1918.8	4865.2
526	50    	3438.65	2448.4	4708.8
527	50    	3321.22	1904.8	4864  
528	50    	3236.59	949.2 	4546.4
529	50    	3379.13	1958.4	5028.8
530	50    	3284.9 	2126  	5015.6
531	50    	3496.94	2377.2	4988.4
532	50    	3673.11	2034.4	5314.8
533	50    	3523.66	1772.4	5376.4
534	50    	3336.62	2252.4	4799.2
535	50    	3448.26	664.4 	5461.2
536	50    	3296.93	617.2 	4292.8
537	50    	3425.14	2083.2	4896.4
538	50    	3220.19	1856.4	4803.6
539	50    	3339.05	2214.4	4979.2
540	50    	3502.76	2086  	4578.4
541	50    	3410.02	1586  	4874.8
542	50    	3315.71	2091.2	4848.8
543	50    	3531.64	2004.8	4722  
544	50    	3412.66	2010.4	5174  
545	50    	3324.67	1665.2	4489.2
546	50    	3489.49	2175.6	4803.6
547	50    	3465.98	2402  	4993.2
548	50    	3374.05	2253.2	4707.6
549	50    	3360.36	2057.2	4510  
550	50    	3435.49	1690.8	4698.4
551	50    	3603.37	2213.6	5088  
552	50    	3139.89	1953.6	4127.2
553	50    	3446.82	2004.8	4751.6
554	50    	3446.59	2130  	4670  
555	50    	3446.94	2282.4	4904  
556	50    	3683.65	1678  	5095.6
557	50    	3458.39	2374.8	5064  
558	50    	3432.21	1882  	5116.4
559	50    	3303.34	2238.8	5192  
560	50    	3375.38	1586  	4935.2
561	50    	3602.67	1978.4	4750.4
562	50    	3356.53	753.2 	5004.8
563	50    	3294.03	847.2 	4532  
564	50    	3292.43	2011.2	5046  
565	50    	3394.39	2214.8	5065.2
566	50    	3433.81	1911.2	4553.6
567	50    	3347.98	899.6 	4480  
568	50    	3407.26	1823.2	5589.2
569	50    	3263.51	929.6 	4512.8
570	50    	3396.03	1989.6	5126  
571	50    	3557.18	2139.6	5185.2
572	50    	3535.41	548.4 	4566.4
573	50    	3551.5 	2104.4	5449.6
574	50    	3499.7 	2034.4	5958.4
575	50    	3403.65	2006.8	4994.4
576	50    	3344.15	2030.4	4674.8
577	50    	3539.82	1820.4	5876.8
578	50    	3432.68	798.4 	4915.2
579	50    	3477.22	2288.4	4656  
580	50    	3335.99	1813.6	4708.8
581	50    	3346.38	1993.6	5281.2
582	50    	3663.74	2289.6	5098.4
583	50    	3492.75	1708.8	4985.2
584	50    	3495.16	2305.6	4597.6
585	50    	3493.18	1865.2	4862.8
586	50    	3513.07	1826.8	4824.8
587	50    	3641.2 	2137.2	5041.2
588	50    	3438.68	2044.4	4893.2
589	50    	3388.05	2014  	5284.8
590	50    	3508.04	1769.2	4879.6
591	50    	3503.31	2218.8	5504.8
592	50    	3531.6 	1848.4	4583.6
593	50    	3499.92	2240.8	4776.8
594	50    	3584.48	2178.4	5390.4
595	50    	3252.28	1738.4	4955.6
596	50    	3283.08	654   	4811.2
597	50    	3369.48	1628  	4670.4
598	50    	3396.21	1920.4	4892.8
599	50    	3363.62	2199.2	4663.2
600	50    	3477.34	2227.2	4996  
601	50    	3315.74	948.8 	5542.4
602	50    	3340.19	1883.2	4889.6
603	50    	3460.1 	2016.8	4610.8
604	50    	3332.26	786   	5125.6
605	50    	3392.6 	1968  	4915.2
606	50    	3484.7 	1493.6	4919.2
607	50    	3395.31	2144.4	5726  
608	50    	3365.82	1890.8	5218.4
609	50    	3654.12	2154  	4901.2
610	50    	3187.28	984.8 	4932.8
611	50    	3655.25	2066.8	6230  
612	50    	3499.26	2000.8	5095.2
613	50    	3519.94	1843.6	4948  
614	50    	3343.77	1970.8	5014  
615	50    	3418.83	1808.4	5446.4
616	50    	3459.98	2263.2	6360  
617	50    	3419.53	2164  	5034  
618	50    	3434.12	2336.8	4859.6
619	50    	3518.34	2467.6	4936.4
620	50    	3416.24	2165.2	5158.8
621	50    	3450.04	2038.8	5820  
622	50    	3455.58	2064.8	4486.4
623	50    	3575.64	2019.6	4770.4
624	50    	3663.95	2474.4	5592  
625	50    	3374.93	2165.2	5299.2
626	50    	3481.06	2327.6	5044.8
627	50    	3357.98	1974.8	4696  
628	50    	3428.57	2047.6	5293.6
629	50    	3359.68	2215.2	5424  
630	50    	3535.2 	2183.2	6246.4
631	50    	3537.74	1955.2	4738  
632	50    	3406.73	2176.8	4783.2
633	50    	3350.98	2155.6	4987.2
634	50    	3428.15	814.8 	4768.4
635	50    	3478.71	1892  	5529.2
636	50    	3587.14	1910.4	4855.6
637	50    	3547.22	1906  	5237.6
638	50    	3441.58	1908  	4520.4
639	50    	3418.9 	2160.4	5172.8
640	50    	3238.1 	646   	4730  
641	50    	3381.99	2040.4	4814.4
642	50    	3294.09	898.4 	4544.4
643	50    	3298.36	1822.4	4633.2
644	50    	3400.15	1815.2	4620  
645	50    	3299.69	2024.8	4936.4
646	50    	3522.98	2031.2	5093.2
647	50    	3357.67	2165.2	5024.8
648	50    	3555.78	1996  	5638  
649	50    	3296.82	689.6 	4797.2
650	50    	3573.09	2182.4	5015.6
651	50    	3424.61	2254.8	4754.8
652	50    	3370.25	1974  	4572  
653	50    	3381.8 	2280  	4964.4
654	50    	3392.38	2092.4	5064  
655	50    	3445.47	2144  	4696.8
656	50    	3411.74	744   	5558.4
657	50    	3454.45	2229.2	4858  
658	50    	3369.38	805.2 	4887.2
659	50    	3462.18	2101.2	4772.4
660	50    	3437.86	2136.4	4915.2
661	50    	3252.03	2076  	4551.6
662	50    	3224.14	1868.8	4647.2
663	50    	3386.77	1736.4	4805.6
664	50    	3305.09	778.8 	5554.4
665	50    	3525.19	1521.6	4876.8
666	50    	3355.22	1825.6	4417.6
667	50    	3413.22	2036  	5139.2
668	50    	3443.76	2066.4	5097.2
669	50    	3294.46	1696.8	5675.6
670	50    	3452.42	1981.6	4610.8
671	50    	3238.51	778.8 	4317.6
672	50    	3528.01	1988.8	4984.4
673	50    	3456.02	2420.4	4588  
674	50    	3564.38	2219.2	5120.4
675	50    	3437.93	1909.6	5293.6
676	50    	3350.78	1952.8	4747.2
677	50    	3456.72	2190.8	4960.8
678	50    	3371.45	1724.8	4998.4
679	50    	3399.02	1095.6	5241.6
680	50    	3354.74	850.4 	4504  
681	50    	3616.63	2067.6	5542.4
682	50    	3423.3 	2000  	5173.2
683	50    	3262.53	1946.8	4661.2
684	50    	3346.44	1214.4	4434  
685	50    	3364.49	1741.6	4960  
686	50    	3387.5 	1880.4	5185.2
687	50    	3608.25	2129.6	5004.8
688	50    	3529.03	2348.4	5417.2
689	50    	3362.77	859.6 	5315.6
690	50    	3466.88	2222.8	5146  
691	50    	3301.94	1845.2	4869.6
692	50    	3306.3 	1702.8	4884.4
693	50    	3495.35	2404.8	4900.8
694	50    	3445.42	2073.6	4834.4
695	50    	3428.48	2075.6	4519.2
696	50    	3616.38	2388.4	4964.4
697	50    	3506.62	1670  	5090  
698	50    	3397.96	2060.8	4786  
699	50    	3491.62	1793.6	4806  
700	50    	3405.81	1887.2	4712.4
701	50    	3507.5 	2230  	5798.8
702	50    	3545.5 	2084  	5126.8
703	50    	3341.66	1917.6	4847.2
704	50    	3557.67	2438.4	5510.4
705	50    	3481.94	1716  	4980.8
706	50    	3287.56	2028  	4554  
707	50    	3234.82	1870  	4610.8
708	50    	3342.87	1818  	4862.4
709	50    	3425.1 	1850.8	4825.6
710	50    	3359.34	1915.2	5312  
711	50    	3327.99	798   	5095.6
712	50    	3442.38	2052  	4764.4
713	50    	3388.41	1887.2	5066.4
714	50    	3289.62	1906  	4606.8
715	50    	3432.27	2539.2	4873.6
716	50    	3440.09	2034.8	5438  
717	50    	3405.28	2205.6	4875.2
718	50    	3401.85	1925.2	4994.8
719	50    	3370.06	1900.4	4521.2
720	50    	3291.49	2114.4	4455.2
721	50    	3599.74	2567.6	4874.8
722	50    	3295.62	1238.4	4758.4
723	50    	3481.44	2141.2	4860.4
724	50    	3538.61	2263.6	4926  
725	50    	3584.4 	1933.6	5025.2
726	50    	3434.76	2311.2	5117.2
727	50    	3338.4 	791.6 	4554.4
728	50    	3531.1 	2064.4	4698.8
729	50    	3495.66	2072  	5970.8
730	50    	3474.98	2086.4	5182.4
731	50    	3371.06	2014  	4549.6
732	50    	3533.53	2243.6	5290.8
733	50    	3496.89	2482  	5388.4
734	50    	3409.14	1788.4	5038.8
735	50    	3558.13	2258.4	5196  
736	50    	3410.74	1939.2	5115.2
737	50    	3456.88	2118  	4817.6
738	50    	3423.65	2260  	4596  
739	50    	3329.52	677.2 	4877.6
740	50    	3292.66	702.8 	5025.2
741	50    	3378.44	2008  	5417.2
742	50    	3414.28	2201.6	5253.6
743	50    	3413.43	2166.8	4918.8
744	50    	3490.49	1992.8	5209.6
745	50    	3422.92	2202.4	5020.8
746	50    	3462.79	2185.2	4989.6
747	50    	3368.11	1086.8	5568.4
748	50    	3544.18	2270.8	5182.4
749	50    	3433.52	1709.6	4978.8
750	50    	3425.3 	1993.6	5056.4
751	50    	3367.73	822   	5461.2
752	50    	3440.04	2067.6	5110.8
753	50    	3368.67	1845.6	4846.8
754	50    	3453.68	2000.8	5191.2
755	50    	3406.57	824.8 	5067.2
756	50    	3420.21	2038  	5033.6
757	50    	3458.1 	2097.6	4615.6
758	50    	3546.84	2348  	5155.2
759	50    	3329.93	2128.4	4950.4
760	50    	3360.86	1783.2	5004.8
761	50    	3443.63	1927.6	5710.4
762	50    	3394.16	2072.8	5179.6
763	50    	3352.95	1714.8	4919.2
764	50    	3393.24	1858.4	5545.6
765	50    	3436.91	2049.6	5843.2
766	50    	3349.86	2232.4	4608.4
767	50    	3280.68	2142  	4865.2
768	50    	3306.64	1944.4	4774  
769	50    	3540.41	1907.6	5034  
770	50    	3354.81	1896.4	5710.4
771	50    	3345.03	2233.6	4958  
772	50    	3344.27	629.6 	5267.6
773	50    	3512.73	2116  	4960  
774	50    	3458.66	2162.8	5154  
775	50    	3577.16	2213.2	5335.6
776	50    	3458.34	1840  	4778.4
777	50    	3390.37	2000  	4517.2
778	50    	3423.56	2108.8	4654  
779	50    	3380.58	1786  	4520  
780	50    	3226.03	992   	4646.4
781	50    	3353.94	1626.8	4998.4
782	50    	3440.83	2162  	5594.4
783	50    	3401.39	2330.8	5215.6
784	50    	3574.69	1839.2	5568.8
785	50    	3425.27	2301.6	4555.6
786	50    	3527.62	2118.4	4800.4
787	50    	3510.1 	2316.4	5876.8
788	50    	3278.42	1865.6	4580.8
789	50    	3426.7 	2060  	5134.4
790	50    	3406.11	2142.4	4700.4
791	50    	3520.5 	1642  	5593.6
792	50    	3394.45	2063.2	4637.6
793	50    	3358.42	820.8 	5382.8
794	50    	3304.49	2040.4	4253.6
795	50    	3293.05	777.2 	4748.4
796	50    	3456.82	1979.6	4686.8
797	50    	3511.32	684.8 	5694.8
798	50    	3396.11	2450.4	5182.8
799	50    	3360.94	2190  	4762.8
800	50    	3328.54	2353.2	4533.6
801	50    	3407.5 	2044  	5619.2
802	50    	3630.69	2164.8	5185.2
803	50    	3556.15	1816  	5497.2
804	50    	3436.15	2088.8	4989.6
805	50    	3547.32	2067.6	4981.2
806	50    	3437.83	1984  	5251.6
807	50    	3344.18	2122.4	4878  
808	50    	3379.53	2252.4	5160.4
809	50    	3503.6 	1797.6	4771.2
810	50    	3581.94	758.8 	5752.8
811	50    	3484.37	802.4 	4803.2
812	50    	3298.88	1695.6	4632.8
813	50    	3543.02	2244.8	4643.6
814	50    	3444.4 	1866.8	4637.2
815	50    	3453.36	2260  	5783.6
816	50    	3496.34	1990  	4966.8
817	50    	3370.91	2342.8	5876.8
818	50    	3408.72	2274.8	5330.4
819	50    	3396.25	1754  	4783.2
820	50    	3515.31	2103.2	5040  
821	50    	3264.88	1728  	4452.4
822	50    	3389.95	2156.4	4847.6
823	50    	3369   	2046.4	4753.2
824	50    	3486.17	1729.2	4968.8
825	50    	3555.26	2124.8	5235.6
826	50    	3537.01	2112.4	4550.8
827	50    	3443.76	1884  	5020.8
828	50    	3494.93	1872  	5050.8
829	50    	3494.09	2134  	5215.2
830	50    	3371.55	1889.6	5210.8