gen	nevals	avg      	min      	max     
0  	25    	0.0785312	0        	0.292969
1  	25    	0.138563 	0        	0.44375 
2  	25    	0.190781 	0        	0.450781
3  	25    	0.26775  	0        	0.48125 
4  	25    	0.349187 	0.132812 	0.557031
5  	25    	0.348656 	0.110156 	0.500781
6  	25    	0.393844 	0.203125 	0.564062
7  	25    	0.392031 	0.239844 	0.641406
8  	25    	0.385313 	0.257031 	0.56875 
9  	25    	0.368937 	0.0726563	0.523438
10 	25    	0.3605   	0.171094 	0.492188
11 	25    	0.405719 	0.278906 	0.549219
12 	25    	0.384969 	0.0859375	0.614062
13 	25    	0.408781 	0.279687 	0.5625  
14 	25    	0.418938 	0.284375 	0.640625
15 	25    	0.446469 	0.240625 	0.575   
16 	25    	0.416813 	0.277344 	0.635156
17 	25    	0.439281 	0.303125 	0.614844
18 	25    	0.413719 	0.248437 	0.625   
19 	25    	0.424313 	0.250781 	0.550781
20 	25    	0.445594 	0.320312 	0.624219
21 	25    	0.441094 	0.133594 	0.679688
22 	25    	0.442531 	0.298438 	0.713281
23 	25    	0.404844 	0.09375  	0.6125  
24 	25    	0.433469 	0.264844 	0.582812
25 	25    	0.42125  	0.172656 	0.619531
26 	25    	0.438156 	0.267969 	0.652344
27 	25    	0.438031 	0.284375 	0.684375
28 	25    	0.431625 	0.280469 	0.539062
29 	25    	0.461812 	0.301562 	0.729688
30 	25    	0.428781 	0.250781 	0.648438
31 	25    	0.433188 	0.302344 	0.672656
32 	25    	0.459281 	0.280469 	0.620313
33 	25    	0.43625  	0.265625 	0.577344
34 	25    	0.437437 	0.280469 	0.610937
35 	25    	0.435906 	0.289844 	0.610937
36 	25    	0.461438 	0.330469 	0.627344
37 	25    	0.452625 	0.266406 	0.689062
38 	25    	0.430812 	0.1875   	0.602344
39 	25    	0.413719 	0.229687 	0.545313
40 	25    	0.459125 	0.264062 	0.671875
41 	25    	0.426719 	0        	0.605469
42 	25    	0.440313 	0.280469 	0.635938
43 	25    	0.471438 	0.339844 	0.664844
44 	25    	0.454344 	0.282031 	0.692187
45 	25    	0.432344 	0.235938 	0.673437
46 	25    	0.428375 	0.283594 	0.575781
47 	25    	0.487656 	0.329688 	0.68125 
48 	25    	0.462719 	0.232031 	0.56875 
49 	25    	0.437875 	0.25625  	0.709375
50 	25    	0.453719 	0.289844 	0.583594
51 	25    	0.440187 	0.289062 	0.683594
52 	25    	0.443719 	0.270312 	0.620313
53 	25    	0.464781 	0.29375  	0.746094
54 	25    	0.427875 	0.244531 	0.580469
55 	25    	0.445594 	0.320312 	0.582812
56 	25    	0.425094 	0.291406 	0.592969
57 	25    	0.438344 	0.303906 	0.6875  
58 	25    	0.436281 	0.285156 	0.586719
59 	25    	0.404063 	0.217187 	0.492188
60 	25    	0.448531 	0.325781 	0.633594
61 	25    	0.464406 	0.267969 	0.617969
62 	25    	0.444938 	0.295312 	0.689844
63 	25    	0.436906 	0.305469 	0.616406
64 	25    	0.460156 	0.322656 	0.689062
65 	25    	0.454656 	0.29375  	0.651563
66 	25    	0.40975  	0.225781 	0.632812
67 	25    	0.42425  	0.292188 	0.575781
68 	25    	0.422094 	0.264062 	0.610937
69 	25    	0.441281 	0.282031 	0.596094
70 	25    	0.406188 	0.227344 	0.623438
71 	25    	0.439125 	0.286719 	0.759375
72 	25    	0.459781 	0.314063 	0.658594
73 	25    	0.43225  	0.267969 	0.585156
74 	25    	0.415625 	0.28125  	0.583594
75 	25    	0.42975  	0.289062 	0.603906
76 	25    	0.446031 	0.288281 	0.560156
77 	25    	0.455406 	0.31875  	0.65    
78 	25    	0.426031 	0.325781 	0.635156
79 	25    	0.450625 	0.30625  	0.670313
80 	25    	0.474844 	0.170312 	0.627344
81 	25    	0.467156 	0.304688 	0.60625 
82 	25    	0.453219 	0.311719 	0.598437
83 	25    	0.439375 	0.228125 	0.647656
84 	25    	0.462313 	0.25625  	0.636719
85 	25    	0.440406 	0.260938 	0.616406
86 	25    	0.433844 	0.252344 	0.538281
87 	25    	0.404531 	0.289062 	0.564062
88 	25    	0.425094 	0.275    	0.675   
89 	25    	0.459406 	0.29375  	0.642969
90 	25    	0.423469 	0.271875 	0.607031
91 	25    	0.446531 	0.324219 	0.564062
92 	25    	0.445187 	0.29375  	0.616406
93 	25    	0.45625  	0.260156 	0.655469
94 	25    	0.458625 	0.344531 	0.667969
95 	25    	0.442281 	0.275781 	0.711719
96 	25    	0.472656 	0.244531 	0.607031
97 	25    	0.439063 	0.303906 	0.660937
98 	25    	0.46675  	0.260938 	0.654688
99 	25    	0.428562 	0.260938 	0.620313
100	25    	0.436594 	0.290625 	0.628125
101	25    	0.455063 	0.183594 	0.600781
102	25    	0.429906 	0.242188 	0.68125 
103	25    	0.464969 	0.346875 	0.655469
104	25    	0.472312 	0.284375 	0.660156
105	25    	0.442187 	0.0304688	0.614062
106	25    	0.438188 	0.260156 	0.710938
107	25    	0.447656 	0.307813 	0.621094
108	25    	0.455312 	0.322656 	0.64375 
109	25    	0.444219 	0.289062 	0.794531
110	25    	0.47875  	0.273438 	0.64375 
111	25    	0.4785   	0.358594 	0.729688
112	25    	0.440375 	0.345313 	0.564062
113	25    	0.41925  	0.29375  	0.607813
114	25    	0.435094 	0.3125   	0.677344
115	25    	0.486812 	0.303906 	0.761719
116	25    	0.439625 	0.316406 	0.685938
117	25    	0.430594 	0.185937 	0.692187
118	25    	0.405719 	0.260156 	0.603906
119	25    	0.450906 	0.255469 	0.664844
120	25    	0.451281 	0.291406 	0.684375
121	25    	0.459563 	0.196875 	0.650781
122	25    	0.429094 	0.266406 	0.683594
123	25    	0.461    	0.333594 	0.64375 
124	25    	0.397594 	0.221875 	0.651563
125	25    	0.460906 	0.28125  	0.714063
126	25    	0.464063 	0.3      	0.670313
127	25    	0.428094 	0.260938 	0.55625 
128	25    	0.480344 	0.322656 	0.673437
129	25    	0.459188 	0.251563 	0.670313
130	25    	0.479062 	0.360938 	0.584375
131	25    	0.408406 	0.170312 	0.567969
132	25    	0.466656 	0.342187 	0.65    
133	25    	0.423094 	0.2875   	0.600781
134	25    	0.433063 	0.294531 	0.628906
135	25    	0.4615   	0.245312 	0.741406
136	25    	0.425094 	0.270312 	0.65625 
137	25    	0.453375 	0.264062 	0.628906
138	25    	0.434938 	0.207813 	0.684375
139	25    	0.435344 	0.0296875	0.626562
140	25    	0.411313 	0.253125 	0.720312
141	25    	0.463031 	0.30625  	0.60625 
142	25    	0.423063 	0.313281 	0.546875
143	25    	0.434938 	0.251563 	0.617188
144	25    	0.447687 	0.325781 	0.611719
145	25    	0.425375 	0.247656 	0.647656
146	25    	0.459937 	0.345313 	0.678125
147	25    	0.438656 	0.304688 	0.685156
148	25    	0.457562 	0.310937 	0.626562
149	25    	0.474594 	0.153125 	0.720312
150	25    	0.448719 	0.225    	0.584375
151	25    	0.468687 	0.357031 	0.639063
152	25    	0.451188 	0.189844 	0.726562
153	25    	0.444812 	0.194531 	0.634375
154	25    	0.432625 	0.117188 	0.696875
155	25    	0.421094 	0.213281 	0.551562
156	25    	0.398906 	0.189844 	0.585156
157	25    	0.425312 	0.249219 	0.541406
158	25    	0.450062 	0.245312 	0.621875
159	25    	0.479875 	0.239844 	0.6875  
160	25    	0.471344 	0.229687 	0.657031
161	25    	0.456063 	0.208594 	0.683594
162	25    	0.480312 	0.279687 	0.664844
163	25    	0.454281 	0.294531 	0.659375
164	25    	0.447656 	0.292969 	0.60625 
165	25    	0.484    	0.304688 	0.589844
166	25    	0.471656 	0.332812 	0.692969
167	25    	0.463375 	0.276563 	0.707812
168	25    	0.484563 	0.342187 	0.61875 
169	25    	0.465625 	0.305469 	0.608594
170	25    	0.488    	0.364844 	0.626562
171	25    	0.457219 	0.289844 	0.660156
172	25    	0.505969 	0.324219 	0.733594
173	25    	0.516344 	0.371094 	0.734375
174	25    	0.469188 	0.302344 	0.726562
175	25    	0.487344 	0.3125   	0.671875
176	25    	0.487719 	0.350781 	0.660937
177	25    	0.48925  	0.297656 	0.739062
178	25    	0.503406 	0.382031 	0.73125 
179	25    	0.482656 	0.294531 	0.699219
180	25    	0.482344 	0.320312 	0.7125  
181	25    	0.480594 	0.305469 	0.707812
182	25    	0.472469 	0.278906 	0.652344
183	25    	0.474062 	0.342969 	0.591406
184	25    	0.467438 	0.311719 	0.659375
185	25    	0.484625 	0.34375  	0.622656
186	25    	0.490656 	0.364062 	0.679688
187	25    	0.5025   	0.346875 	0.70625 
188	25    	0.475469 	0.239063 	0.809375
189	25    	0.47875  	0.289062 	0.6625  
190	25    	0.504281 	0.369531 	0.667969
191	25    	0.466062 	0.347656 	0.664844
192	25    	0.511906 	0.31875  	0.700781
193	25    	0.525031 	0.377344 	0.667188
194	25    	0.530187 	0.317187 	0.767187
195	25    	0.534938 	0.399219 	0.803125
196	25    	0.576906 	0.265625 	0.810938
197	25    	0.555094 	0.295312 	0.864062
198	25    	0.576656 	0.334375 	0.735937
199	25    	0.560188 	0.304688 	0.753125
200	25    	0.590562 	0.24375  	0.844531
201	25    	0.577437 	0.377344 	0.857031
202	25    	0.589313 	0.367188 	0.809375
203	25    	0.582406 	0.41875  	0.766406
204	25    	0.562219 	0.3625   	0.807031
205	25    	0.577719 	0.378906 	0.746875
206	25    	0.612031 	0.403906 	0.767187
207	25    	0.568625 	0.411719 	0.710156
208	25    	0.572969 	0.346094 	0.815625
209	25    	0.582906 	0.385156 	0.871094
210	25    	0.57825  	0.344531 	0.828906
211	25    	0.584375 	0.410156 	0.763281
212	25    	0.595906 	0.396094 	0.732031
213	25    	0.611688 	0.432813 	0.774219
214	25    	0.577406 	0.457812 	0.795313
215	25    	0.585344 	0.421094 	0.765625
216	25    	0.602375 	0.415625 	0.858594
217	25    	0.565937 	0.353125 	0.74375 
218	25    	0.587656 	0.413281 	0.865625
219	25    	0.577719 	0.391406 	0.786719
220	25    	0.597688 	0.453125 	0.769531
221	25    	0.586687 	0.440625 	0.773438
222	25    	0.609312 	0.427344 	0.771094
223	25    	0.591094 	0.396875 	0.777344
224	25    	0.628375 	0.499219 	0.86875 
225	25    	0.589156 	0.428125 	0.804688
226	25    	0.552438 	0.386719 	0.707031
227	25    	0.614375 	0.394531 	0.807031
228	25    	0.594625 	0.403906 	0.732031
229	25    	0.61725  	0.465625 	0.830469
230	25    	0.609375 	0.43125  	0.878125
231	25    	0.576094 	0.299219 	0.778906
232	25    	0.57125  	0.39375  	0.817187
233	25    	0.563219 	0.184375 	0.821094
234	25    	0.60375  	0.430469 	0.7625  
235	25    	0.604094 	0.372656 	0.810938
236	25    	0.578687 	0.382812 	0.814844
237	25    	0.573906 	0.369531 	0.800781
238	25    	0.586594 	0.453906 	0.705469
239	25    	0.597281 	0.397656 	0.749219
240	25    	0.608313 	0.425    	0.822656
241	25    	0.596219 	0.369531 	0.819531
242	25    	0.596187 	0.478125 	0.804688
243	25    	0.585625 	0.469531 	0.698438
244	25    	0.586219 	0.470313 	0.713281
245	25    	0.612375 	0.426562 	0.780469
246	25    	0.586187 	0.392969 	0.753906
247	25    	0.608719 	0.447656 	0.8375  
248	25    	0.593094 	0.396875 	0.724219
249	25    	0.606875 	0.332031 	0.805469
250	25    	0.602125 	0.46875  	0.7875  
251	25    	0.62     	0.401563 	0.85    
252	25    	0.583969 	0.369531 	0.770312
253	25    	0.601969 	0.459375 	0.769531
254	25    	0.584563 	0.409375 	0.757812
255	25    	0.590875 	0.425781 	0.757812
256	25    	0.603094 	0.46875  	0.949219
257	25    	0.62575  	0.371094 	0.884375
258	25    	0.630375 	0.421875 	0.813281
259	25    	0.581063 	0.4      	0.872656
260	25    	0.599656 	0.352344 	0.820312
261	25    	0.604062 	0.413281 	0.814844
262	25    	0.580281 	0.309375 	0.783594
263	25    	0.578906 	0.425781 	0.771875
264	25    	0.624813 	0.253125 	0.846875
265	25    	0.596    	0.349219 	0.827344
266	25    	0.623156 	0.473437 	0.867188
267	25    	0.608313 	0.386719 	0.836719
268	25    	0.593219 	0.348437 	0.889844
269	25    	0.622406 	0.435156 	0.869531
270	25    	0.559844 	0.403125 	0.744531
271	25    	0.610156 	0.354688 	0.764063
272	25    	0.583125 	0.364844 	0.773438
273	25    	0.571531 	0.385156 	0.761719
274	25    	0.612844 	0.245312 	0.917969
275	25    	0.602562 	0.40625  	0.80625 
276	25    	0.629594 	0.501562 	0.778906
277	25    	0.611688 	0.446094 	0.829687
278	25    	0.610188 	0.420312 	0.726562
279	25    	0.60075  	0.434375 	0.803125
280	25    	0.64075  	0.460938 	0.842188
281	25    	0.616312 	0.451562 	0.863281
282	25    	0.584188 	0.411719 	0.751562
283	25    	0.622844 	0.415625 	0.84375 
284	25    	0.618531 	0.450781 	0.830469
285	25    	0.634281 	0.369531 	0.852344
286	25    	0.642031 	0.501562 	0.798437
287	25    	0.600375 	0.392188 	0.7625  
288	25    	0.61425  	0.298438 	0.878906
289	25    	0.609937 	0.314844 	0.875   
290	25    	0.579687 	0.3875   	0.694531
291	25    	0.621313 	0.348437 	0.772656
292	25    	0.610688 	0.451562 	0.854688
293	25    	0.599188 	0.41875  	0.807813
294	25    	0.622781 	0.371094 	0.9     
295	25    	0.607313 	0.446094 	0.875   
296	25    	0.637156 	0.466406 	0.841406
297	25    	0.596812 	0.457031 	0.79375 
298	25    	0.633125 	0.480469 	0.819531
299	25    	0.623937 	0.471094 	0.786719
300	25    	0.597094 	0.075    	0.863281
301	25    	0.610812 	0.379687 	0.844531
302	25    	0.592219 	0.396875 	0.810156
303	25    	0.591188 	0.432813 	0.774219
304	25    	0.583719 	0.35     	0.9125  
305	25    	0.577469 	0.425781 	0.701563
306	25    	0.620406 	0.478125 	0.980469
307	25    	0.606719 	0.422656 	0.809375
308	25    	0.597313 	0.422656 	0.853906
309	25    	0.614906 	0.405469 	0.805469
310	25    	0.603062 	0.438281 	0.757812
311	25    	0.651937 	0.44375  	0.857031
312	25    	0.596906 	0.413281 	0.866406
313	25    	0.598719 	0.342187 	0.81875 
314	25    	0.594344 	0.388281 	0.801562
315	25    	0.599719 	0.41875  	0.917188
316	25    	0.663094 	0.540625 	0.774219
317	25    	0.630656 	0.454688 	0.785156
318	25    	0.622031 	0.392969 	0.797656
319	25    	0.618094 	0.390625 	0.835156
320	25    	0.591375 	0.438281 	0.726562
321	25    	0.624031 	0.467187 	0.791406
322	25    	0.617125 	0.461719 	0.764844
323	25    	0.6275   	0.425    	0.828125
324	25    	0.6475   	0.409375 	0.853906
325	25    	0.598437 	0.414844 	0.841406
326	25    	0.643719 	0.360938 	0.925781
327	25    	0.596688 	0.395312 	0.814844
328	25    	0.635719 	0.414844 	0.822656
329	25    	0.596375 	0.453125 	0.728125
330	25    	0.630281 	0.374219 	0.825   
331	25    	0.619906 	0.428906 	0.845312
332	25    	0.615281 	0.471875 	0.796875
333	25    	0.618187 	0.430469 	0.846094
334	25    	0.626719 	0.111719 	0.861719
335	25    	0.5855   	0.377344 	0.904688
336	25    	0.665844 	0.540625 	0.903125
337	25    	0.611406 	0.459375 	0.813281
338	25    	0.597344 	0.432813 	0.842969
339	25    	0.598938 	0.410937 	0.770312
340	25    	0.61175  	0.4375   	0.86875 
341	25    	0.614125 	0.414844 	0.846094
342	25    	0.638781 	0.446094 	0.816406
343	25    	0.614625 	0.401563 	0.84375 
344	25    	0.648844 	0.485938 	0.876562
345	25    	0.632031 	0.378906 	0.884375
346	25    	0.636406 	0.4375   	0.739062
347	25    	0.631062 	0.407031 	0.821094
348	25    	0.643219 	0.477344 	0.815625
349	25    	0.647687 	0.46875  	0.800781
350	25    	0.591156 	0.395312 	0.813281
351	25    	0.60575  	0.4125   	0.849219
352	25    	0.601563 	0.382031 	0.803125
353	25    	0.622656 	0.425    	0.745313
354	25    	0.636344 	0.473437 	0.794531
355	25    	0.661687 	0.445312 	0.914844
356	25    	0.599844 	0.266406 	0.845312
357	25    	0.62475  	0.414062 	0.823438
358	25    	0.630687 	0.388281 	0.865625
359	25    	0.628687 	0.483594 	0.828906
360	25    	0.632594 	0.420312 	0.93125 
361	25    	0.603625 	0.41875  	0.769531
362	25    	0.630156 	0.377344 	0.875   
363	25    	0.637875 	0.491406 	0.794531
364	25    	0.637688 	0.4375   	0.827344
365	25    	0.5915   	0.367188 	0.782812
366	25    	0.635781 	0.473437 	0.80625 
367	25    	0.609813 	0.464844 	0.771094
368	25    	0.622938 	0.389062 	0.771875
369	25    	0.631656 	0.360156 	0.819531
370	25    	0.6305   	0.46875  	0.794531
371	25    	0.608094 	0.388281 	0.789844
372	25    	0.625094 	0.439844 	0.842188
373	25    	0.627969 	0.444531 	0.822656
374	25    	0.583969 	0.384375 	0.798437
375	25    	0.600187 	0.444531 	0.759375
376	25    	0.601375 	0.382031 	0.835938
377	25    	0.642406 	0.410156 	0.938281
378	25    	0.58225  	0.414844 	0.864844
379	25    	0.585219 	0.421875 	0.8     
380	25    	0.616719 	0.425781 	0.878125
381	25    	0.591094 	0.425    	0.753125
382	25    	0.626094 	0.414062 	0.832812
383	25    	0.603656 	0.395312 	0.828906
384	25    	0.631594 	0.410937 	0.848437
385	25    	0.632125 	0.471094 	0.841406
386	25    	0.623344 	0.375781 	0.863281
387	25    	0.634562 	0.391406 	0.810156
388	25    	0.60625  	0.414062 	0.833594
389	25    	0.605156 	0.401563 	0.876562
390	25    	0.638031 	0.476562 	0.851562
391	25    	0.622375 	0.351562 	0.838281
392	25    	0.643875 	0.45     	0.799219
393	25    	0.636562 	0.4625   	0.826563
394	25    	0.614656 	0.476562 	0.788281
395	25    	0.576469 	0.348437 	0.767187
396	25    	0.642969 	0.49375  	0.808594
397	25    	0.617625 	0.411719 	0.814062
398	25    	0.609844 	0.416406 	0.763281
399	25    	0.606094 	0.478125 	0.758594
400	25    	0.622312 	0.448438 	0.835156
401	25    	0.57675  	0.323438 	0.863281
402	25    	0.636937 	0.394531 	0.914062
403	25    	0.612531 	0.383594 	0.829687
404	25    	0.611125 	0.389844 	0.784375
405	25    	0.554312 	0.320312 	0.834375
406	25    	0.591312 	0.414062 	0.753125
407	25    	0.624    	0.475    	0.842188
408	25    	0.615156 	0.48125  	0.7875  
409	25    	0.631844 	0.325    	0.977344
410	25    	0.622031 	0.453125 	0.785937
411	25    	0.621281 	0.385156 	0.833594
412	25    	0.591656 	0.401563 	0.915625
413	25    	0.632406 	0.417188 	0.873438
414	25    	0.62825  	0.467187 	0.878906
415	25    	0.637031 	0.383594 	0.870313
416	25    	0.6075   	0.428906 	0.825   
417	25    	0.563906 	0.20625  	0.803906
418	25    	0.603062 	0.459375 	0.773438
419	25    	0.596594 	0.433594 	0.81875 
420	25    	0.641781 	0.355469 	0.817969
421	25    	0.609906 	0.366406 	0.799219
422	25    	0.635969 	0.464844 	0.819531
423	25    	0.615188 	0.423438 	0.76875 
424	25    	0.620469 	0.4625   	0.760938
425	25    	0.592625 	0.385938 	0.839844
426	25    	0.621    	0.389062 	0.771875
427	25    	0.637781 	0.396094 	0.820312
428	25    	0.601406 	0.407031 	0.832031
429	25    	0.610156 	0.453906 	0.860156
430	25    	0.635656 	0.427344 	0.81875 
431	25    	0.598125 	0.392188 	0.732813
432	25    	0.56425  	0.325781 	0.75625 
433	25    	0.608969 	0.425781 	0.746875
434	25    	0.599906 	0.421875 	0.91875 
435	25    	0.595188 	0.392969 	0.780469
436	25    	0.560906 	0.407031 	0.785156
437	25    	0.588469 	0.401563 	0.755469
438	25    	0.573937 	0.338281 	0.875781
439	25    	0.577938 	0.322656 	0.760156
440	25    	0.544437 	0.360938 	0.890625
441	25    	0.576281 	0.316406 	0.723437
442	25    	0.586938 	0.352344 	0.726562
443	25    	0.589437 	0.232031 	0.855469
444	25    	0.576906 	0.389844 	0.833594
445	25    	0.589125 	0.352344 	0.7125  
446	25    	0.602875 	0.410937 	0.804688
447	25    	0.58075  	0.446875 	0.809375
448	25    	0.632687 	0.425781 	0.807813
449	25    	0.611    	0.414844 	0.838281
450	25    	0.598625 	0.438281 	0.75    
451	25    	0.617813 	0.44375  	0.79375 
452	25    	0.617875 	0.357031 	0.8625  
453	25    	0.604406 	0.333594 	0.838281
454	25    	0.652281 	0.472656 	0.877344
455	25    	0.614594 	0.402344 	0.76875 
456	25    	0.599969 	0.436719 	0.726562
457	25    	0.629531 	0.436719 	0.860156
458	25    	0.612562 	0.469531 	0.859375
459	25    	0.661594 	0.510938 	0.795313
460	25    	0.597938 	0.385938 	0.814844
461	25    	0.579938 	0.426562 	0.750781
462	25    	0.598062 	0.34375  	0.757812
463	25    	0.642687 	0.4875   	0.871094
464	25    	0.587063 	0.428906 	0.8     
465	25    	0.608125 	0.471875 	0.811719
466	25    	0.587656 	0.367969 	0.802344
467	25    	0.623594 	0.432813 	0.767969
468	25    	0.583688 	0.444531 	0.817969
469	25    	0.615437 	0.455469 	0.850781
470	25    	0.609156 	0.446875 	0.8625  
471	25    	0.613687 	0.447656 	0.854688
472	25    	0.617531 	0.414062 	0.814062
473	25    	0.612062 	0.367969 	0.80625 
474	25    	0.616719 	0.404687 	0.821875
475	25    	0.589875 	0.455469 	0.880469
476	25    	0.589375 	0.376563 	0.853906
477	25    	0.614594 	0.382031 	0.851562
478	25    	0.57975  	0.389062 	0.722656
479	25    	0.5775   	0.395312 	0.73125 
480	25    	0.571062 	0.364844 	0.707812
481	25    	0.623437 	0.4375   	0.816406
482	25    	0.579813 	0.434375 	0.7125  
483	25    	0.573781 	0.3875   	0.747656
484	25    	0.615313 	0.415625 	0.811719
485	25    	0.615437 	0.441406 	0.742969
486	25    	0.6045   	0.371875 	0.770312
487	25    	0.644719 	0.449219 	0.863281
488	25    	0.656125 	0.470313 	0.8125  
489	25    	0.620281 	0.445312 	0.842188
490	25    	0.612156 	0.425    	0.864062
491	25    	0.601312 	0.425781 	0.817187
492	25    	0.619437 	0.414062 	0.803906
493	25    	0.638594 	0.372656 	0.882812
494	25    	0.643813 	0.501562 	0.874219
495	25    	0.566531 	0.407813 	0.717969
496	25    	0.566    	0.2875   	0.75    
497	25    	0.592937 	0.400781 	0.791406
498	25    	0.595938 	0.490625 	0.73125 
499	25    	0.629094 	0.457812 	0.789844
500	25    	0.597875 	0.36875  	0.778125